MSG	906974 TRIAL 18 START
MSG	909270 DRIFTCORRECT L LEFT  at 960,540  OFFSET 0.23 deg.  -4.1,7.4 pix.
MSG	910027 RECCFG P 500 2 1 
MSG	910027 GAZE_COORDS 0.00 0.00 1919.00 1079.00
START	910028 	LEFT	SAMPLES	EVENTS
PRESCALER	1
VPRESCALER	1
PUPIL	AREA
EVENTS	GAZE	LEFT	RATE	 500.00	TRACKING	P	FILTER	2
SAMPLES	GAZE	LEFT	RATE	 500.00	TRACKING	P	FILTER	2
MSG	910028 !MODE RECORD P 500 2 1
910028	  847.3	  458.7	  412.0	.
910030	  847.3	  459.8	  412.0	.
910032	  847.6	  460.9	  412.0	.
910034	  847.3	  464.4	  412.0	.
SFIX L   910036
910036	  847.6	  465.7	  410.0	.
910038	  847.9	  467.0	  409.0	.
910040	  847.4	  466.8	  409.0	.
910042	  847.3	  466.5	  409.0	.
910044	  847.3	  467.0	  409.0	.
910046	  846.6	  467.7	  409.0	.
910048	  846.6	  467.4	  409.0	.
910050	  846.7	  467.4	  409.0	.
910052	  846.3	  467.5	  409.0	.
910054	  846.5	  467.8	  409.0	.
910056	  846.3	  469.1	  411.0	.
910058	  846.1	  470.0	  413.0	.
910060	  845.9	  470.1	  413.0	.
910062	  846.1	  470.2	  411.0	.
910064	  845.8	  470.2	  410.0	.
910066	  846.5	  470.0	  410.0	.
910068	  847.1	  470.2	  410.0	.
910070	  847.1	  470.6	  410.0	.
910072	  847.1	  471.5	  411.0	.
910074	  846.9	  471.5	  413.0	.
910076	  846.8	  472.1	  413.0	.
910078	  846.3	  472.9	  413.0	.
910080	  846.3	  472.9	  410.0	.
910082	  846.1	  473.1	  410.0	.
910084	  846.9	  472.9	  411.0	.
910086	  847.7	  472.8	  412.0	.
910088	  847.2	  472.7	  413.0	.
910090	  846.8	  472.7	  415.0	.
910092	  846.7	  472.7	  415.0	.
910094	  846.6	  472.5	  415.0	.
910096	  846.9	  472.7	  415.0	.
910098	  847.2	  473.0	  414.0	.
910100	  847.6	  473.1	  414.0	.
910102	  847.1	  473.4	  416.0	.
910104	  846.6	  473.5	  416.0	.
910106	  846.0	  473.6	  415.0	.
910108	  845.7	  473.3	  415.0	.
910110	  845.4	  472.9	  416.0	.
910112	  845.5	  472.7	  416.0	.
910114	  845.7	  472.6	  415.0	.
910116	  846.5	  471.7	  415.0	.
910118	  845.5	  471.8	  414.0	.
910120	  847.1	  471.9	  414.0	.
910122	  847.0	  471.6	  414.0	.
910124	  847.0	  472.4	  412.0	.
910126	  847.0	  472.7	  412.0	.
910128	  847.0	  472.9	  416.0	.
910130	  847.1	  474.0	  417.0	.
910132	  846.9	  475.0	  416.0	.
910134	  846.6	  477.5	  416.0	.
910136	  846.0	  478.3	  416.0	.
MSG	910138 Start Recording with 0
MSG	910138 SYNCTIME
910138	  845.7	  477.3	  416.0	.
910140	  845.5	  477.1	  416.0	.
910142	  845.9	  477.1	  416.0	.
910144	  846.3	  477.1	  416.0	.
910146	  846.0	  477.5	  416.0	.
910148	  845.7	  479.0	  416.0	.
910150	  844.9	  479.7	  418.0	.
MSG	910151 DSP: FIXATION
910152	  844.8	  480.2	  418.0	.
910154	  844.7	  482.6	  418.0	.
910156	  844.8	  481.5	  418.0	.
910158	  845.0	  481.2	  418.0	.
910160	  844.6	  481.4	  418.0	.
910162	  845.1	  481.1	  419.0	.
910164	  845.1	  480.8	  418.0	.
910166	  845.0	  480.1	  419.0	.
910168	  845.3	  478.5	  419.0	.
910170	  845.6	  477.9	  419.0	.
910172	  845.7	  477.9	  420.0	.
910174	  845.7	  477.9	  420.0	.
910176	  846.6	  477.6	  419.0	.
910178	  847.1	  477.8	  420.0	.
910180	  847.5	  477.7	  420.0	.
910182	  847.3	  477.6	  420.0	.
910184	  847.1	  477.6	  420.0	.
910186	  847.3	  477.6	  420.0	.
910188	  847.1	  477.7	  420.0	.
910190	  847.1	  478.2	  420.0	.
910192	  848.5	  478.5	  421.0	.
910194	  847.9	  478.6	  421.0	.
910196	  848.2	  478.4	  420.0	.
910198	  848.2	  478.6	  419.0	.
910200	  848.1	  479.0	  419.0	.
910202	  847.8	  480.4	  419.0	.
910204	  849.1	  480.3	  419.0	.
910206	  850.5	  478.5	  419.0	.
910208	  849.9	  477.9	  419.0	.
910210	  850.6	  476.9	  418.0	.
910212	  850.2	  476.8	  418.0	.
910214	  849.9	  476.5	  417.0	.
910216	  850.6	  475.8	  417.0	.
910218	  851.6	  475.7	  418.0	.
910220	  851.9	  475.8	  418.0	.
910222	  852.3	  475.7	  417.0	.
910224	  852.4	  475.8	  417.0	.
910226	  851.8	  474.8	  415.0	.
910228	  852.1	  474.5	  413.0	.
910230	  851.7	  474.1	  413.0	.
910232	  851.8	  474.3	  413.0	.
910234	  852.1	  474.3	  413.0	.
910236	  852.2	  473.5	  412.0	.
910238	  852.6	  472.4	  412.0	.
910240	  852.5	  472.6	  410.0	.
910242	  852.3	  472.6	  410.0	.
910244	  852.0	  471.0	  409.0	.
910246	  851.9	  469.1	  409.0	.
910248	  852.3	  469.9	  409.0	.
910250	  852.2	  468.9	  409.0	.
910252	  851.9	  469.8	  409.0	.
910254	  852.5	  470.4	  408.0	.
910256	  852.4	  470.7	  409.0	.
910258	  852.3	  470.8	  409.0	.
910260	  852.1	  471.0	  409.0	.
910262	  851.9	  471.0	  409.0	.
910264	  851.8	  471.1	  410.0	.
910266	  852.0	  471.3	  410.0	.
910268	  851.9	  471.3	  410.0	.
910270	  852.0	  471.1	  410.0	.
910272	  852.7	  471.4	  410.0	.
910274	  852.9	  471.6	  409.0	.
910276	  853.0	  471.6	  409.0	.
910278	  852.7	  472.0	  408.0	.
910280	  852.4	  472.4	  408.0	.
910282	  853.6	  472.9	  408.0	.
EFIX L   910036	910282	248	  848.2	  473.9	    414
SSACC L  910284
910284	  854.8	  473.5	  406.0	.
910286	  858.2	  473.7	  406.0	.
910288	  865.3	  476.5	  406.0	.
910290	  874.9	  478.4	  407.0	.
910292	  890.4	  486.9	  408.0	.
910294	  903.7	  490.5	  411.0	.
910296	  923.5	  498.6	  411.0	.
910298	  939.2	  499.9	  409.0	.
910300	  948.3	  507.2	  408.0	.
910302	  951.6	  507.2	  407.0	.
910304	  951.8	  507.0	  407.0	.
910306	  951.8	  507.1	  407.0	.
ESACC L  910284	910306	24	  854.8	  473.5	  951.8	  507.0	   2.64	    201
SFIX L   910308
910308	  951.7	  506.7	  403.0	.
910310	  952.3	  506.3	  402.0	.
910312	  952.3	  505.4	  402.0	.
910314	  951.9	  501.9	  402.0	.
910316	  951.8	  501.5	  402.0	.
910318	  951.3	  500.7	  402.0	.
910320	  951.0	  500.5	  402.0	.
910322	  950.5	  500.3	  402.0	.
910324	  949.6	  500.1	  401.0	.
910326	  948.5	  500.3	  400.0	.
910328	  948.3	  500.4	  399.0	.
910330	  948.8	  499.8	  399.0	.
910332	  949.2	  499.9	  398.0	.
910334	  949.3	  500.0	  398.0	.
910336	  949.0	  500.1	  398.0	.
910338	  948.6	  500.6	  396.0	.
910340	  948.6	  500.7	  396.0	.
910342	  948.4	  500.5	  396.0	.
910344	  948.4	  501.7	  396.0	.
910346	  948.1	  501.1	  396.0	.
910348	  948.4	  502.4	  396.0	.
910350	  948.5	  503.8	  395.0	.
910352	  948.8	  503.9	  394.0	.
910354	  948.8	  504.1	  394.0	.
910356	  949.1	  504.7	  394.0	.
910358	  947.6	  504.7	  393.0	.
910360	  947.6	  506.9	  393.0	.
910362	  947.3	  506.2	  393.0	.
910364	  944.8	  505.9	  392.0	.
910366	  945.1	  507.1	  391.0	.
910368	  945.7	  508.2	  390.0	.
910370	  945.8	  509.6	  389.0	.
910372	  945.9	  510.9	  389.0	.
910374	  945.7	  511.6	  388.0	.
910376	  946.6	  511.6	  387.0	.
910378	  947.2	  511.6	  387.0	.
910380	  947.8	  511.7	  387.0	.
910382	  946.9	  511.5	  386.0	.
910384	  946.3	  512.3	  386.0	.
910386	  946.1	  511.9	  384.0	.
910388	  946.3	  511.5	  383.0	.
910390	  946.3	  512.1	  383.0	.
910392	  946.6	  511.3	  383.0	.
910394	  947.3	  511.1	  383.0	.
910396	  947.3	  511.1	  382.0	.
910398	  947.1	  511.1	  382.0	.
910400	  946.5	  508.5	  379.0	.
910402	  947.1	  507.9	  379.0	.
910404	  948.0	  508.2	  379.0	.
910406	  947.4	  508.8	  379.0	.
910408	  948.0	  509.3	  379.0	.
910410	  948.3	  509.4	  377.0	.
910412	  948.7	  509.0	  377.0	.
910414	  948.5	  508.6	  377.0	.
910416	  948.4	  507.6	  371.0	.
910418	  948.6	  506.5	  369.0	.
910420	  948.5	  505.6	  369.0	.
910422	  948.3	  505.3	  368.0	.
910424	  948.4	  505.4	  368.0	.
910426	  948.6	  504.8	  368.0	.
910428	  948.8	  505.7	  368.0	.
910430	  949.6	  505.6	  368.0	.
910432	  949.2	  505.8	  366.0	.
910434	  948.5	  505.0	  365.0	.
910436	  948.6	  504.8	  365.0	.
910438	  949.4	  504.7	  365.0	.
910440	  950.4	  504.6	  361.0	.
910442	  950.5	  504.2	  361.0	.
910444	  950.7	  504.1	  361.0	.
910446	  951.1	  504.0	  357.0	.
910448	  950.9	  504.0	  356.0	.
910450	  951.6	  502.9	  356.0	.
910452	  951.5	  503.2	  355.0	.
910454	  951.2	  503.1	  354.0	.
910456	  951.0	  503.7	  354.0	.
910458	  951.2	  503.7	  352.0	.
910460	  951.4	  503.7	  351.0	.
910462	  951.9	  503.5	  349.0	.
910464	  951.6	  503.1	  348.0	.
910466	  951.3	  502.5	  347.0	.
910468	  951.8	  502.2	  347.0	.
910470	  952.2	  502.7	  344.0	.
910472	  952.0	  503.3	  344.0	.
910474	  951.7	  503.7	  343.0	.
910476	  951.0	  504.2	  343.0	.
910478	  950.7	  504.4	  343.0	.
910480	  950.7	  504.7	  343.0	.
910482	  951.0	  504.4	  338.0	.
910484	  951.4	  504.5	  338.0	.
910486	  952.4	  504.4	  338.0	.
910488	  953.4	  504.4	  338.0	.
910490	  953.5	  504.1	  337.0	.
910492	  953.6	  504.8	  337.0	.
910494	  954.1	  505.3	  336.0	.
910496	  954.2	  505.8	  336.0	.
910498	  954.4	  506.3	  335.0	.
910500	  955.3	  506.6	  333.0	.
910502	  955.6	  506.9	  331.0	.
910504	  955.6	  507.2	  329.0	.
910506	  955.7	  507.5	  328.0	.
910508	  955.9	  508.2	  326.0	.
910510	  955.7	  508.4	  326.0	.
910512	  955.8	  508.3	  326.0	.
910514	  955.9	  508.3	  323.0	.
910516	  955.3	  508.2	  323.0	.
910518	  955.4	  508.1	  323.0	.
910520	  955.3	  508.1	  323.0	.
910522	  955.1	  508.9	  319.0	.
910524	  955.5	  509.2	  318.0	.
910526	  955.5	  509.6	  317.0	.
910528	  955.4	  508.8	  315.0	.
910530	  955.4	  509.1	  313.0	.
910532	  955.5	  508.9	  313.0	.
910534	  955.1	  509.3	  311.0	.
910536	  955.6	  509.3	  311.0	.
910538	  955.7	  509.3	  310.0	.
910540	  955.3	  507.7	  310.0	.
910542	  955.4	  508.9	  310.0	.
910544	  955.2	  508.3	  307.0	.
910546	  954.8	  507.8	  305.0	.
910548	  954.7	  509.2	  303.0	.
910550	  955.1	  509.2	  303.0	.
910552	  955.4	  509.2	  303.0	.
910554	  955.6	  509.6	  301.0	.
910556	  955.7	  510.1	  300.0	.
910558	  956.6	  509.8	  297.0	.
910560	  957.5	  510.9	  295.0	.
910562	  957.9	  509.9	  293.0	.
910564	  957.7	  510.1	  292.0	.
910566	  957.9	  510.2	  292.0	.
910568	  958.0	  510.2	  290.0	.
910570	  958.6	  511.5	  289.0	.
910572	  958.0	  513.0	  288.0	.
910574	  958.5	  511.1	  287.0	.
910576	  959.1	  512.7	  286.0	.
910578	  959.8	  514.2	  283.0	.
910580	  959.6	  513.7	  282.0	.
910582	  960.2	  513.0	  281.0	.
910584	  960.7	  512.8	  281.0	.
910586	  960.1	  512.7	  281.0	.
910588	  959.3	  510.1	  280.0	.
910590	  958.9	  510.0	  281.0	.
910592	  959.4	  510.0	  281.0	.
910594	  959.7	  511.8	  281.0	.
910596	  959.7	  511.4	  281.0	.
910598	  960.3	  510.6	  279.0	.
910600	  960.8	  510.4	  279.0	.
910602	  962.1	  511.4	  279.0	.
910604	  962.4	  510.8	  276.0	.
910606	  962.8	  510.1	  274.0	.
910608	  965.7	  507.4	  271.0	.
910610	  968.8	  507.0	  268.0	.
910612	  968.8	  506.6	  265.0	.
910614	  968.8	  507.4	  265.0	.
910616	  970.6	  507.1	  265.0	.
910618	  970.0	  506.9	  264.0	.
910620	  969.3	  506.6	  264.0	.
910622	  967.9	  506.2	  263.0	.
910624	  968.2	  507.1	  261.0	.
910626	  968.6	  507.8	  261.0	.
910628	  968.6	  510.0	  261.0	.
910630	  969.3	  510.7	  258.0	.
910632	  969.8	  511.0	  258.0	.
910634	  969.2	  511.1	  258.0	.
910636	  968.9	  511.2	  258.0	.
910638	  968.6	  510.9	  258.0	.
910640	  968.2	  510.7	  258.0	.
910642	  967.9	  511.6	  258.0	.
910644	  967.7	  511.9	  256.0	.
910646	  968.3	  511.9	  256.0	.
910648	  967.8	  512.3	  256.0	.
910650	  967.2	  512.4	  255.0	.
910652	  965.5	  513.2	  255.0	.
910654	  966.0	  513.6	  254.0	.
910656	  965.7	  513.8	  254.0	.
910658	  965.4	  513.7	  254.0	.
910660	  965.1	  513.7	  254.0	.
910662	  965.1	  513.5	  254.0	.
910664	  965.1	  514.4	  253.0	.
910666	  965.5	  515.3	  253.0	.
910668	  965.4	  515.7	  253.0	.
910670	  965.2	  515.5	  253.0	.
910672	  964.2	  515.5	  253.0	.
910674	  964.9	  514.7	  252.0	.
910676	  965.5	  513.5	  251.0	.
910678	  966.3	  514.1	  249.0	.
910680	  966.4	  514.8	  248.0	.
910682	  966.3	  515.3	  247.0	.
910684	  966.2	  515.6	  247.0	.
910686	  966.2	  515.6	  247.0	.
910688	  966.1	  515.0	  247.0	.
910690	  966.7	  514.3	  248.0	.
910692	  966.8	  513.3	  247.0	.
910694	  967.1	  513.0	  247.0	.
910696	  967.2	  512.9	  247.0	.
910698	  967.5	  512.8	  247.0	.
910700	  971.7	  511.0	  246.0	.
910702	  970.8	  509.9	  246.0	.
910704	  971.3	  510.5	  245.0	.
910706	  971.8	  510.6	  244.0	.
910708	  972.1	  510.7	  244.0	.
910710	  971.2	  510.3	  243.0	.
910712	  970.8	  509.8	  242.0	.
910714	  970.5	  509.8	  242.0	.
910716	  969.6	  510.0	  241.0	.
910718	  969.4	  510.1	  239.0	.
910720	  970.0	  510.2	  237.0	.
910722	  970.6	  508.9	  237.0	.
910724	  971.2	  510.1	  237.0	.
910726	  971.8	  509.4	  238.0	.
910728	  971.2	  508.9	  238.0	.
910730	  971.7	  508.2	  238.0	.
910732	  972.1	  507.5	  237.0	.
910734	  972.3	  507.5	  237.0	.
910736	  972.3	  507.7	  237.0	.
910738	  972.4	  508.4	  237.0	.
910740	  971.8	  508.7	  236.0	.
910742	  971.1	  508.9	  236.0	.
910744	  970.9	  508.0	  236.0	.
910746	  970.7	  507.0	  236.0	.
910748	  969.3	  507.9	  235.0	.
910750	  969.6	  507.0	  234.0	.
910752	  969.5	  507.8	  234.0	.
910754	  970.0	  508.4	  234.0	.
910756	  969.8	  508.1	  234.0	.
910758	  969.6	  507.7	  233.0	.
910760	  969.6	  508.2	  233.0	.
910762	  970.3	  508.2	  233.0	.
910764	  970.9	  508.2	  233.0	.
910766	  970.1	  507.9	  233.0	.
910768	  970.5	  507.7	  232.0	.
910770	  970.6	  507.7	  232.0	.
910772	  970.7	  507.6	  232.0	.
910774	  970.6	  507.7	  232.0	.
910776	  970.5	  507.5	  232.0	.
910778	  970.3	  507.4	  232.0	.
910780	  970.1	  506.6	  232.0	.
910782	  970.1	  506.9	  230.0	.
910784	  970.1	  507.2	  230.0	.
910786	  968.0	  509.0	  234.0	.
910788	  968.5	  509.8	  234.0	.
910790	  967.9	  510.3	  233.0	.
910792	  968.3	  510.5	  233.0	.
910794	  968.6	  510.5	  233.0	.
910796	  968.6	  510.4	  233.0	.
910798	  968.6	  510.8	  233.0	.
910800	  969.8	  512.3	  233.0	.
910802	  969.4	  512.4	  233.0	.
910804	  969.2	  512.4	  233.0	.
910806	  967.7	  513.8	  233.0	.
910808	  966.7	  514.3	  232.0	.
910810	  966.3	  514.8	  232.0	.
910812	  966.4	  515.2	  232.0	.
910814	  966.2	  514.3	  232.0	.
910816	  966.2	  514.8	  232.0	.
910818	  966.0	  512.8	  231.0	.
910820	  966.2	  512.7	  231.0	.
910822	  965.8	  512.7	  230.0	.
910824	  965.6	  512.3	  230.0	.
910826	  965.5	  512.4	  230.0	.
910828	  965.5	  512.7	  230.0	.
910830	  966.7	  513.5	  230.0	.
910832	  968.1	  513.8	  230.0	.
910834	  967.9	  511.2	  229.0	.
910836	  967.8	  508.9	  229.0	.
910838	  968.4	  508.2	  229.0	.
910840	  969.0	  507.7	  229.0	.
910842	  969.1	  507.0	  228.0	.
910844	  969.2	  506.6	  228.0	.
910846	  970.0	  505.2	  225.0	.
910848	  970.0	  504.1	  225.0	.
910850	  970.2	  504.3	  225.0	.
910852	  970.3	  502.8	  227.0	.
910854	  969.7	  503.4	  227.0	.
910856	  969.1	  503.0	  228.0	.
910858	  969.0	  502.6	  228.0	.
910860	  969.4	  502.4	  226.0	.
910862	  968.9	  503.1	  226.0	.
910864	  969.0	  504.1	  226.0	.
910866	  969.1	  504.0	  226.0	.
910868	  968.3	  504.3	  226.0	.
910870	  967.6	  504.2	  225.0	.
910872	  967.7	  503.8	  225.0	.
910874	  967.8	  503.2	  226.0	.
910876	  967.3	  503.8	  226.0	.
910878	  967.2	  504.1	  226.0	.
910880	  967.2	  505.0	  225.0	.
910882	  967.1	  505.7	  226.0	.
910884	  967.4	  506.6	  226.0	.
910886	  967.8	  507.3	  227.0	.
910888	  968.5	  508.1	  228.0	.
910890	  968.9	  508.1	  228.0	.
910892	  968.6	  508.3	  228.0	.
910894	  968.9	  509.7	  228.0	.
910896	  969.2	  511.1	  229.0	.
910898	  969.5	  513.6	  232.0	.
910900	  969.9	  516.0	  232.0	.
910902	  970.2	  516.4	  232.0	.
910904	  970.6	  516.7	  231.0	.
910906	  969.8	  515.7	  231.0	.
910908	  969.6	  514.5	  231.0	.
910910	  969.6	  514.1	  228.0	.
910912	  969.7	  513.6	  228.0	.
910914	  969.7	  512.9	  228.0	.
910916	  969.6	  513.3	  228.0	.
910918	  969.5	  512.4	  228.0	.
910920	  969.0	  513.6	  228.0	.
910922	  968.4	  514.9	  228.0	.
910924	  968.5	  514.0	  228.0	.
910926	  968.6	  514.2	  229.0	.
910928	  968.8	  514.4	  229.0	.
910930	  968.3	  513.9	  229.0	.
910932	  969.5	  513.9	  230.0	.
910934	  969.6	  514.2	  231.0	.
910936	  969.7	  514.0	  231.0	.
910938	  969.8	  513.9	  230.0	.
910940	  969.8	  512.5	  230.0	.
910942	  969.5	  512.7	  229.0	.
910944	  969.4	  512.6	  229.0	.
910946	  969.4	  514.1	  230.0	.
910948	  969.6	  516.3	  230.0	.
910950	  969.7	  515.1	  230.0	.
910952	  968.5	  515.4	  230.0	.
910954	  967.2	  515.8	  230.0	.
910956	  967.3	  515.6	  230.0	.
910958	  967.0	  516.2	  230.0	.
910960	  967.0	  516.7	  230.0	.
910962	  967.1	  517.0	  231.0	.
910964	  967.1	  516.9	  231.0	.
910966	  967.8	  516.7	  231.0	.
910968	  968.1	  516.4	  232.0	.
910970	  968.2	  516.9	  232.0	.
910972	  968.1	  517.2	  232.0	.
910974	  967.9	  517.8	  232.0	.
910976	  968.0	  517.7	  233.0	.
910978	  968.0	  517.7	  233.0	.
910980	  967.7	  517.3	  233.0	.
910982	  967.5	  518.2	  232.0	.
910984	  965.9	  518.0	  232.0	.
910986	  965.2	  517.9	  231.0	.
910988	  964.6	  517.4	  231.0	.
910990	  965.9	  516.8	  234.0	.
910992	  965.8	  516.2	  234.0	.
910994	  965.7	  515.0	  234.0	.
910996	  965.8	  515.2	  234.0	.
910998	  966.2	  515.5	  234.0	.
911000	  965.5	  515.9	  235.0	.
911002	  964.8	  516.1	  236.0	.
911004	  965.1	  515.7	  236.0	.
911006	  965.4	  515.9	  234.0	.
911008	  966.1	  515.9	  234.0	.
911010	  966.4	  516.0	  233.0	.
911012	  966.4	  515.7	  233.0	.
911014	  966.4	  515.6	  235.0	.
911016	  966.5	  514.9	  235.0	.
911018	  966.2	  514.5	  236.0	.
911020	  966.0	  515.8	  236.0	.
911022	  965.9	  516.0	  236.0	.
911024	  965.8	  515.7	  236.0	.
911026	  966.0	  516.2	  237.0	.
911028	  965.4	  516.8	  237.0	.
911030	  964.8	  516.2	  237.0	.
911032	  964.6	  515.5	  237.0	.
911034	  964.6	  514.7	  236.0	.
911036	  964.5	  513.9	  236.0	.
911038	  964.3	  514.1	  236.0	.
911040	  964.7	  514.1	  236.0	.
911042	  965.1	  514.4	  237.0	.
911044	  964.9	  515.1	  237.0	.
911046	  965.6	  515.2	  237.0	.
911048	  965.0	  515.5	  237.0	.
911050	  964.6	  515.6	  237.0	.
911052	  963.9	  515.3	  238.0	.
911054	  963.4	  515.7	  239.0	.
911056	  964.0	  515.5	  240.0	.
911058	  964.8	  515.8	  240.0	.
911060	  965.2	  516.2	  241.0	.
911062	  965.3	  516.2	  241.0	.
911064	  965.2	  516.2	  240.0	.
911066	  965.1	  516.2	  241.0	.
911068	  964.9	  515.8	  241.0	.
911070	  965.0	  515.5	  241.0	.
911072	  964.7	  516.5	  241.0	.
911074	  965.1	  516.1	  241.0	.
911076	  965.3	  516.4	  241.0	.
911078	  966.1	  516.7	  242.0	.
911080	  965.1	  517.3	  242.0	.
911082	  965.2	  517.4	  242.0	.
911084	  965.2	  517.4	  242.0	.
911086	  964.5	  517.9	  242.0	.
911088	  963.6	  518.3	  243.0	.
911090	  964.9	  517.3	  245.0	.
911092	  965.2	  516.8	  246.0	.
911094	  965.7	  516.6	  246.0	.
911096	  964.8	  517.5	  246.0	.
911098	  963.9	  518.0	  246.0	.
911100	  963.8	  518.0	  245.0	.
911102	  964.0	  517.8	  245.0	.
911104	  963.7	  517.6	  245.0	.
911106	  963.3	  516.9	  245.0	.
911108	  963.9	  516.4	  245.0	.
911110	  964.5	  516.0	  245.0	.
911112	  964.3	  516.1	  245.0	.
911114	  964.3	  516.4	  245.0	.
911116	  964.0	  517.2	  245.0	.
911118	  963.9	  517.5	  246.0	.
911120	  963.8	  517.6	  248.0	.
911122	  962.7	  518.1	  248.0	.
911124	  962.5	  518.4	  246.0	.
911126	  962.5	  518.4	  246.0	.
911128	  962.3	  517.8	  247.0	.
911130	  962.2	  517.3	  247.0	.
911132	  962.2	  516.8	  247.0	.
911134	  962.2	  516.6	  248.0	.
911136	  962.2	  517.1	  248.0	.
911138	  962.2	  517.6	  248.0	.
911140	  962.2	  518.1	  248.0	.
911142	  962.2	  518.0	  248.0	.
911144	  962.1	  517.7	  247.0	.
911146	  961.9	  517.0	  247.0	.
911148	  961.8	  517.0	  248.0	.
911150	  961.5	  516.3	  249.0	.
911152	  961.3	  516.5	  248.0	.
911154	  961.0	  516.9	  249.0	.
911156	  960.8	  517.0	  250.0	.
911158	  959.8	  516.6	  250.0	.
911160	  959.6	  517.1	  251.0	.
911162	  959.5	  517.6	  251.0	.
911164	  959.6	  517.2	  253.0	.
911166	  959.1	  517.7	  253.0	.
911168	  959.7	  517.0	  253.0	.
911170	  959.7	  516.6	  252.0	.
911172	  959.7	  516.2	  252.0	.
911174	  960.0	  515.9	  252.0	.
911176	  960.1	  515.8	  252.0	.
911178	  960.1	  515.9	  252.0	.
911180	  960.5	  515.9	  253.0	.
911182	  960.2	  515.9	  253.0	.
911184	  960.1	  515.9	  253.0	.
911186	  960.4	  517.2	  253.0	.
911188	  960.7	  517.4	  254.0	.
911190	  960.5	  517.6	  254.0	.
911192	  960.6	  518.9	  255.0	.
911194	  960.2	  518.4	  255.0	.
911196	  960.2	  519.3	  255.0	.
911198	  960.2	  520.2	  255.0	.
911200	  958.9	  519.5	  256.0	.
911202	  958.3	  518.7	  256.0	.
911204	  958.0	  516.7	  257.0	.
911206	  958.0	  516.7	  257.0	.
911208	  958.2	  517.4	  256.0	.
911210	  958.4	  517.3	  256.0	.
911212	  958.9	  517.3	  257.0	.
911214	  960.2	  516.9	  257.0	.
911216	  960.2	  516.7	  257.0	.
911218	  960.3	  516.0	  256.0	.
911220	  961.2	  516.2	  256.0	.
911222	  960.8	  516.6	  256.0	.
911224	  961.6	  515.6	  256.0	.
911226	  962.4	  516.4	  257.0	.
911228	  962.1	  516.1	  258.0	.
911230	  961.8	  516.5	  258.0	.
911232	  962.7	  516.2	  258.0	.
911234	  961.4	  517.0	  259.0	.
911236	  961.5	  515.9	  259.0	.
911238	  961.7	  515.6	  259.0	.
911240	  962.2	  515.9	  259.0	.
911242	  962.7	  515.3	  259.0	.
911244	  963.7	  516.8	  259.0	.
911246	  962.4	  517.2	  260.0	.
911248	  961.1	  517.3	  262.0	.
911250	  961.9	  516.8	  262.0	.
911252	  961.7	  516.5	  262.0	.
911254	  961.5	  516.0	  262.0	.
911256	  960.6	  516.9	  262.0	.
911258	  959.2	  517.8	  263.0	.
911260	  957.8	  518.2	  263.0	.
911262	  959.2	  518.1	  264.0	.
911264	  958.8	  519.1	  265.0	.
911266	  958.6	  519.5	  266.0	.
911268	  958.6	  518.9	  266.0	.
911270	  958.8	  519.5	  265.0	.
911272	  959.0	  519.4	  265.0	.
911274	  959.4	  519.0	  266.0	.
911276	  959.2	  519.1	  266.0	.
911278	  959.2	  518.9	  266.0	.
911280	  958.8	  520.5	  267.0	.
911282	  958.0	  520.2	  268.0	.
911284	  957.6	  520.1	  268.0	.
911286	  957.3	  519.8	  269.0	.
911288	  957.2	  520.0	  271.0	.
911290	  957.4	  519.6	  271.0	.
911292	  957.5	  519.2	  271.0	.
911294	  957.5	  518.4	  272.0	.
911296	  957.9	  519.0	  273.0	.
911298	  958.1	  519.6	  273.0	.
911300	  958.2	  517.4	  274.0	.
911302	  958.3	  517.0	  273.0	.
911304	  958.8	  517.6	  273.0	.
911306	  959.1	  518.1	  272.0	.
911308	  959.3	  519.0	  272.0	.
911310	  959.3	  519.8	  273.0	.
911312	  959.3	  520.6	  273.0	.
911314	  959.4	  520.4	  273.0	.
911316	  959.3	  520.2	  273.0	.
911318	  959.3	  520.1	  274.0	.
911320	  959.4	  520.5	  274.0	.
911322	  959.4	  520.4	  274.0	.
911324	  959.3	  520.2	  274.0	.
911326	  959.1	  520.1	  274.0	.
911328	  959.3	  519.9	  273.0	.
911330	  958.7	  519.6	  273.0	.
911332	  958.1	  520.7	  273.0	.
911334	  958.8	  521.7	  274.0	.
911336	  958.5	  519.1	  274.0	.
911338	  959.0	  518.1	  273.0	.
911340	  959.6	  518.0	  274.0	.
911342	  960.8	  517.9	  274.0	.
911344	  960.8	  518.2	  275.0	.
911346	  960.8	  518.5	  275.0	.
911348	  960.9	  517.4	  276.0	.
911350	  961.0	  518.0	  276.0	.
911352	  960.9	  518.6	  275.0	.
911354	  960.7	  518.3	  275.0	.
911356	  960.7	  518.1	  276.0	.
911358	  960.8	  518.5	  276.0	.
911360	  960.4	  517.5	  277.0	.
911362	  960.2	  518.5	  277.0	.
911364	  960.4	  519.4	  276.0	.
911366	  960.3	  518.2	  276.0	.
911368	  960.2	  519.0	  276.0	.
911370	  960.0	  519.8	  276.0	.
911372	  960.0	  522.5	  276.0	.
911374	  960.0	  522.5	  276.0	.
911376	  959.8	  522.0	  276.0	.
911378	  960.0	  521.9	  276.0	.
911380	  959.9	  521.8	  278.0	.
911382	  959.6	  519.0	  278.0	.
911384	  959.6	  518.8	  278.0	.
911386	  959.7	  518.7	  278.0	.
911388	  959.9	  518.4	  278.0	.
911390	  959.9	  518.2	  281.0	.
911392	  959.9	  518.4	  284.0	.
911394	  959.6	  518.5	  284.0	.
911396	  959.8	  518.2	  284.0	.
911398	  960.1	  518.1	  284.0	.
911400	  959.7	  519.1	  284.0	.
911402	  959.3	  518.0	  284.0	.
911404	  959.6	  518.9	  283.0	.
911406	  960.0	  519.8	  282.0	.
911408	  960.8	  518.6	  282.0	.
911410	  960.8	  517.7	  282.0	.
911412	  960.9	  519.3	  282.0	.
911414	  960.2	  518.3	  282.0	.
911416	  960.0	  518.9	  281.0	.
911418	  960.1	  519.7	  281.0	.
911420	  960.0	  519.4	  281.0	.
911422	  960.1	  520.0	  282.0	.
911424	  960.1	  520.5	  282.0	.
911426	  959.4	  521.9	  280.0	.
911428	  958.8	  521.3	  280.0	.
911430	  958.4	  520.8	  280.0	.
911432	  958.3	  520.3	  281.0	.
911434	  958.4	  519.8	  283.0	.
911436	  958.7	  519.4	  283.0	.
911438	  959.2	  519.0	  283.0	.
911440	  959.6	  519.6	  283.0	.
911442	  959.6	  520.2	  283.0	.
911444	  959.0	  520.9	  283.0	.
911446	  959.0	  520.4	  283.0	.
911448	  959.1	  519.8	  283.0	.
911450	  958.3	  518.1	  283.0	.
911452	  958.2	  516.4	  283.0	.
911454	  958.4	  517.1	  283.0	.
911456	  958.2	  516.4	  283.0	.
911458	  958.5	  517.9	  282.0	.
911460	  958.6	  519.5	  282.0	.
911462	  958.5	  519.0	  282.0	.
911464	  958.4	  518.7	  282.0	.
911466	  958.6	  518.3	  282.0	.
911468	  958.8	  518.1	  283.0	.
911470	  958.3	  516.8	  283.0	.
911472	  958.2	  516.7	  283.0	.
911474	  958.2	  516.5	  284.0	.
911476	  958.3	  516.2	  286.0	.
911478	  958.5	  516.1	  286.0	.
911480	  958.7	  515.9	  287.0	.
911482	  958.5	  513.5	  287.0	.
911484	  958.4	  514.2	  287.0	.
911486	  958.2	  514.8	  287.0	.
911488	  957.5	  513.3	  288.0	.
911490	  957.5	  513.0	  290.0	.
911492	  957.3	  512.9	  290.0	.
911494	  957.4	  511.1	  290.0	.
911496	  957.5	  509.3	  290.0	.
911498	  957.1	  509.2	  290.0	.
911500	  958.0	  509.6	  290.0	.
911502	  958.0	  510.0	  290.0	.
911504	  958.1	  509.8	  292.0	.
911506	  958.2	  509.5	  294.0	.
911508	  958.0	  510.5	  294.0	.
911510	  957.8	  509.7	  292.0	.
911512	  958.5	  508.7	  291.0	.
911514	  958.8	  509.8	  291.0	.
911516	  958.8	  511.0	  290.0	.
911518	  958.7	  512.0	  289.0	.
911520	  957.0	  513.2	  288.0	.
911522	  956.4	  513.0	  288.0	.
911524	  956.3	  514.8	  288.0	.
911526	  956.2	  516.5	  289.0	.
911528	  955.7	  515.3	  290.0	.
911530	  955.6	  514.1	  290.0	.
911532	  955.9	  514.4	  290.0	.
911534	  955.2	  514.7	  290.0	.
911536	  954.5	  514.9	  290.0	.
911538	  954.5	  515.0	  290.0	.
911540	  954.3	  515.1	  290.0	.
911542	  954.5	  515.0	  290.0	.
911544	  954.6	  515.5	  290.0	.
911546	  954.5	  516.0	  290.0	.
911548	  955.4	  514.4	  291.0	.
911550	  956.5	  515.0	  292.0	.
911552	  957.2	  514.7	  293.0	.
911554	  957.2	  515.3	  292.0	.
911556	  957.3	  515.8	  293.0	.
911558	  956.6	  515.3	  293.0	.
911560	  956.5	  514.6	  295.0	.
911562	  956.3	  511.9	  295.0	.
911564	  955.8	  511.5	  295.0	.
911566	  956.0	  512.3	  295.0	.
911568	  956.2	  512.6	  295.0	.
911570	  956.2	  512.7	  294.0	.
911572	  956.1	  511.9	  294.0	.
911574	  956.4	  511.1	  293.0	.
911576	  956.1	  510.5	  293.0	.
911578	  956.3	  509.9	  293.0	.
911580	  956.6	  509.9	  293.0	.
911582	  956.3	  508.5	  293.0	.
911584	  956.2	  508.9	  292.0	.
911586	  956.2	  509.2	  293.0	.
911588	  956.1	  509.1	  294.0	.
911590	  956.2	  509.9	  297.0	.
911592	  956.2	  508.8	  297.0	.
911594	  955.7	  507.8	  298.0	.
911596	  955.4	  509.6	  298.0	.
911598	  956.1	  511.2	  299.0	.
911600	  955.6	  512.2	  299.0	.
911602	  955.0	  511.7	  299.0	.
911604	  955.7	  513.4	  298.0	.
911606	  956.2	  513.6	  298.0	.
911608	  955.7	  513.8	  297.0	.
911610	  955.1	  514.0	  297.0	.
911612	  954.2	  515.8	  297.0	.
911614	  953.3	  517.6	  297.0	.
911616	  953.5	  520.7	  297.0	.
911618	  953.7	  523.9	  297.0	.
911620	  953.3	  524.8	  297.0	.
911622	  953.2	  525.7	  296.0	.
911624	  954.0	  528.9	  297.0	.
911626	  953.9	  526.5	  297.0	.
911628	  953.8	  527.0	  297.0	.
911630	  953.7	  527.4	  297.0	.
911632	  953.6	  525.4	  297.0	.
911634	  953.7	  527.1	  297.0	.
911636	  953.6	  528.8	  297.0	.
911638	  953.2	  528.2	  298.0	.
911640	  953.3	  530.2	  298.0	.
911642	  953.4	  530.5	  297.0	.
911644	  953.4	  529.7	  297.0	.
911646	  953.4	  529.0	  296.0	.
911648	  953.3	  528.0	  296.0	.
911650	  953.2	  527.1	  297.0	.
911652	  953.8	  526.9	  299.0	.
911654	  954.1	  528.7	  302.0	.
911656	  954.5	  530.6	  302.0	.
911658	  955.1	  529.9	  301.0	.
911660	  955.4	  530.1	  300.0	.
911662	  955.1	  528.9	  300.0	.
911664	  954.9	  527.7	  300.0	.
911666	  954.8	  525.0	  300.0	.
911668	  954.4	  524.7	  300.0	.
911670	  954.6	  524.7	  300.0	.
911672	  954.5	  524.8	  300.0	.
911674	  954.9	  526.6	  301.0	.
911676	  954.7	  527.5	  300.0	.
911678	  954.5	  528.3	  300.0	.
911680	  953.7	  528.1	  300.0	.
911682	  953.5	  527.7	  300.0	.
911684	  953.8	  525.7	  300.0	.
911686	  954.2	  526.3	  301.0	.
911688	  954.2	  525.6	  301.0	.
911690	  954.3	  524.8	  302.0	.
911692	  954.2	  525.0	  303.0	.
911694	  954.1	  524.8	  305.0	.
911696	  953.9	  524.6	  305.0	.
911698	  953.7	  524.0	  306.0	.
911700	  953.8	  524.0	  306.0	.
911702	  954.0	  524.6	  305.0	.
911704	  954.6	  525.1	  304.0	.
911706	  954.5	  525.4	  304.0	.
911708	  955.4	  525.6	  304.0	.
911710	  955.6	  527.5	  304.0	.
911712	  955.2	  529.4	  304.0	.
911714	  955.2	  529.5	  304.0	.
911716	  955.1	  530.1	  303.0	.
911718	  954.9	  529.8	  304.0	.
911720	  954.8	  532.2	  303.0	.
911722	  954.7	  531.7	  303.0	.
911724	  954.2	  532.0	  302.0	.
911726	  954.2	  532.1	  302.0	.
911728	  954.0	  530.1	  303.0	.
911730	  954.5	  530.2	  304.0	.
911732	  954.6	  529.6	  304.0	.
911734	  954.8	  529.1	  304.0	.
911736	  954.9	  529.6	  304.0	.
911738	  955.0	  530.1	  304.0	.
911740	  954.9	  528.9	  304.0	.
911742	  955.4	  528.8	  304.0	.
911744	  955.1	  528.3	  305.0	.
911746	  954.9	  528.2	  305.0	.
911748	  953.9	  528.1	  305.0	.
911750	  953.9	  529.8	  304.0	.
911752	  953.5	  528.9	  304.0	.
911754	  954.4	  528.8	  304.0	.
911756	  955.2	  528.6	  305.0	.
911758	  955.4	  527.9	  305.0	.
911760	  954.5	  527.8	  305.0	.
911762	  954.8	  527.8	  305.0	.
911764	  954.0	  527.4	  305.0	.
911766	  953.3	  528.2	  305.0	.
911768	  953.8	  528.7	  306.0	.
911770	  954.4	  528.7	  306.0	.
911772	  954.1	  528.6	  307.0	.
911774	  954.3	  528.8	  307.0	.
911776	  954.3	  528.9	  307.0	.
911778	  954.2	  528.9	  307.0	.
911780	  954.0	  528.8	  307.0	.
911782	  954.0	  528.6	  308.0	.
911784	  953.6	  528.7	  308.0	.
911786	  953.3	  528.8	  308.0	.
911788	  954.1	  528.3	  308.0	.
911790	  954.0	  528.0	  310.0	.
911792	  953.7	  526.9	  310.0	.
911794	  953.9	  527.1	  311.0	.
911796	  952.8	  526.6	  311.0	.
911798	  951.9	  526.9	  311.0	.
911800	  951.4	  526.9	  311.0	.
911802	  951.8	  526.9	  310.0	.
911804	  952.1	  527.4	  310.0	.
911806	  952.5	  527.5	  310.0	.
911808	  951.8	  527.0	  310.0	.
911810	  952.0	  526.3	  309.0	.
911812	  952.3	  526.4	  309.0	.
911814	  951.7	  525.7	  310.0	.
911816	  951.6	  526.7	  311.0	.
911818	  951.5	  526.5	  311.0	.
911820	  951.5	  527.3	  311.0	.
911822	  951.7	  526.9	  311.0	.
911824	  951.8	  526.5	  311.0	.
911826	  953.3	  524.7	  313.0	.
911828	  953.5	  524.5	  314.0	.
911830	  953.7	  524.3	  314.0	.
911832	  954.4	  524.1	  314.0	.
911834	  955.3	  524.2	  314.0	.
911836	  953.9	  523.2	  314.0	.
911838	  954.0	  524.1	  313.0	.
911840	  954.0	  524.9	  313.0	.
911842	  954.2	  524.5	  313.0	.
911844	  954.3	  525.1	  314.0	.
911846	  954.3	  523.9	  314.0	.
911848	  954.2	  523.6	  313.0	.
911850	  954.2	  523.2	  313.0	.
911852	  954.4	  522.7	  313.0	.
911854	  954.4	  522.3	  314.0	.
911856	  954.3	  522.6	  315.0	.
911858	  954.4	  522.5	  316.0	.
911860	  954.3	  522.6	  317.0	.
911862	  954.5	  523.9	  316.0	.
911864	  954.6	  523.5	  316.0	.
911866	  954.6	  523.6	  316.0	.
911868	  954.5	  523.3	  316.0	.
911870	  954.9	  523.0	  316.0	.
911872	  954.3	  523.4	  316.0	.
911874	  954.4	  522.6	  316.0	.
911876	  954.4	  521.7	  316.0	.
911878	  955.1	  519.6	  321.0	.
911880	  955.9	  520.1	  321.0	.
911882	  955.7	  520.0	  320.0	.
911884	  955.6	  520.0	  320.0	.
911886	  955.2	  520.1	  320.0	.
911888	  954.7	  519.9	  321.0	.
911890	  954.6	  521.0	  322.0	.
911892	  954.3	  520.6	  322.0	.
911894	  954.6	  520.8	  322.0	.
911896	  954.6	  520.6	  322.0	.
911898	  954.6	  521.1	  322.0	.
911900	  954.5	  521.1	  322.0	.
911902	  955.2	  521.1	  323.0	.
911904	  956.0	  523.3	  323.0	.
911906	  956.7	  525.6	  321.0	.
911908	  957.1	  525.0	  320.0	.
911910	  957.2	  524.6	  320.0	.
911912	  957.1	  523.2	  320.0	.
911914	  957.0	  522.8	  320.0	.
911916	  956.9	  522.7	  320.0	.
911918	  956.7	  522.4	  320.0	.
911920	  956.4	  522.7	  321.0	.
911922	  956.4	  523.1	  320.0	.
911924	  956.3	  524.2	  320.0	.
911926	  956.0	  524.4	  319.0	.
911928	  956.0	  524.4	  319.0	.
911930	  956.1	  524.4	  320.0	.
911932	  956.3	  526.0	  321.0	.
911934	  956.7	  525.2	  321.0	.
911936	  956.6	  525.1	  321.0	.
911938	  956.7	  524.2	  321.0	.
911940	  956.8	  523.1	  321.0	.
911942	  956.5	  522.9	  321.0	.
911944	  956.2	  522.6	  321.0	.
911946	  956.3	  521.6	  323.0	.
911948	  956.4	  521.8	  325.0	.
911950	  956.4	  521.3	  325.0	.
911952	  956.0	  520.8	  325.0	.
911954	  956.3	  522.0	  325.0	.
911956	  955.6	  521.7	  325.0	.
911958	  954.9	  521.5	  326.0	.
911960	  954.7	  520.6	  326.0	.
911962	  954.8	  520.9	  326.0	.
911964	  954.8	  520.3	  325.0	.
911966	  954.2	  520.0	  325.0	.
911968	  953.6	  518.8	  325.0	.
911970	  952.9	  520.8	  325.0	.
911972	  953.3	  521.1	  325.0	.
911974	  953.3	  520.7	  325.0	.
911976	  953.5	  521.1	  325.0	.
911978	  954.0	  521.5	  325.0	.
911980	  954.2	  521.6	  325.0	.
911982	  954.3	  521.6	  326.0	.
911984	  954.4	  521.6	  326.0	.
911986	  953.6	  521.6	  326.0	.
911988	  953.4	  521.4	  326.0	.
911990	  953.0	  520.9	  329.0	.
911992	  951.7	  520.6	  331.0	.
911994	  951.6	  520.1	  331.0	.
911996	  951.7	  519.7	  331.0	.
911998	  951.9	  519.6	  331.0	.
912000	  952.2	  519.6	  331.0	.
912002	  952.2	  518.9	  330.0	.
912004	  952.4	  519.3	  330.0	.
912006	  952.6	  519.4	  330.0	.
912008	  952.4	  519.5	  329.0	.
912010	  952.1	  520.6	  329.0	.
912012	  951.6	  520.0	  329.0	.
912014	  951.0	  519.8	  329.0	.
912016	  951.9	  519.6	  329.0	.
912018	  952.1	  519.5	  329.0	.
912020	  952.4	  519.5	  330.0	.
912022	  952.4	  519.1	  330.0	.
912024	  952.5	  518.7	  330.0	.
912026	  951.9	  518.8	  330.0	.
912028	  951.4	  519.5	  331.0	.
912030	  951.4	  520.0	  331.0	.
912032	  951.6	  519.9	  331.0	.
912034	  951.6	  520.4	  331.0	.
912036	  952.5	  520.9	  330.0	.
912038	  952.9	  520.4	  330.0	.
912040	  952.9	  520.7	  329.0	.
912042	  952.9	  520.1	  329.0	.
912044	  952.8	  519.9	  330.0	.
912046	  952.4	  519.8	  330.0	.
912048	  951.9	  520.5	  330.0	.
912050	  951.8	  521.1	  330.0	.
912052	  951.9	  521.3	  330.0	.
912054	  951.6	  521.1	  330.0	.
912056	  951.5	  520.9	  330.0	.
912058	  951.1	  520.7	  331.0	.
912060	  950.9	  521.3	  331.0	.
912062	  951.0	  521.8	  331.0	.
912064	  951.2	  523.0	  331.0	.
912066	  951.3	  522.8	  331.0	.
912068	  951.4	  523.1	  331.0	.
912070	  951.2	  521.8	  331.0	.
912072	  951.1	  521.7	  331.0	.
912074	  950.9	  521.8	  333.0	.
912076	  950.8	  521.7	  333.0	.
912078	  950.2	  521.6	  333.0	.
912080	  950.7	  522.4	  333.0	.
912082	  950.9	  521.0	  332.0	.
912084	  950.8	  520.8	  332.0	.
912086	  950.6	  521.2	  332.0	.
912088	  950.4	  520.1	  332.0	.
912090	  950.4	  520.7	  333.0	.
912092	  950.6	  521.4	  333.0	.
912094	  950.6	  521.5	  333.0	.
912096	  950.8	  521.7	  333.0	.
912098	  950.9	  521.9	  333.0	.
912100	  951.0	  521.8	  333.0	.
912102	  951.1	  521.8	  333.0	.
912104	  951.2	  521.8	  333.0	.
912106	  951.3	  521.3	  333.0	.
912108	  951.4	  521.6	  334.0	.
912110	  951.1	  522.0	  334.0	.
912112	  950.9	  520.9	  334.0	.
912114	  950.8	  520.7	  334.0	.
912116	  951.3	  520.5	  333.0	.
912118	  950.6	  520.0	  332.0	.
912120	  950.7	  520.3	  332.0	.
912122	  950.3	  520.7	  332.0	.
912124	  950.4	  521.4	  333.0	.
912126	  950.5	  521.4	  333.0	.
912128	  950.4	  520.7	  334.0	.
912130	  950.2	  520.0	  334.0	.
912132	  950.5	  520.4	  333.0	.
912134	  950.6	  520.8	  333.0	.
912136	  950.6	  519.9	  333.0	.
912138	  950.3	  519.6	  334.0	.
912140	  950.6	  519.3	  334.0	.
912142	  951.0	  519.9	  333.0	.
912144	  951.4	  520.6	  332.0	.
912146	  950.9	  520.8	  332.0	.
912148	  950.9	  519.3	  332.0	.
912150	  951.0	  519.9	  334.0	.
912152	  951.7	  520.4	  334.0	.
912154	  952.7	  520.4	  332.0	.
912156	  952.2	  519.4	  332.0	.
912158	  952.2	  519.4	  332.0	.
912160	  952.2	  519.3	  331.0	.
912162	  952.2	  519.3	  331.0	.
912164	  952.1	  519.5	  328.0	.
912166	  953.4	  519.5	  328.0	.
912168	  953.8	  519.7	  328.0	.
912170	  953.9	  520.0	  328.0	.
912172	  953.6	  519.6	  328.0	.
912174	  953.8	  520.4	  328.0	.
912176	  953.9	  521.2	  328.0	.
912178	  953.3	  521.9	  328.0	.
912180	  953.8	  521.8	  328.0	.
912182	  954.4	  521.8	  328.0	.
912184	  953.7	  521.5	  329.0	.
912186	  953.2	  522.5	  330.0	.
912188	  953.2	  523.4	  330.0	.
912190	  953.2	  523.4	  330.0	.
912192	  953.3	  523.3	  330.0	.
912194	  953.4	  522.6	  330.0	.
912196	  952.7	  522.7	  330.0	.
912198	  953.6	  522.6	  330.0	.
912200	  954.4	  522.6	  330.0	.
912202	  954.1	  522.9	  330.0	.
912204	  953.6	  522.1	  330.0	.
912206	  953.5	  521.3	  330.0	.
912208	  953.3	  520.8	  330.0	.
912210	  953.5	  522.1	  329.0	.
912212	  953.6	  523.3	  329.0	.
912214	  953.5	  521.6	  329.0	.
912216	  953.4	  521.8	  328.0	.
912218	  954.5	  521.9	  327.0	.
912220	  953.9	  521.0	  325.0	.
912222	  954.9	  520.9	  325.0	.
912224	  955.8	  520.8	  325.0	.
912226	  954.5	  520.9	  326.0	.
912228	  954.3	  521.1	  326.0	.
912230	  954.8	  521.3	  326.0	.
912232	  954.5	  521.5	  326.0	.
912234	  954.7	  521.4	  327.0	.
912236	  954.5	  521.4	  327.0	.
912238	  955.5	  520.9	  328.0	.
912240	  956.5	  521.3	  328.0	.
912242	  958.7	  521.4	  327.0	.
912244	  961.5	  522.4	  327.0	.
912246	  969.5	  521.4	  327.0	.
912248	  971.7	  521.3	  327.0	.
912250	  972.8	  521.2	  327.0	.
912252	  972.7	  520.7	  327.0	.
912254	  972.8	  521.1	  326.0	.
912256	  972.7	  520.9	  326.0	.
912258	  971.6	  520.9	  327.0	.
912260	  971.4	  520.1	  328.0	.
912262	  971.1	  519.0	  328.0	.
912264	  971.0	  519.0	  328.0	.
912266	  971.1	  519.4	  328.0	.
912268	  970.8	  519.9	  328.0	.
912270	  970.6	  520.7	  328.0	.
912272	  970.9	  520.7	  328.0	.
912274	  971.3	  520.7	  328.0	.
912276	  970.8	  520.7	  328.0	.
912278	  971.2	  522.2	  327.0	.
912280	  971.2	  522.6	  327.0	.
912282	  971.1	  522.5	  326.0	.
912284	  970.9	  523.4	  326.0	.
912286	  971.5	  523.0	  326.0	.
912288	  971.5	  522.8	  326.0	.
912290	  971.7	  522.5	  326.0	.
912292	  971.8	  523.3	  327.0	.
912294	  971.7	  522.5	  327.0	.
912296	  971.7	  523.4	  327.0	.
912298	  971.3	  522.6	  327.0	.
912300	  971.1	  521.7	  327.0	.
912302	  971.0	  522.2	  327.0	.
912304	  970.5	  522.0	  326.0	.
912306	  970.2	  522.5	  326.0	.
912308	  970.1	  523.0	  326.0	.
912310	  969.9	  522.7	  326.0	.
912312	  969.6	  522.8	  326.0	.
912314	  969.5	  522.8	  326.0	.
912316	  969.5	  522.1	  326.0	.
912318	  968.3	  521.6	  326.0	.
912320	  968.9	  522.8	  326.0	.
912322	  968.7	  524.2	  326.0	.
912324	  968.4	  524.5	  326.0	.
912326	  968.9	  524.7	  324.0	.
912328	  968.3	  524.9	  324.0	.
912330	  967.7	  525.0	  324.0	.
912332	  968.0	  524.6	  325.0	.
912334	  968.2	  525.0	  325.0	.
912336	  968.6	  525.4	  325.0	.
912338	  968.9	  525.9	  325.0	.
912340	  969.2	  525.9	  325.0	.
912342	  969.2	  523.2	  325.0	.
912344	  969.5	  524.1	  325.0	.
912346	  969.6	  524.3	  325.0	.
912348	  969.5	  524.5	  325.0	.
912350	  969.2	  524.6	  324.0	.
912352	  969.3	  524.0	  323.0	.
912354	  969.3	  524.6	  323.0	.
912356	  968.6	  525.0	  323.0	.
912358	  968.6	  525.2	  323.0	.
912360	  968.6	  524.7	  323.0	.
912362	  968.2	  525.5	  323.0	.
912364	  967.7	  524.8	  323.0	.
912366	  968.6	  524.0	  323.0	.
912368	  968.6	  524.4	  323.0	.
912370	  968.5	  524.0	  323.0	.
912372	  968.6	  523.6	  323.0	.
912374	  967.5	  524.3	  324.0	.
912376	  967.1	  522.9	  323.0	.
912378	  967.1	  523.0	  323.0	.
912380	  967.4	  523.1	  323.0	.
912382	  967.6	  524.9	  324.0	.
912384	  967.7	  524.9	  324.0	.
912386	  967.9	  525.1	  324.0	.
912388	  967.7	  524.7	  324.0	.
912390	  967.4	  524.3	  324.0	.
912392	  967.8	  525.0	  324.0	.
912394	  968.0	  524.9	  324.0	.
912396	  967.9	  524.8	  325.0	.
912398	  967.9	  523.7	  326.0	.
912400	  968.1	  523.9	  326.0	.
912402	  968.6	  524.0	  326.0	.
912404	  968.9	  524.4	  325.0	.
912406	  968.3	  524.2	  325.0	.
912408	  967.8	  524.1	  324.0	.
912410	  967.9	  524.8	  324.0	.
912412	  967.9	  524.6	  323.0	.
912414	  967.0	  524.6	  322.0	.
912416	  967.5	  525.6	  322.0	.
912418	  967.8	  524.8	  321.0	.
912420	  968.1	  525.1	  321.0	.
912422	  968.3	  525.4	  321.0	.
912424	  969.1	  524.4	  321.0	.
912426	  969.4	  525.0	  321.0	.
912428	  969.4	  525.5	  321.0	.
912430	  969.2	  524.2	  321.0	.
912432	  968.9	  524.2	  321.0	.
912434	  968.5	  524.4	  321.0	.
912436	  968.2	  524.3	  321.0	.
912438	  968.1	  524.8	  321.0	.
912440	  968.1	  525.2	  321.0	.
912442	  967.7	  524.6	  321.0	.
912444	  968.0	  524.8	  321.0	.
912446	  967.0	  525.2	  321.0	.
912448	  967.0	  525.4	  321.0	.
912450	  967.4	  525.6	  321.0	.
912452	  967.2	  526.8	  320.0	.
912454	  967.1	  527.1	  319.0	.
912456	  967.1	  526.8	  319.0	.
912458	  968.2	  529.2	  319.0	.
912460	  968.4	  530.3	  318.0	.
912462	  968.5	  530.9	  316.0	.
912464	  968.7	  531.3	  316.0	.
912466	  968.6	  531.2	  316.0	.
912468	  968.7	  531.1	  317.0	.
912470	  968.1	  531.5	  319.0	.
912472	  967.6	  531.4	  319.0	.
912474	  967.3	  532.6	  316.0	.
912476	  967.3	  533.8	  314.0	.
912478	  967.0	  534.1	  314.0	.
912480	  967.1	  534.2	  314.0	.
912482	  967.3	  537.2	  314.0	.
912484	  967.2	  536.3	  314.0	.
912486	  967.0	  535.5	  318.0	.
912488	  967.4	  536.4	  317.0	.
912490	  967.6	  536.1	  318.0	.
912492	  968.1	  535.6	  318.0	.
912494	  968.1	  533.9	  319.0	.
912496	  966.8	  534.5	  319.0	.
912498	  966.4	  534.4	  318.0	.
912500	  966.7	  535.1	  318.0	.
912502	  966.8	  535.9	  316.0	.
912504	  966.7	  536.7	  315.0	.
912506	  967.2	  537.4	  313.0	.
912508	  967.8	  537.1	  313.0	.
912510	  969.0	  536.6	  314.0	.
912512	  968.4	  537.3	  313.0	.
912514	  967.6	  536.1	  313.0	.
912516	  968.1	  537.0	  313.0	.
912518	  968.5	  537.9	  313.0	.
912520	  967.1	  537.8	  313.0	.
912522	  966.7	  537.5	  313.0	.
912524	  966.4	  537.2	  313.0	.
912526	  965.5	  536.9	  313.0	.
912528	  965.6	  536.2	  313.0	.
912530	  965.6	  535.4	  313.0	.
912532	  965.9	  535.4	  313.0	.
912534	  966.1	  536.4	  313.0	.
912536	  966.1	  536.9	  313.0	.
912538	  966.1	  537.4	  313.0	.
912540	  966.2	  538.3	  312.0	.
912542	  966.0	  539.1	  312.0	.
912544	  965.9	  539.5	  310.0	.
912546	  965.8	  539.8	  310.0	.
912548	  965.9	  540.1	  312.0	.
912550	  966.0	  539.3	  311.0	.
912552	  966.3	  539.2	  311.0	.
912554	  966.2	  539.5	  311.0	.
912556	  966.1	  539.0	  312.0	.
912558	  966.2	  540.7	  311.0	.
912560	  965.2	  541.5	  310.0	.
912562	  965.4	  541.6	  310.0	.
912564	  965.7	  541.8	  311.0	.
912566	  967.4	  543.6	  310.0	.
912568	  967.7	  542.2	  310.0	.
912570	  967.9	  541.7	  310.0	.
912572	  968.2	  541.6	  309.0	.
912574	  967.7	  539.7	  310.0	.
912576	  967.8	  540.1	  310.0	.
912578	  967.9	  540.5	  310.0	.
912580	  968.0	  539.9	  310.0	.
912582	  968.0	  539.3	  310.0	.
912584	  967.9	  539.4	  311.0	.
912586	  968.1	  537.5	  312.0	.
912588	  967.9	  536.6	  313.0	.
912590	  968.8	  536.2	  312.0	.
912592	  968.4	  535.8	  312.0	.
912594	  968.0	  535.4	  312.0	.
912596	  968.5	  535.4	  313.0	.
912598	  968.1	  533.7	  314.0	.
912600	  968.3	  534.2	  314.0	.
912602	  968.4	  534.7	  314.0	.
912604	  968.3	  534.0	  314.0	.
912606	  969.0	  536.2	  313.0	.
912608	  969.8	  538.3	  313.0	.
912610	  969.0	  537.5	  313.0	.
912612	  969.3	  536.5	  313.0	.
912614	  969.3	  538.1	  313.0	.
912616	  969.2	  538.1	  313.0	.
912618	  968.9	  539.1	  311.0	.
912620	  968.6	  540.0	  310.0	.
912622	  968.7	  541.9	  309.0	.
912624	  968.8	  541.8	  309.0	.
912626	  968.6	  542.7	  311.0	.
912628	  968.8	  541.4	  311.0	.
912630	  968.3	  542.6	  311.0	.
912632	  967.7	  543.7	  311.0	.
912634	  966.1	  543.5	  310.0	.
912636	  966.5	  543.0	  310.0	.
912638	  966.7	  543.6	  309.0	.
912640	  966.6	  542.7	  308.0	.
912642	  966.7	  541.8	  308.0	.
912644	  966.9	  543.0	  308.0	.
912646	  967.2	  542.7	  308.0	.
912648	  966.8	  543.2	  307.0	.
912650	  966.6	  543.4	  307.0	.
912652	  966.5	  543.2	  307.0	.
912654	  966.4	  543.9	  308.0	.
912656	  965.4	  544.6	  308.0	.
912658	  965.9	  543.5	  308.0	.
912660	  965.9	  542.5	  309.0	.
912662	  966.0	  543.2	  309.0	.
912664	  965.6	  542.2	  307.0	.
912666	  965.6	  543.1	  307.0	.
912668	  965.8	  543.8	  306.0	.
912670	  965.8	  542.3	  306.0	.
912672	  965.4	  541.8	  307.0	.
912674	  965.8	  541.2	  307.0	.
912676	  965.4	  540.7	  308.0	.
912678	  965.8	  541.3	  308.0	.
912680	  966.1	  541.8	  307.0	.
912682	  965.5	  540.3	  307.0	.
912684	  964.8	  540.4	  307.0	.
912686	  965.1	  539.2	  307.0	.
912688	  964.7	  538.0	  307.0	.
912690	  964.2	  535.6	  308.0	.
912692	  964.2	  535.7	  310.0	.
912694	  964.2	  534.9	  312.0	.
912696	  965.5	  536.7	  312.0	.
912698	  965.6	  535.9	  312.0	.
912700	  964.6	  535.2	  312.0	.
912702	  964.4	  536.3	  312.0	.
912704	  964.4	  537.4	  310.0	.
912706	  964.7	  535.6	  310.0	.
912708	  964.2	  535.1	  310.0	.
912710	  965.0	  535.2	  310.0	.
912712	  964.8	  535.3	  309.0	.
912714	  965.5	  535.5	  308.0	.
912716	  965.3	  535.8	  308.0	.
912718	  965.7	  535.5	  308.0	.
912720	  965.3	  535.6	  309.0	.
912722	  965.9	  535.6	  309.0	.
912724	  966.4	  534.3	  309.0	.
912726	  965.6	  534.7	  309.0	.
912728	  965.7	  534.9	  309.0	.
912730	  965.5	  536.6	  309.0	.
912732	  965.5	  541.6	  305.0	.
912734	  965.6	  541.6	  305.0	.
912736	  965.4	  539.8	  305.0	.
912738	  964.8	  539.8	  305.0	.
912740	  964.6	  539.8	  305.0	.
912742	  964.5	  538.9	  305.0	.
912744	  965.0	  538.9	  306.0	.
912746	  965.6	  538.9	  306.0	.
912748	  966.1	  538.7	  306.0	.
912750	  966.4	  538.5	  306.0	.
912752	  966.6	  539.4	  306.0	.
912754	  966.3	  539.9	  306.0	.
912756	  965.8	  540.2	  306.0	.
912758	  965.9	  542.2	  306.0	.
912760	  965.9	  544.1	  306.0	.
912762	  965.9	  543.8	  305.0	.
912764	  966.2	  543.7	  305.0	.
912766	  966.1	  543.4	  305.0	.
912768	  966.0	  542.9	  305.0	.
912770	  965.6	  543.4	  305.0	.
912772	  965.6	  541.9	  305.0	.
912774	  965.4	  541.7	  305.0	.
912776	  965.6	  541.9	  305.0	.
912778	  965.2	  542.3	  305.0	.
912780	  964.9	  542.2	  305.0	.
912782	  965.4	  542.2	  305.0	.
912784	  965.9	  542.0	  305.0	.
912786	  966.2	  541.6	  305.0	.
912788	  966.2	  541.2	  305.0	.
912790	  966.1	  540.6	  306.0	.
912792	  966.0	  540.0	  307.0	.
912794	  965.9	  539.0	  307.0	.
912796	  965.7	  538.1	  307.0	.
912798	  964.5	  536.8	  307.0	.
912800	  964.3	  536.3	  308.0	.
912802	  964.8	  535.7	  308.0	.
912804	  964.6	  536.3	  308.0	.
912806	  964.8	  536.9	  308.0	.
912808	  964.5	  537.1	  308.0	.
912810	  964.6	  537.3	  308.0	.
912812	  964.8	  537.4	  308.0	.
912814	  964.3	  537.4	  305.0	.
912816	  964.0	  538.3	  305.0	.
912818	  964.1	  539.0	  305.0	.
912820	  964.3	  538.7	  305.0	.
912822	  964.1	  538.4	  306.0	.
912824	  964.8	  538.5	  306.0	.
912826	  964.9	  537.6	  306.0	.
912828	  964.9	  536.7	  306.0	.
912830	  964.9	  537.1	  306.0	.
912832	  964.3	  536.6	  306.0	.
912834	  963.7	  536.1	  306.0	.
912836	  963.5	  537.6	  306.0	.
912838	  963.1	  536.6	  306.0	.
912840	  962.4	  535.7	  306.0	.
912842	  961.5	  534.3	  307.0	.
912844	  961.0	  533.0	  308.0	.
912846	  960.7	  534.9	  308.0	.
912848	  960.9	  536.7	  308.0	.
912850	  960.8	  536.7	  308.0	.
912852	  960.8	  536.7	  308.0	.
912854	  960.9	  536.5	  307.0	.
912856	  961.0	  536.4	  307.0	.
912858	  961.1	  537.4	  307.0	.
912860	  961.3	  538.4	  307.0	.
912862	  961.4	  538.4	  307.0	.
912864	  960.6	  538.6	  305.0	.
912866	  959.8	  538.6	  305.0	.
912868	  959.6	  538.5	  307.0	.
912870	  960.0	  537.3	  307.0	.
912872	  960.6	  536.8	  307.0	.
912874	  959.9	  536.6	  307.0	.
912876	  959.3	  536.0	  307.0	.
912878	  960.1	  535.8	  306.0	.
912880	  961.0	  535.6	  306.0	.
912882	  964.4	  535.9	  307.0	.
912884	  964.6	  536.5	  307.0	.
912886	  963.4	  534.6	  307.0	.
912888	  962.3	  533.7	  308.0	.
912890	  962.8	  533.3	  308.0	.
912892	  963.1	  533.0	  309.0	.
912894	  963.2	  533.5	  308.0	.
912896	  962.8	  534.1	  308.0	.
912898	  962.4	  532.5	  308.0	.
912900	  962.3	  531.9	  309.0	.
912902	  962.8	  531.6	  309.0	.
912904	  963.4	  531.2	  309.0	.
912906	  962.4	  530.9	  309.0	.
912908	  961.7	  532.0	  310.0	.
912910	  961.5	  532.0	  310.0	.
912912	  962.0	  533.8	  309.0	.
912914	  962.3	  535.6	  309.0	.
912916	  962.3	  534.4	  308.0	.
912918	  962.1	  534.5	  308.0	.
912920	  962.0	  534.6	  308.0	.
912922	  961.3	  534.6	  308.0	.
912924	  960.8	  534.6	  308.0	.
912926	  960.0	  534.6	  307.0	.
912928	  959.3	  534.6	  307.0	.
912930	  959.1	  532.8	  307.0	.
912932	  959.3	  535.0	  306.0	.
912934	  959.6	  533.5	  306.0	.
912936	  959.3	  533.3	  306.0	.
912938	  958.9	  533.6	  306.0	.
912940	  958.8	  532.7	  306.0	.
912942	  958.7	  534.2	  306.0	.
912944	  958.8	  534.8	  306.0	.
912946	  959.8	  534.7	  306.0	.
912948	  960.1	  534.8	  305.0	.
912950	  960.1	  538.0	  305.0	.
912952	  959.9	  537.1	  304.0	.
912954	  959.2	  537.0	  304.0	.
912956	  959.6	  537.1	  304.0	.
912958	  959.2	  535.1	  304.0	.
912960	  959.1	  535.6	  307.0	.
912962	  959.0	  535.3	  307.0	.
912964	  959.3	  535.1	  306.0	.
912966	  958.8	  534.3	  306.0	.
912968	  958.4	  536.0	  306.0	.
912970	  958.3	  536.6	  306.0	.
912972	  958.3	  536.8	  306.0	.
912974	  957.7	  535.2	  304.0	.
912976	  957.4	  533.6	  304.0	.
912978	  957.4	  533.7	  304.0	.
912980	  958.1	  533.7	  305.0	.
912982	  958.7	  533.2	  305.0	.
912984	  958.7	  533.2	  306.0	.
912986	  958.6	  533.2	  306.0	.
912988	  958.6	  532.7	  306.0	.
912990	  958.6	  533.7	  305.0	.
912992	  958.6	  534.7	  305.0	.
912994	  958.8	  533.6	  305.0	.
912996	  958.0	  534.3	  304.0	.
912998	  958.3	  534.8	  305.0	.
913000	  958.6	  535.1	  305.0	.
913002	  958.8	  535.4	  305.0	.
913004	  958.8	  536.4	  304.0	.
913006	  958.8	  535.1	  304.0	.
913008	  958.4	  534.6	  304.0	.
913010	  958.0	  534.5	  303.0	.
913012	  958.5	  534.8	  304.0	.
913014	  958.7	  535.1	  303.0	.
913016	  958.8	  535.3	  302.0	.
913018	  958.9	  535.5	  302.0	.
913020	  959.4	  538.3	  302.0	.
913022	  959.2	  538.2	  302.0	.
913024	  960.2	  537.9	  302.0	.
913026	  960.6	  537.5	  301.0	.
913028	  960.4	  537.5	  301.0	.
913030	  960.7	  537.2	  301.0	.
913032	  960.3	  537.9	  301.0	.
913034	  960.7	  538.1	  301.0	.
913036	  960.6	  538.3	  301.0	.
913038	  960.6	  538.2	  301.0	.
913040	  960.4	  538.2	  300.0	.
913042	  960.5	  538.4	  300.0	.
913044	  960.5	  538.4	  299.0	.
913046	  961.0	  538.3	  300.0	.
913048	  961.4	  538.2	  302.0	.
913050	  960.3	  537.5	  301.0	.
913052	  960.0	  538.6	  300.0	.
913054	  960.2	  538.3	  300.0	.
913056	  959.6	  539.0	  300.0	.
913058	  959.9	  538.1	  300.0	.
913060	  960.1	  537.8	  300.0	.
913062	  960.6	  537.8	  300.0	.
913064	  960.6	  537.9	  299.0	.
913066	  960.8	  537.2	  300.0	.
913068	  959.9	  538.1	  299.0	.
913070	  960.4	  538.2	  300.0	.
913072	  960.7	  538.0	  300.0	.
913074	  960.9	  537.7	  302.0	.
913076	  961.0	  537.8	  302.0	.
913078	  961.6	  537.1	  302.0	.
913080	  960.3	  537.5	  300.0	.
913082	  960.8	  536.9	  300.0	.
913084	  961.2	  537.4	  300.0	.
913086	  961.1	  538.0	  300.0	.
913088	  961.6	  538.1	  300.0	.
913090	  962.1	  537.1	  301.0	.
913092	  961.5	  537.5	  301.0	.
913094	  961.4	  537.9	  299.0	.
913096	  961.4	  537.3	  298.0	.
913098	  960.5	  536.9	  298.0	.
913100	  960.5	  538.0	  299.0	.
913102	  960.6	  538.6	  301.0	.
913104	  960.7	  539.1	  301.0	.
913106	  960.8	  539.4	  301.0	.
913108	  960.8	  539.7	  299.0	.
913110	  960.2	  539.4	  299.0	.
913112	  959.8	  539.3	  298.0	.
913114	  959.6	  539.2	  298.0	.
913116	  960.2	  539.3	  298.0	.
913118	  960.9	  539.3	  297.0	.
913120	  960.7	  539.8	  297.0	.
913122	  960.8	  539.9	  297.0	.
913124	  960.7	  540.0	  297.0	.
913126	  960.9	  540.3	  297.0	.
913128	  960.9	  540.2	  299.0	.
913130	  961.4	  540.6	  299.0	.
913132	  960.9	  540.7	  299.0	.
913134	  960.4	  540.7	  298.0	.
913136	  959.0	  540.9	  298.0	.
913138	  954.4	  540.1	  299.0	.
EFIX L   910308	913138	2832	  960.5	  521.9	    297
SSACC L  913140
913140	  950.1	  537.2	  300.0	.
913142	  945.0	  534.0	  300.0	.
913144	  943.7	  530.2	  300.0	.
913146	  942.3	  522.7	  300.0	.
ESACC L  913140	913146	8	  950.1	  537.2	  943.7	  530.2	   0.26	     61
SFIX L   913148
913148	  942.1	  522.3	  300.0	.
913150	  942.2	  523.2	  300.0	.
913152	  942.4	  524.1	  300.0	.
913154	  943.4	  526.3	  299.0	.
913156	  944.3	  526.0	  300.0	.
913158	  948.2	  525.2	  301.0	.
913160	  948.0	  526.4	  301.0	.
913162	  947.8	  526.0	  301.0	.
913164	  947.2	  525.7	  301.0	.
913166	  947.0	  526.7	  301.0	.
913168	  946.8	  526.4	  301.0	.
913170	  946.8	  526.8	  301.0	.
913172	  946.8	  527.2	  301.0	.
913174	  945.6	  526.5	  302.0	.
913176	  945.1	  526.2	  302.0	.
913178	  944.8	  526.2	  301.0	.
913180	  944.7	  526.1	  302.0	.
913182	  944.5	  526.0	  302.0	.
913184	  944.8	  526.0	  302.0	.
913186	  944.9	  524.9	  303.0	.
913188	  945.1	  524.9	  303.0	.
913190	  945.2	  524.8	  304.0	.
913192	  945.2	  524.7	  304.0	.
913194	  945.2	  524.9	  304.0	.
913196	  945.2	  524.3	  304.0	.
913198	  945.0	  524.1	  304.0	.
913200	  944.8	  523.9	  304.0	.
913202	  944.5	  524.1	  304.0	.
913204	  944.2	  524.3	  304.0	.
913206	  944.3	  525.5	  304.0	.
913208	  944.0	  525.6	  303.0	.
913210	  943.7	  525.8	  303.0	.
913212	  944.2	  524.6	  303.0	.
913214	  944.3	  524.4	  303.0	.
913216	  944.4	  524.2	  303.0	.
MSG	913218 DSP: STIM
913218	  944.4	  525.7	  303.0	.
913220	  944.6	  527.1	  303.0	.
913222	  944.6	  527.2	  303.0	.
913224	  944.9	  526.8	  303.0	.
913226	  945.1	  528.7	  303.0	.
913228	  944.9	  527.0	  303.0	.
913230	  944.7	  525.2	  303.0	.
913232	  945.0	  525.2	  303.0	.
913234	  944.4	  523.6	  304.0	.
913236	  944.9	  523.0	  305.0	.
913238	  944.8	  523.0	  305.0	.
913240	  945.2	  523.0	  305.0	.
913242	  945.6	  523.5	  304.0	.
913244	  945.6	  524.0	  304.0	.
913246	  945.6	  524.3	  304.0	.
913248	  944.9	  524.1	  304.0	.
913250	  944.2	  525.2	  304.0	.
913252	  944.1	  524.4	  304.0	.
913254	  944.1	  525.2	  304.0	.
913256	  944.2	  525.9	  303.0	.
913258	  944.1	  526.2	  303.0	.
913260	  944.3	  525.8	  304.0	.
913262	  944.1	  526.5	  304.0	.
913264	  944.0	  526.6	  304.0	.
913266	  943.9	  526.7	  304.0	.
913268	  944.0	  527.8	  304.0	.
913270	  944.1	  528.3	  304.0	.
913272	  944.2	  528.5	  304.0	.
913274	  944.2	  528.2	  304.0	.
913276	  944.2	  527.8	  304.0	.
913278	  944.0	  526.8	  304.0	.
913280	  943.9	  526.5	  304.0	.
913282	  943.8	  526.2	  305.0	.
913284	  943.4	  526.2	  305.0	.
913286	  943.6	  526.1	  305.0	.
913288	  943.7	  524.5	  307.0	.
913290	  944.2	  524.5	  307.0	.
913292	  944.8	  524.3	  307.0	.
913294	  944.3	  523.2	  307.0	.
913296	  944.7	  523.6	  309.0	.
913298	  944.9	  522.6	  309.0	.
913300	  945.4	  522.0	  309.0	.
913302	  945.8	  521.7	  309.0	.
913304	  946.0	  522.8	  310.0	.
913306	  945.8	  522.4	  310.0	.
913308	  945.7	  523.2	  309.0	.
913310	  945.6	  522.8	  308.0	.
913312	  945.7	  522.4	  308.0	.
913314	  944.9	  522.5	  308.0	.
913316	  944.2	  522.6	  307.0	.
913318	  944.1	  522.6	  307.0	.
913320	  944.9	  522.5	  307.0	.
913322	  945.1	  522.5	  307.0	.
913324	  945.2	  522.3	  307.0	.
913326	  944.0	  522.3	  308.0	.
913328	  943.7	  521.8	  309.0	.
913330	  943.7	  521.7	  309.0	.
913332	  943.7	  521.7	  309.0	.
913334	  943.9	  523.4	  309.0	.
913336	  944.1	  523.8	  309.0	.
913338	  943.8	  524.3	  309.0	.
913340	  944.5	  525.0	  311.0	.
913342	  944.3	  525.8	  311.0	.
913344	  944.2	  527.3	  311.0	.
913346	  944.0	  528.7	  311.0	.
913348	  943.7	  527.8	  308.0	.
913350	  943.4	  529.3	  308.0	.
913352	  943.2	  530.8	  308.0	.
913354	  942.7	  531.5	  309.0	.
913356	  943.5	  531.4	  310.0	.
913358	  943.1	  531.5	  310.0	.
913360	  942.8	  531.6	  310.0	.
913362	  943.0	  531.8	  310.0	.
913364	  943.6	  536.0	  310.0	.
913366	  943.5	  537.4	  310.0	.
913368	  943.8	  538.7	  310.0	.
913370	  943.8	  538.7	  310.0	.
913372	  943.0	  538.7	  310.0	.
913374	  942.1	  537.3	  310.0	.
913376	  942.6	  539.1	  310.0	.
913378	  942.2	  540.0	  309.0	.
913380	  942.6	  540.3	  309.0	.
913382	  943.0	  539.7	  310.0	.
913384	  942.8	  539.0	  310.0	.
913386	  943.2	  537.4	  310.0	.
913388	  943.8	  537.2	  310.0	.
913390	  944.0	  534.6	  311.0	.
913392	  944.2	  533.2	  313.0	.
913394	  944.3	  532.6	  313.0	.
913396	  944.1	  532.3	  313.0	.
913398	  943.8	  532.1	  314.0	.
913400	  943.6	  530.8	  315.0	.
913402	  944.0	  532.9	  316.0	.
913404	  943.9	  533.7	  316.0	.
913406	  944.2	  533.9	  315.0	.
913408	  944.1	  534.0	  315.0	.
913410	  944.2	  534.1	  314.0	.
913412	  944.0	  536.1	  313.0	.
913414	  943.5	  535.3	  313.0	.
913416	  942.5	  534.6	  313.0	.
913418	  942.5	  535.9	  316.0	.
EFIX L   913148	913418	272	  944.4	  527.5	    306
SSACC L  913420
913420	  940.6	  534.9	  316.0	.
913422	  931.1	  535.0	  315.0	.
913424	  917.3	  540.0	  314.0	.
913426	  901.7	  540.3	  314.0	.
913428	  880.4	  542.5	  314.0	.
913430	  852.8	  546.0	  315.0	.
913432	  827.5	  554.8	  315.0	.
913434	  800.0	  563.8	  316.0	.
913436	  770.6	  567.0	  316.0	.
913438	  743.3	  569.8	  316.0	.
913440	  711.1	  572.2	  316.0	.
913442	  680.3	  564.4	  317.0	.
913444	  647.3	  563.0	  318.0	.
913446	  615.5	  561.3	  319.0	.
913448	  585.9	  564.7	  319.0	.
913450	  554.4	  567.9	  319.0	.
913452	  529.7	  570.6	  317.0	.
913454	  504.5	  572.4	  316.0	.
913456	  487.8	  573.6	  316.0	.
913458	  470.4	  573.8	  316.0	.
913460	  456.9	  573.7	  315.0	.
913462	  449.3	  572.4	  316.0	.
913464	  448.4	  572.7	  315.0	.
913466	  448.7	  573.0	  314.0	.
ESACC L  913420	913466	48	  940.6	  534.9	  448.4	  572.7	  12.08	    377
SFIX L   913468
913468	  448.9	  572.6	  313.0	.
913470	  449.6	  572.2	  314.0	.
913472	  449.2	  573.3	  314.0	.
913474	  448.8	  573.2	  314.0	.
913476	  448.5	  573.9	  315.0	.
913478	  448.3	  573.9	  316.0	.
913480	  448.3	  573.7	  316.0	.
913482	  447.9	  573.3	  316.0	.
913484	  447.5	  573.0	  316.0	.
913486	  447.6	  572.9	  316.0	.
913488	  447.6	  571.5	  316.0	.
913490	  447.9	  571.1	  317.0	.
913492	  448.6	  570.8	  317.0	.
913494	  448.8	  571.4	  318.0	.
913496	  448.9	  572.0	  318.0	.
913498	  449.1	  572.2	  315.0	.
913500	  448.9	  571.7	  315.0	.
913502	  448.7	  572.2	  315.0	.
913504	  448.2	  572.0	  315.0	.
913506	  448.3	  571.9	  315.0	.
913508	  447.6	  573.3	  316.0	.
913510	  446.8	  572.1	  316.0	.
913512	  447.4	  573.9	  313.0	.
913514	  447.6	  574.0	  312.0	.
913516	  447.6	  573.5	  312.0	.
913518	  448.5	  572.8	  312.0	.
913520	  448.5	  572.9	  312.0	.
913522	  448.0	  572.9	  312.0	.
913524	  447.5	  572.6	  314.0	.
913526	  447.1	  572.5	  314.0	.
913528	  446.6	  572.7	  314.0	.
913530	  446.5	  572.7	  312.0	.
913532	  446.3	  573.5	  312.0	.
913534	  446.2	  572.5	  312.0	.
913536	  446.2	  573.2	  312.0	.
913538	  446.4	  573.7	  313.0	.
913540	  446.5	  573.4	  313.0	.
913542	  448.1	  573.0	  313.0	.
913544	  449.4	  573.5	  313.0	.
913546	  448.2	  574.0	  312.0	.
913548	  447.6	  573.7	  312.0	.
913550	  447.6	  573.9	  312.0	.
913552	  447.4	  572.2	  313.0	.
913554	  448.1	  570.3	  314.0	.
913556	  448.7	  570.0	  314.0	.
913558	  448.8	  570.3	  314.0	.
913560	  448.8	  570.5	  314.0	.
913562	  449.5	  570.5	  314.0	.
913564	  450.1	  569.7	  315.0	.
913566	  450.2	  572.5	  314.0	.
913568	  450.0	  572.6	  313.0	.
913570	  449.7	  572.7	  313.0	.
913572	  449.2	  572.1	  313.0	.
913574	  449.5	  571.3	  313.0	.
913576	  449.2	  569.7	  313.0	.
913578	  449.1	  568.7	  313.0	.
913580	  448.5	  568.5	  313.0	.
913582	  446.1	  568.3	  314.0	.
EFIX L   913468	913582	116	  448.2	  572.3	    314
SSACC L  913584
913584	  438.7	  569.1	  315.0	.
913586	  434.3	  569.7	  316.0	.
913588	  420.5	  569.2	  316.0	.
913590	  413.7	  568.4	  317.0	.
913592	  402.3	  568.9	  317.0	.
913594	  403.7	  569.0	  317.0	.
ESACC L  913584	913594	12	  438.7	  569.1	  402.3	  568.9	   0.85	    106
SFIX L   913596
913596	  405.0	  569.6	  317.0	.
913598	  408.1	  570.3	  316.0	.
913600	  409.7	  570.6	  316.0	.
913602	  411.4	  568.6	  316.0	.
913604	  410.7	  569.0	  315.0	.
913606	  410.2	  567.6	  315.0	.
913608	  409.0	  568.9	  315.0	.
913610	  407.1	  570.3	  313.0	.
913612	  407.2	  570.4	  313.0	.
913614	  407.5	  570.0	  313.0	.
913616	  407.8	  570.1	  313.0	.
913618	  407.8	  570.1	  313.0	.
913620	  408.0	  570.2	  313.0	.
913622	  408.3	  570.4	  313.0	.
913624	  408.3	  572.1	  313.0	.
913626	  408.4	  572.6	  314.0	.
913628	  408.0	  573.2	  314.0	.
913630	  408.1	  573.1	  314.0	.
913632	  408.2	  573.7	  313.0	.
913634	  408.2	  574.4	  313.0	.
913636	  408.4	  574.0	  313.0	.
913638	  408.4	  573.7	  314.0	.
913640	  408.5	  575.4	  314.0	.
913642	  408.5	  576.1	  314.0	.
913644	  408.7	  576.1	  313.0	.
913646	  408.9	  576.3	  312.0	.
913648	  408.8	  576.1	  311.0	.
913650	  409.1	  576.3	  311.0	.
913652	  409.2	  576.4	  312.0	.
913654	  409.2	  575.0	  312.0	.
913656	  408.9	  574.3	  312.0	.
913658	  408.5	  573.8	  312.0	.
913660	  408.0	  573.7	  312.0	.
913662	  407.7	  573.8	  312.0	.
913664	  407.5	  573.7	  311.0	.
913666	  405.5	  573.0	  312.0	.
913668	  406.3	  572.6	  312.0	.
913670	  405.5	  572.4	  312.0	.
913672	  406.2	  572.5	  313.0	.
913674	  406.7	  571.1	  313.0	.
913676	  406.9	  569.7	  314.0	.
913678	  407.0	  570.5	  314.0	.
913680	  406.3	  569.8	  314.0	.
913682	  405.9	  569.1	  314.0	.
913684	  405.7	  571.1	  314.0	.
913686	  406.2	  570.8	  314.0	.
913688	  406.9	  570.4	  314.0	.
913690	  406.8	  569.8	  314.0	.
913692	  407.0	  569.1	  315.0	.
913694	  406.6	  569.6	  315.0	.
913696	  406.3	  569.1	  316.0	.
913698	  406.0	  568.7	  316.0	.
913700	  405.8	  568.5	  317.0	.
913702	  405.0	  569.0	  316.0	.
913704	  405.7	  569.0	  316.0	.
913706	  405.8	  569.0	  316.0	.
913708	  405.8	  569.0	  316.0	.
913710	  405.7	  568.9	  316.0	.
913712	  405.2	  569.2	  316.0	.
913714	  404.6	  568.8	  317.0	.
913716	  404.6	  569.4	  318.0	.
913718	  404.5	  570.0	  318.0	.
913720	  405.2	  570.7	  315.0	.
913722	  404.9	  571.1	  314.0	.
913724	  404.9	  571.0	  314.0	.
913726	  404.8	  571.0	  314.0	.
913728	  405.1	  571.3	  314.0	.
913730	  404.0	  570.6	  315.0	.
913732	  404.2	  570.3	  315.0	.
913734	  404.6	  570.0	  315.0	.
913736	  405.2	  568.6	  315.0	.
913738	  405.7	  567.2	  316.0	.
913740	  406.0	  566.9	  317.0	.
913742	  406.1	  567.4	  318.0	.
913744	  406.7	  567.6	  317.0	.
913746	  406.4	  567.7	  318.0	.
913748	  406.7	  567.4	  318.0	.
913750	  406.9	  567.8	  318.0	.
EFIX L   913596	913750	156	  407.0	  571.0	    314
SSACC L  913752
913752	  407.5	  568.3	  318.0	.
913754	  411.5	  567.2	  318.0	.
913756	  415.7	  566.1	  318.0	.
913758	  429.5	  565.9	  319.0	.
913760	  450.7	  565.4	  320.0	.
913762	  479.8	  566.8	  320.0	.
913764	  517.1	  566.5	  319.0	.
913766	  552.7	  573.6	  319.0	.
913768	  597.2	  579.4	  319.0	.
913770	  647.4	  584.1	  320.0	.
913772	  697.0	  587.5	  320.0	.
913774	  745.0	  582.9	  320.0	.
913776	  796.8	  585.4	  319.0	.
913778	  848.0	  586.0	  321.0	.
913780	  906.3	  579.0	  323.0	.
913782	  963.3	  592.9	  323.0	.
913784	 1019.9	  591.3	  324.0	.
913786	 1071.5	  591.6	  324.0	.
913788	 1122.2	  590.2	  322.0	.
913790	 1172.0	  585.5	  321.0	.
913792	 1224.3	  576.8	  321.0	.
913794	 1269.0	  582.0	  321.0	.
913796	 1309.8	  580.7	  320.0	.
913798	 1355.5	  571.2	  320.0	.
913800	 1400.7	  583.4	  320.0	.
913802	 1432.3	  584.2	  319.0	.
913804	 1465.8	  581.5	  318.0	.
913806	 1495.0	  573.3	  318.0	.
913808	 1529.0	  568.7	  314.0	.
913810	 1546.4	  567.9	  314.0	.
913812	 1570.0	  561.6	  314.0	.
913814	 1571.6	  561.3	  314.0	.
913816	 1571.5	  559.8	  314.0	.
913818	 1567.0	  559.5	  316.0	.
ESACC L  913752	913818	68	  407.5	  568.3	 1571.5	  559.8	  27.72	    706
SFIX L   913820
913820	 1562.5	  557.9	  318.0	.
913822	 1561.1	  557.7	  320.0	.
913824	 1560.2	  557.4	  320.0	.
913826	 1560.6	  557.3	  320.0	.
913828	 1560.8	  558.0	  320.0	.
913830	 1560.9	  557.8	  321.0	.
913832	 1562.8	  558.1	  320.0	.
913834	 1563.7	  557.3	  320.0	.
913836	 1564.6	  557.6	  320.0	.
913838	 1564.8	  557.9	  320.0	.
913840	 1564.8	  555.6	  319.0	.
913842	 1565.4	  555.2	  318.0	.
913844	 1566.0	  555.9	  318.0	.
913846	 1566.5	  555.4	  317.0	.
913848	 1566.2	  555.2	  317.0	.
913850	 1566.3	  555.0	  317.0	.
913852	 1565.6	  555.3	  317.0	.
913854	 1564.7	  551.8	  317.0	.
913856	 1564.3	  552.7	  317.0	.
913858	 1563.7	  552.2	  318.0	.
913860	 1563.1	  551.7	  319.0	.
913862	 1563.0	  553.2	  319.0	.
913864	 1563.6	  552.1	  320.0	.
913866	 1562.6	  551.3	  322.0	.
913868	 1563.0	  552.8	  322.0	.
913870	 1563.3	  552.7	  322.0	.
913872	 1561.7	  553.2	  322.0	.
913874	 1561.2	  553.7	  322.0	.
913876	 1561.2	  552.8	  322.0	.
913878	 1561.4	  552.7	  322.0	.
913880	 1562.0	  553.0	  322.0	.
913882	 1561.1	  551.7	  323.0	.
913884	 1561.4	  551.7	  323.0	.
913886	 1560.9	  551.9	  323.0	.
913888	 1561.2	  550.7	  324.0	.
913890	 1560.8	  552.9	  324.0	.
913892	 1560.2	  552.5	  325.0	.
913894	 1558.7	  552.5	  325.0	.
913896	 1558.6	  549.4	  325.0	.
913898	 1559.1	  550.5	  325.0	.
913900	 1559.6	  551.7	  326.0	.
913902	 1559.7	  550.6	  325.0	.
913904	 1559.8	  552.1	  325.0	.
913906	 1560.0	  551.2	  326.0	.
913908	 1559.8	  550.4	  325.0	.
913910	 1559.8	  551.3	  325.0	.
913912	 1559.5	  549.7	  324.0	.
913914	 1559.3	  548.9	  324.0	.
913916	 1559.0	  548.6	  324.0	.
913918	 1559.0	  549.6	  324.0	.
913920	 1558.6	  549.3	  324.0	.
913922	 1558.1	  550.1	  324.0	.
913924	 1557.8	  548.8	  325.0	.
913926	 1557.7	  547.6	  326.0	.
913928	 1557.7	  548.4	  326.0	.
913930	 1557.7	  547.9	  326.0	.
913932	 1557.1	  548.0	  325.0	.
913934	 1556.5	  548.2	  325.0	.
913936	 1555.1	  548.3	  324.0	.
913938	 1555.5	  547.8	  324.0	.
913940	 1555.4	  547.7	  325.0	.
913942	 1555.4	  547.6	  326.0	.
913944	 1554.5	  544.4	  326.0	.
913946	 1554.9	  544.2	  327.0	.
913948	 1555.2	  544.0	  327.0	.
913950	 1555.2	  543.4	  326.0	.
913952	 1555.3	  545.5	  326.0	.
913954	 1555.1	  545.0	  326.0	.
913956	 1554.9	  544.7	  326.0	.
913958	 1555.1	  543.6	  327.0	.
913960	 1554.9	  542.8	  327.0	.
913962	 1554.5	  538.2	  327.0	.
913964	 1553.9	  540.3	  326.0	.
913966	 1553.9	  541.1	  326.0	.
913968	 1553.8	  541.5	  326.0	.
913970	 1553.3	  541.9	  325.0	.
913972	 1552.6	  539.8	  325.0	.
913974	 1552.4	  537.5	  324.0	.
913976	 1552.7	  539.1	  324.0	.
913978	 1552.8	  538.9	  325.0	.
913980	 1553.6	  539.7	  325.0	.
913982	 1553.9	  539.7	  325.0	.
913984	 1553.5	  539.7	  326.0	.
913986	 1553.2	  539.4	  326.0	.
913988	 1552.4	  540.1	  326.0	.
913990	 1552.3	  540.1	  327.0	.
913992	 1552.5	  540.2	  327.0	.
913994	 1552.3	  541.0	  327.0	.
913996	 1551.8	  539.2	  327.0	.
913998	 1550.9	  537.4	  326.0	.
914000	 1552.0	  539.2	  325.0	.
914002	 1552.8	  538.7	  325.0	.
914004	 1553.1	  539.7	  326.0	.
914006	 1553.5	  540.5	  326.0	.
EFIX L   913820	914006	188	 1558.5	  548.6	    323
SSACC L  914008
914008	 1558.0	  541.6	  325.0	.
914010	 1569.1	  541.1	  324.0	.
914012	 1571.0	  543.7	  323.0	.
914014	 1575.6	  546.0	  323.0	.
914016	 1576.8	  549.6	  323.0	.
914018	 1574.7	  554.8	  323.0	.
ESACC L  914008	914018	12	 1558.0	  541.6	 1576.8	  549.6	   0.51	     63
SFIX L   914020
914020	 1572.3	  555.4	  321.0	.
914022	 1572.3	  555.2	  319.0	.
914024	 1572.2	  554.7	  319.0	.
914026	 1570.5	  554.9	  319.0	.
914028	 1570.6	  554.7	  319.0	.
914030	 1570.0	  556.2	  319.0	.
914032	 1570.4	  557.5	  319.0	.
914034	 1570.7	  556.2	  318.0	.
914036	 1570.3	  556.4	  318.0	.
914038	 1570.7	  556.4	  318.0	.
914040	 1570.8	  553.1	  318.0	.
914042	 1570.5	  552.6	  318.0	.
914044	 1571.0	  553.1	  317.0	.
914046	 1571.5	  553.6	  317.0	.
914048	 1571.0	  554.0	  317.0	.
914050	 1571.0	  552.1	  317.0	.
914052	 1571.1	  550.2	  318.0	.
914054	 1571.1	  550.9	  317.0	.
914056	 1571.1	  551.1	  318.0	.
914058	 1571.7	  551.0	  317.0	.
914060	 1571.3	  551.4	  318.0	.
914062	 1571.2	  551.2	  318.0	.
914064	 1571.1	  551.0	  318.0	.
914066	 1571.1	  551.9	  318.0	.
914068	 1571.1	  552.4	  318.0	.
914070	 1571.1	  552.5	  318.0	.
914072	 1571.1	  552.0	  316.0	.
914074	 1571.0	  551.4	  316.0	.
914076	 1572.0	  550.9	  316.0	.
914078	 1572.3	  551.0	  316.0	.
914080	 1572.5	  550.7	  318.0	.
914082	 1574.2	  550.1	  318.0	.
914084	 1574.8	  549.9	  318.0	.
914086	 1575.1	  549.5	  318.0	.
914088	 1575.2	  549.2	  320.0	.
914090	 1574.9	  547.6	  320.0	.
914092	 1574.6	  546.2	  320.0	.
914094	 1574.1	  544.6	  320.0	.
914096	 1573.8	  545.7	  320.0	.
914098	 1573.0	  545.0	  319.0	.
914100	 1572.7	  545.2	  319.0	.
914102	 1572.5	  544.6	  319.0	.
914104	 1572.8	  544.7	  319.0	.
914106	 1573.1	  544.4	  319.0	.
914108	 1573.3	  546.3	  319.0	.
914110	 1573.4	  546.7	  318.0	.
914112	 1572.4	  546.7	  317.0	.
914114	 1571.4	  547.8	  317.0	.
914116	 1570.5	  547.1	  318.0	.
914118	 1569.6	  547.1	  318.0	.
914120	 1569.7	  547.0	  318.0	.
914122	 1569.8	  547.7	  318.0	.
914124	 1570.4	  545.3	  317.0	.
914126	 1571.0	  546.2	  317.0	.
914128	 1571.2	  546.6	  317.0	.
914130	 1571.4	  547.0	  318.0	.
914132	 1571.1	  549.2	  318.0	.
914134	 1570.7	  550.1	  317.0	.
914136	 1569.6	  550.5	  317.0	.
914138	 1569.4	  550.7	  317.0	.
914140	 1569.1	  550.3	  317.0	.
914142	 1568.8	  550.0	  317.0	.
914144	 1568.6	  551.1	  317.0	.
914146	 1568.5	  550.1	  317.0	.
914148	 1568.5	  549.9	  317.0	.
914150	 1568.5	  549.8	  316.0	.
914152	 1568.8	  549.3	  316.0	.
914154	 1568.3	  549.1	  316.0	.
914156	 1568.5	  549.3	  316.0	.
914158	 1568.3	  547.1	  316.0	.
914160	 1568.2	  544.9	  317.0	.
914162	 1568.2	  544.9	  316.0	.
914164	 1567.6	  545.1	  317.0	.
914166	 1566.8	  545.0	  318.0	.
914168	 1567.4	  546.8	  318.0	.
914170	 1566.9	  544.9	  319.0	.
914172	 1567.5	  542.7	  319.0	.
914174	 1567.4	  542.3	  319.0	.
914176	 1567.8	  541.8	  319.0	.
914178	 1567.6	  541.1	  319.0	.
914180	 1567.9	  541.2	  319.0	.
914182	 1567.5	  539.9	  319.0	.
914184	 1567.9	  538.5	  319.0	.
914186	 1568.0	  540.8	  319.0	.
914188	 1568.2	  541.5	  320.0	.
914190	 1567.7	  541.5	  321.0	.
914192	 1567.3	  542.6	  320.0	.
914194	 1567.5	  543.5	  320.0	.
914196	 1567.4	  544.0	  320.0	.
914198	 1567.2	  544.1	  320.0	.
914200	 1566.6	  544.3	  320.0	.
914202	 1566.5	  544.2	  320.0	.
914204	 1564.8	  544.7	  319.0	.
914206	 1564.4	  544.8	  319.0	.
914208	 1564.5	  543.8	  319.0	.
914210	 1565.3	  544.9	  319.0	.
914212	 1565.2	  544.8	  319.0	.
914214	 1565.1	  544.6	  320.0	.
914216	 1565.5	  542.7	  323.0	.
914218	 1565.4	  542.7	  323.0	.
914220	 1565.5	  545.2	  322.0	.
914222	 1565.6	  545.4	  322.0	.
914224	 1565.1	  546.0	  322.0	.
914226	 1564.6	  546.2	  322.0	.
914228	 1565.1	  547.9	  323.0	.
914230	 1564.8	  548.1	  324.0	.
914232	 1564.5	  548.5	  324.0	.
914234	 1564.9	  551.2	  324.0	.
914236	 1564.2	  552.4	  324.0	.
914238	 1564.1	  552.6	  323.0	.
914240	 1564.4	  552.9	  323.0	.
914242	 1564.5	  554.1	  324.0	.
914244	 1564.6	  555.3	  322.0	.
914246	 1564.7	  555.2	  322.0	.
914248	 1564.9	  555.7	  322.0	.
914250	 1564.8	  554.5	  323.0	.
914252	 1564.9	  555.5	  323.0	.
914254	 1564.5	  554.5	  323.0	.
914256	 1564.5	  553.4	  324.0	.
914258	 1564.7	  554.9	  323.0	.
914260	 1563.9	  553.8	  323.0	.
914262	 1564.3	  553.6	  323.0	.
914264	 1564.7	  554.1	  323.0	.
914266	 1564.6	  552.8	  324.0	.
914268	 1564.7	  552.4	  324.0	.
914270	 1564.9	  551.9	  326.0	.
914272	 1564.7	  552.0	  326.0	.
914274	 1565.3	  551.8	  326.0	.
914276	 1564.7	  552.0	  326.0	.
914278	 1565.5	  550.3	  328.0	.
914280	 1565.4	  549.9	  329.0	.
914282	 1565.1	  550.1	  329.0	.
914284	 1564.7	  550.4	  330.0	.
914286	 1565.0	  550.3	  330.0	.
914288	 1565.3	  550.2	  330.0	.
914290	 1565.5	  549.9	  329.0	.
914292	 1565.1	  551.8	  329.0	.
914294	 1564.9	  552.4	  328.0	.
914296	 1564.8	  552.5	  328.0	.
914298	 1565.3	  552.3	  328.0	.
914300	 1564.3	  551.7	  328.0	.
914302	 1564.0	  551.6	  328.0	.
914304	 1564.0	  551.5	  329.0	.
914306	 1564.0	  551.4	  328.0	.
914308	 1564.9	  551.0	  329.0	.
914310	 1565.1	  548.3	  330.0	.
914312	 1564.4	  548.6	  330.0	.
914314	 1563.5	  547.7	  331.0	.
914316	 1564.1	  548.2	  330.0	.
914318	 1564.3	  548.8	  330.0	.
914320	 1564.4	  548.7	  331.0	.
914322	 1564.5	  548.6	  331.0	.
914324	 1565.1	  550.0	  330.0	.
914326	 1564.6	  550.3	  331.0	.
914328	 1564.3	  550.5	  331.0	.
914330	 1564.2	  550.5	  333.0	.
914332	 1564.1	  550.5	  333.0	.
914334	 1563.2	  549.6	  333.0	.
914336	 1562.8	  550.2	  333.0	.
914338	 1562.4	  549.4	  333.0	.
914340	 1562.7	  548.3	  333.0	.
914342	 1562.3	  548.8	  333.0	.
914344	 1563.0	  548.5	  333.0	.
914346	 1563.7	  548.2	  333.0	.
914348	 1563.4	  549.5	  332.0	.
914350	 1563.0	  548.6	  333.0	.
914352	 1562.7	  547.5	  333.0	.
914354	 1563.0	  548.4	  332.0	.
914356	 1561.8	  548.4	  332.0	.
914358	 1560.6	  549.4	  332.0	.
914360	 1560.6	  550.0	  332.0	.
914362	 1560.5	  550.8	  331.0	.
914364	 1560.6	  551.4	  331.0	.
914366	 1560.6	  551.2	  331.0	.
914368	 1560.6	  550.9	  331.0	.
914370	 1560.5	  550.8	  332.0	.
914372	 1560.6	  550.8	  332.0	.
914374	 1560.4	  551.0	  333.0	.
914376	 1560.3	  550.4	  333.0	.
914378	 1560.2	  551.9	  333.0	.
914380	 1560.4	  553.4	  332.0	.
914382	 1558.0	  554.4	  332.0	.
914384	 1557.2	  555.0	  333.0	.
914386	 1556.9	  554.1	  334.0	.
914388	 1558.0	  552.8	  336.0	.
914390	 1557.7	  553.4	  338.0	.
914392	 1557.4	  552.2	  338.0	.
914394	 1556.7	  551.2	  338.0	.
914396	 1556.3	  552.5	  338.0	.
914398	 1554.3	  553.2	  336.0	.
914400	 1554.9	  552.8	  336.0	.
914402	 1554.5	  553.0	  335.0	.
914404	 1555.0	  552.9	  335.0	.
914406	 1554.9	  551.7	  334.0	.
914408	 1555.5	  550.2	  334.0	.
914410	 1555.1	  549.4	  335.0	.
914412	 1555.7	  548.8	  334.0	.
914414	 1555.0	  549.4	  335.0	.
914416	 1555.5	  548.5	  336.0	.
914418	 1555.6	  547.6	  339.0	.
914420	 1555.9	  546.7	  340.0	.
914422	 1557.6	  545.8	  340.0	.
914424	 1558.4	  545.3	  336.0	.
914426	 1558.7	  546.3	  336.0	.
914428	 1558.8	  544.5	  336.0	.
914430	 1558.2	  542.8	  336.0	.
914432	 1557.7	  541.8	  336.0	.
914434	 1556.7	  543.2	  336.0	.
914436	 1556.4	  542.9	  336.0	.
914438	 1556.0	  543.2	  336.0	.
914440	 1555.9	  543.2	  336.0	.
914442	 1555.8	  543.0	  337.0	.
914444	 1555.9	  543.2	  337.0	.
914446	 1555.5	  543.5	  337.0	.
914448	 1555.7	  542.8	  337.0	.
914450	 1555.2	  544.3	  337.0	.
914452	 1554.8	  545.9	  337.0	.
914454	 1554.7	  545.7	  338.0	.
914456	 1554.9	  545.8	  338.0	.
914458	 1554.3	  545.5	  338.0	.
914460	 1554.2	  545.5	  338.0	.
914462	 1554.1	  545.7	  338.0	.
914464	 1553.3	  545.5	  338.0	.
914466	 1554.7	  546.2	  338.0	.
914468	 1555.5	  547.0	  338.0	.
914470	 1555.8	  546.6	  338.0	.
914472	 1556.1	  546.0	  340.0	.
914474	 1555.7	  546.9	  340.0	.
914476	 1555.3	  547.8	  340.0	.
914478	 1554.9	  547.2	  341.0	.
914480	 1554.6	  548.0	  341.0	.
914482	 1554.3	  548.2	  341.0	.
914484	 1554.4	  548.2	  341.0	.
914486	 1554.6	  551.6	  341.0	.
914488	 1554.9	  551.7	  340.0	.
914490	 1554.9	  551.6	  339.0	.
914492	 1554.9	  551.5	  339.0	.
914494	 1555.1	  551.6	  339.0	.
914496	 1555.3	  551.5	  338.0	.
914498	 1556.5	  551.0	  338.0	.
914500	 1556.5	  550.9	  338.0	.
914502	 1556.5	  550.1	  338.0	.
914504	 1556.6	  549.3	  339.0	.
914506	 1556.8	  548.7	  339.0	.
914508	 1557.6	  548.3	  339.0	.
914510	 1557.9	  547.7	  339.0	.
914512	 1557.8	  547.2	  339.0	.
914514	 1557.8	  547.3	  339.0	.
914516	 1557.7	  547.4	  339.0	.
MSG	914518 TRIAL 18 END
