MSG	859894 TRIAL 12 START
MSG	861388 DRIFTCORRECT L LEFT  at 960,540  OFFSET 0.26 deg.  -5.1,-8.0 pix.
MSG	862136 RECCFG P 500 2 1 
MSG	862136 GAZE_COORDS 0.00 0.00 1919.00 1079.00
MSG	862137 !MODE RECORD P 500 2 1
START	862138 	LEFT	SAMPLES	EVENTS
PRESCALER	1
VPRESCALER	1
PUPIL	AREA
EVENTS	GAZE	LEFT	RATE	 500.00	TRACKING	P	FILTER	2
SAMPLES	GAZE	LEFT	RATE	 500.00	TRACKING	P	FILTER	2
862138	  942.3	  545.0	  434.0	.
862140	  942.7	  544.7	  434.0	.
862142	  942.6	  544.5	  433.0	.
862144	  942.6	  544.5	  433.0	.
SFIX L   862146
862146	  942.1	  544.7	  433.0	.
862148	  941.9	  543.9	  433.0	.
862150	  941.7	  544.0	  432.0	.
862152	  941.3	  544.1	  432.0	.
862154	  940.8	  543.6	  432.0	.
862156	  940.5	  543.8	  432.0	.
862158	  940.2	  544.1	  432.0	.
862160	  940.0	  544.4	  432.0	.
862162	  939.7	  544.5	  432.0	.
862164	  939.7	  543.4	  431.0	.
862166	  939.7	  543.9	  431.0	.
862168	  940.6	  544.4	  432.0	.
862170	  939.9	  544.7	  432.0	.
862172	  939.4	  544.9	  432.0	.
862174	  939.6	  545.1	  432.0	.
862176	  939.9	  545.1	  431.0	.
862178	  939.5	  545.0	  431.0	.
862180	  939.2	  544.8	  431.0	.
862182	  938.9	  544.9	  432.0	.
862184	  939.1	  544.9	  433.0	.
862186	  939.1	  545.1	  433.0	.
862188	  939.5	  545.2	  432.0	.
862190	  939.1	  547.6	  432.0	.
862192	  939.0	  547.2	  432.0	.
862194	  939.0	  546.9	  432.0	.
862196	  939.1	  546.6	  432.0	.
862198	  938.6	  546.5	  432.0	.
862200	  938.4	  546.8	  432.0	.
862202	  938.8	  547.1	  431.0	.
862204	  939.3	  546.8	  430.0	.
862206	  939.4	  546.7	  429.0	.
862208	  939.5	  546.5	  429.0	.
862210	  940.0	  546.3	  430.0	.
862212	  939.5	  545.9	  430.0	.
862214	  939.0	  545.7	  430.0	.
862216	  939.2	  545.2	  431.0	.
862218	  939.3	  545.1	  432.0	.
862220	  939.7	  544.9	  431.0	.
862222	  939.3	  544.8	  431.0	.
862224	  939.0	  545.5	  432.0	.
862226	  939.5	  544.6	  432.0	.
862228	  939.4	  544.3	  432.0	.
862230	  939.8	  544.3	  431.0	.
862232	  939.9	  544.2	  430.0	.
862234	  940.1	  544.6	  431.0	.
862236	  940.9	  544.5	  430.0	.
862238	  941.3	  544.6	  430.0	.
862240	  941.6	  544.5	  430.0	.
862242	  943.2	  544.3	  430.0	.
862244	  943.6	  544.5	  428.0	.
MSG	862246 Start Recording with 0
MSG	862246 SYNCTIME
862246	  944.1	  544.7	  426.0	.
862248	  944.7	  545.2	  426.0	.
862250	  944.5	  544.8	  426.0	.
MSG	862252 DSP: FIXATION
862252	  944.2	  544.8	  426.0	.
862254	  943.9	  544.9	  427.0	.
862256	  943.6	  545.3	  429.0	.
862258	  944.3	  545.2	  429.0	.
862260	  944.2	  545.1	  428.0	.
862262	  944.1	  545.2	  428.0	.
862264	  944.2	  545.2	  428.0	.
862266	  943.8	  545.3	  428.0	.
862268	  944.5	  545.2	  428.0	.
862270	  945.3	  545.4	  427.0	.
862272	  947.1	  545.0	  427.0	.
862274	  946.8	  545.1	  427.0	.
862276	  946.5	  545.2	  427.0	.
862278	  946.1	  545.2	  427.0	.
862280	  945.9	  545.1	  427.0	.
862282	  945.7	  545.3	  427.0	.
862284	  945.7	  545.5	  427.0	.
862286	  945.8	  546.2	  426.0	.
862288	  945.8	  546.1	  426.0	.
862290	  946.0	  547.5	  426.0	.
862292	  946.1	  548.8	  426.0	.
862294	  946.2	  548.5	  426.0	.
862296	  946.1	  549.0	  425.0	.
862298	  946.1	  548.5	  425.0	.
862300	  946.2	  548.2	  426.0	.
862302	  946.3	  548.1	  426.0	.
862304	  946.1	  548.1	  426.0	.
862306	  946.6	  548.0	  425.0	.
862308	  946.9	  548.0	  425.0	.
862310	  947.2	  548.2	  425.0	.
862312	  947.2	  547.7	  425.0	.
862314	  946.6	  548.1	  425.0	.
862316	  946.2	  547.4	  425.0	.
862318	  946.0	  546.8	  426.0	.
862320	  945.8	  547.1	  426.0	.
862322	  945.8	  547.4	  426.0	.
862324	  945.8	  547.3	  425.0	.
862326	  945.9	  547.3	  425.0	.
862328	  945.8	  547.2	  425.0	.
862330	  945.4	  547.2	  425.0	.
862332	  945.4	  547.8	  425.0	.
862334	  945.5	  547.5	  424.0	.
862336	  945.6	  547.3	  424.0	.
862338	  945.7	  547.2	  423.0	.
862340	  945.5	  547.2	  423.0	.
862342	  945.2	  546.0	  423.0	.
862344	  945.0	  545.5	  423.0	.
862346	  944.9	  545.3	  425.0	.
862348	  945.2	  545.2	  425.0	.
862350	  945.0	  545.7	  425.0	.
862352	  945.0	  545.8	  425.0	.
862354	  945.2	  545.6	  425.0	.
862356	  945.0	  545.6	  425.0	.
862358	  944.8	  545.6	  425.0	.
862360	  945.6	  546.2	  424.0	.
862362	  945.8	  546.8	  423.0	.
862364	  945.9	  548.1	  423.0	.
862366	  945.8	  547.7	  424.0	.
862368	  945.9	  547.4	  424.0	.
862370	  945.7	  547.5	  424.0	.
862372	  946.0	  547.5	  425.0	.
862374	  946.2	  547.4	  425.0	.
862376	  945.3	  547.6	  425.0	.
862378	  944.3	  547.5	  425.0	.
862380	  944.3	  547.3	  425.0	.
862382	  944.1	  546.9	  427.0	.
862384	  944.1	  546.7	  427.0	.
862386	  944.1	  546.6	  426.0	.
862388	  943.5	  546.6	  426.0	.
862390	  943.5	  546.5	  426.0	.
862392	  943.5	  546.6	  427.0	.
862394	  944.1	  546.8	  427.0	.
862396	  944.5	  546.3	  427.0	.
862398	  944.9	  545.6	  427.0	.
862400	  944.2	  545.7	  428.0	.
862402	  943.5	  545.8	  428.0	.
862404	  944.1	  545.8	  427.0	.
862406	  943.5	  545.8	  427.0	.
862408	  942.9	  546.5	  427.0	.
862410	  942.8	  547.0	  427.0	.
862412	  942.7	  546.8	  427.0	.
862414	  942.9	  547.2	  428.0	.
862416	  943.0	  546.6	  428.0	.
862418	  943.0	  546.0	  428.0	.
862420	  943.2	  545.8	  428.0	.
862422	  943.2	  545.6	  429.0	.
862424	  943.3	  545.6	  429.0	.
862426	  943.3	  545.5	  429.0	.
862428	  942.7	  545.6	  429.0	.
862430	  942.5	  545.6	  427.0	.
862432	  942.6	  545.7	  427.0	.
862434	  942.2	  546.2	  428.0	.
862436	  941.8	  546.1	  429.0	.
862438	  941.6	  546.0	  429.0	.
862440	  941.6	  545.2	  429.0	.
862442	  940.3	  545.8	  428.0	.
862444	  941.1	  546.1	  428.0	.
862446	  941.5	  547.0	  428.0	.
862448	  941.5	  547.2	  428.0	.
862450	  941.5	  546.6	  429.0	.
862452	  941.7	  546.7	  430.0	.
862454	  941.7	  546.7	  432.0	.
862456	  942.1	  547.5	  432.0	.
862458	  941.4	  547.6	  432.0	.
862460	  940.8	  547.3	  432.0	.
862462	  940.8	  546.8	  432.0	.
862464	  940.9	  547.0	  431.0	.
862466	  940.4	  546.6	  431.0	.
862468	  941.1	  546.0	  431.0	.
862470	  940.1	  546.2	  430.0	.
862472	  939.1	  546.0	  430.0	.
862474	  939.0	  545.8	  430.0	.
862476	  938.9	  545.2	  430.0	.
862478	  938.1	  545.7	  430.0	.
862480	  938.4	  546.0	  430.0	.
862482	  938.6	  546.0	  429.0	.
862484	  939.3	  546.0	  429.0	.
862486	  939.8	  545.7	  429.0	.
862488	  940.0	  546.2	  429.0	.
862490	  939.6	  546.4	  430.0	.
862492	  940.5	  546.6	  430.0	.
862494	  940.6	  546.5	  430.0	.
862496	  940.4	  546.8	  429.0	.
862498	  941.1	  546.5	  429.0	.
862500	  941.9	  546.8	  429.0	.
862502	  941.1	  545.8	  428.0	.
862504	  941.1	  545.4	  427.0	.
862506	  941.1	  545.2	  426.0	.
862508	  941.9	  545.6	  426.0	.
862510	  942.6	  545.5	  426.0	.
862512	  943.5	  545.4	  426.0	.
862514	  943.4	  546.2	  425.0	.
862516	  943.7	  546.1	  424.0	.
862518	  944.1	  546.2	  424.0	.
862520	  945.1	  545.9	  424.0	.
862522	  945.9	  545.4	  421.0	.
862524	  946.7	  545.8	  421.0	.
862526	  947.0	  545.9	  420.0	.
862528	  946.6	  546.0	  420.0	.
862530	  946.2	  546.6	  419.0	.
862532	  946.7	  547.1	  418.0	.
862534	  947.2	  546.7	  418.0	.
862536	  948.8	  548.3	  418.0	.
862538	  949.1	  550.1	  415.0	.
862540	  953.7	  549.9	  415.0	.
862542	  955.8	  550.0	  414.0	.
862544	  956.6	  551.4	  412.0	.
862546	  957.0	  552.8	  412.0	.
862548	  956.5	  553.3	  411.0	.
862550	  956.9	  552.8	  408.0	.
862552	  956.7	  552.7	  406.0	.
862554	  956.7	  552.6	  405.0	.
862556	  956.6	  553.3	  405.0	.
862558	  956.9	  553.3	  405.0	.
862560	  956.5	  553.4	  402.0	.
862562	  956.3	  553.5	  400.0	.
862564	  956.0	  552.9	  399.0	.
862566	  955.7	  552.2	  398.0	.
862568	  955.1	  552.2	  397.0	.
862570	  954.5	  552.1	  392.0	.
862572	  954.5	  552.4	  391.0	.
862574	  954.6	  551.6	  390.0	.
862576	  954.9	  550.7	  389.0	.
862578	  954.9	  550.9	  389.0	.
862580	  953.7	  551.2	  386.0	.
862582	  953.6	  550.1	  384.0	.
862584	  953.8	  550.6	  383.0	.
862586	  954.1	  551.1	  383.0	.
862588	  953.5	  552.0	  381.0	.
862590	  953.8	  552.0	  377.0	.
862592	  953.9	  552.2	  375.0	.
862594	  954.9	  552.4	  373.0	.
862596	  955.5	  552.7	  371.0	.
862598	  956.4	  554.3	  369.0	.
862600	  957.0	  555.0	  365.0	.
862602	  957.6	  555.6	  365.0	.
862604	  959.7	  556.4	  365.0	.
862606	  959.9	  557.5	  363.0	.
862608	  959.6	  558.2	  362.0	.
862610	  960.6	  558.8	  361.0	.
862612	  960.6	  558.5	  360.0	.
862614	  960.7	  558.3	  360.0	.
862616	  959.6	  558.5	  358.0	.
862618	  958.6	  558.6	  358.0	.
862620	  958.4	  559.8	  357.0	.
862622	  959.6	  560.8	  357.0	.
862624	  960.5	  559.0	  355.0	.
862626	  960.8	  559.4	  354.0	.
862628	  960.5	  559.4	  352.0	.
862630	  960.6	  559.9	  348.0	.
862632	  960.7	  560.4	  348.0	.
862634	  961.2	  561.5	  347.0	.
862636	  962.4	  560.6	  347.0	.
862638	  962.1	  559.8	  343.0	.
862640	  963.0	  560.1	  342.0	.
862642	  963.2	  560.2	  341.0	.
862644	  963.0	  560.3	  340.0	.
862646	  963.7	  560.5	  339.0	.
862648	  964.3	  560.2	  338.0	.
862650	  963.8	  560.1	  337.0	.
862652	  964.4	  559.4	  336.0	.
862654	  964.3	  559.4	  336.0	.
862656	  964.2	  559.6	  336.0	.
862658	  964.4	  559.7	  334.0	.
862660	  963.7	  560.2	  332.0	.
862662	  963.7	  559.5	  330.0	.
862664	  963.6	  560.4	  329.0	.
862666	  963.5	  560.1	  329.0	.
862668	  963.5	  560.5	  328.0	.
862670	  962.1	  561.0	  328.0	.
862672	  961.7	  561.1	  328.0	.
862674	  961.4	  561.1	  328.0	.
862676	  961.4	  562.2	  327.0	.
862678	  961.8	  561.9	  327.0	.
862680	  962.1	  562.3	  327.0	.
862682	  962.2	  562.6	  326.0	.
862684	  962.5	  561.6	  326.0	.
862686	  962.4	  560.5	  322.0	.
862688	  961.8	  560.8	  321.0	.
862690	  961.2	  560.7	  321.0	.
862692	  961.1	  561.2	  319.0	.
862694	  961.0	  561.6	  318.0	.
862696	  960.7	  560.5	  315.0	.
862698	  961.7	  560.4	  314.0	.
862700	  962.7	  560.3	  312.0	.
862702	  962.9	  558.4	  312.0	.
862704	  963.3	  558.6	  312.0	.
862706	  963.5	  558.8	  311.0	.
862708	  963.8	  559.6	  310.0	.
862710	  963.7	  557.4	  310.0	.
862712	  963.4	  555.3	  308.0	.
862714	  963.3	  553.5	  307.0	.
862716	  963.4	  553.6	  306.0	.
862718	  963.6	  553.5	  302.0	.
862720	  963.8	  551.7	  300.0	.
862722	  963.9	  549.9	  300.0	.
862724	  964.9	  550.5	  300.0	.
862726	  965.9	  551.1	  299.0	.
862728	  966.3	  551.6	  298.0	.
862730	  966.4	  552.1	  297.0	.
862732	  966.5	  552.5	  297.0	.
862734	  966.5	  552.9	  296.0	.
862736	  966.5	  553.3	  296.0	.
862738	  966.6	  553.4	  296.0	.
862740	  966.2	  553.7	  295.0	.
862742	  966.6	  553.7	  293.0	.
862744	  967.0	  552.5	  293.0	.
862746	  966.5	  553.1	  293.0	.
862748	  966.1	  552.8	  293.0	.
862750	  965.5	  553.0	  293.0	.
862752	  965.4	  552.4	  292.0	.
862754	  966.2	  552.9	  292.0	.
862756	  966.6	  552.6	  292.0	.
862758	  966.9	  552.4	  292.0	.
862760	  967.4	  552.6	  291.0	.
862762	  967.1	  551.2	  290.0	.
862764	  967.0	  549.9	  287.0	.
862766	  966.7	  550.3	  286.0	.
862768	  965.7	  550.6	  285.0	.
862770	  966.5	  550.6	  285.0	.
862772	  967.4	  552.5	  285.0	.
862774	  967.5	  553.1	  285.0	.
862776	  967.5	  553.6	  282.0	.
862778	  967.3	  555.2	  282.0	.
862780	  967.4	  555.8	  283.0	.
862782	  967.2	  555.7	  282.0	.
862784	  967.8	  555.4	  282.0	.
862786	  968.1	  555.1	  282.0	.
862788	  968.3	  554.8	  280.0	.
862790	  967.7	  553.9	  279.0	.
862792	  968.7	  553.3	  278.0	.
862794	  969.9	  553.4	  277.0	.
862796	  970.1	  553.4	  276.0	.
862798	  970.3	  553.4	  276.0	.
862800	  970.9	  553.3	  276.0	.
862802	  970.8	  555.1	  276.0	.
862804	  970.9	  554.6	  276.0	.
862806	  971.1	  555.2	  275.0	.
862808	  971.6	  555.0	  275.0	.
862810	  971.7	  554.8	  275.0	.
862812	  970.9	  554.5	  275.0	.
862814	  970.0	  554.1	  275.0	.
862816	  970.5	  554.0	  275.0	.
862818	  971.1	  554.3	  276.0	.
862820	  971.8	  554.3	  276.0	.
862822	  972.1	  554.3	  275.0	.
862824	  972.2	  554.6	  275.0	.
862826	  972.2	  554.9	  275.0	.
862828	  972.2	  555.3	  272.0	.
862830	  972.5	  555.5	  271.0	.
862832	  971.5	  556.5	  271.0	.
862834	  971.2	  557.3	  269.0	.
862836	  971.2	  557.4	  269.0	.
862838	  970.3	  557.7	  269.0	.
862840	  970.6	  561.0	  268.0	.
862842	  970.5	  564.3	  268.0	.
862844	  970.1	  565.4	  267.0	.
862846	  969.9	  566.4	  266.0	.
862848	  970.2	  570.3	  265.0	.
862850	  970.3	  574.1	  265.0	.
862852	  970.6	  573.6	  265.0	.
862854	  970.3	  574.0	  265.0	.
862856	  970.2	  574.2	  264.0	.
862858	  970.1	  574.2	  263.0	.
862860	  970.1	  574.3	  263.0	.
862862	  970.3	  575.2	  263.0	.
862864	  970.5	  575.6	  262.0	.
862866	  970.1	  575.4	  261.0	.
862868	  969.7	  575.2	  261.0	.
862870	  969.8	  574.7	  261.0	.
862872	  970.0	  574.6	  260.0	.
862874	  969.9	  574.9	  260.0	.
862876	  969.7	  574.3	  260.0	.
862878	  969.5	  574.2	  260.0	.
862880	  969.5	  574.2	  260.0	.
862882	  970.0	  574.1	  260.0	.
862884	  970.0	  574.5	  260.0	.
862886	  970.1	  574.6	  260.0	.
862888	  970.1	  574.6	  260.0	.
862890	  970.3	  574.6	  260.0	.
862892	  970.5	  574.6	  260.0	.
862894	  970.9	  574.5	  260.0	.
862896	  971.3	  574.5	  259.0	.
862898	  971.0	  574.2	  259.0	.
862900	  970.9	  573.9	  259.0	.
862902	  970.0	  573.7	  259.0	.
862904	  969.9	  573.5	  259.0	.
862906	  969.6	  572.0	  259.0	.
862908	  969.6	  572.4	  259.0	.
862910	  969.3	  572.5	  257.0	.
862912	  969.6	  572.5	  257.0	.
862914	  969.4	  572.6	  258.0	.
862916	  969.3	  572.5	  258.0	.
862918	  969.4	  572.4	  258.0	.
862920	  969.3	  572.1	  259.0	.
862922	  969.8	  572.0	  259.0	.
862924	  969.9	  572.5	  259.0	.
862926	  970.4	  572.4	  259.0	.
862928	  970.2	  572.7	  259.0	.
862930	  970.0	  572.9	  257.0	.
862932	  969.0	  572.7	  256.0	.
862934	  969.0	  573.4	  255.0	.
862936	  969.5	  573.2	  254.0	.
862938	  969.9	  573.2	  253.0	.
862940	  969.8	  573.3	  254.0	.
862942	  970.1	  573.3	  253.0	.
862944	  969.6	  572.9	  252.0	.
862946	  969.7	  573.1	  252.0	.
862948	  969.5	  573.2	  252.0	.
862950	  969.4	  573.6	  251.0	.
862952	  969.4	  573.6	  251.0	.
862954	  970.7	  573.5	  250.0	.
862956	  970.9	  573.4	  250.0	.
862958	  970.9	  573.4	  252.0	.
862960	  971.3	  573.6	  251.0	.
862962	  970.8	  572.9	  251.0	.
862964	  970.4	  572.6	  250.0	.
862966	  970.0	  572.4	  250.0	.
862968	  969.6	  572.0	  250.0	.
862970	  970.3	  571.8	  250.0	.
862972	  971.0	  572.2	  250.0	.
862974	  971.9	  572.1	  249.0	.
862976	  972.1	  572.0	  249.0	.
862978	  972.0	  571.5	  248.0	.
862980	  971.9	  570.9	  247.0	.
862982	  971.8	  570.7	  247.0	.
862984	  971.7	  571.3	  248.0	.
862986	  971.6	  571.3	  250.0	.
862988	  971.8	  571.9	  250.0	.
862990	  970.8	  572.2	  249.0	.
862992	  969.7	  572.1	  248.0	.
862994	  969.5	  572.9	  247.0	.
862996	  970.1	  572.5	  247.0	.
862998	  970.4	  572.4	  247.0	.
863000	  970.6	  572.2	  247.0	.
863002	  970.1	  572.7	  246.0	.
863004	  969.6	  573.0	  246.0	.
863006	  968.7	  573.9	  245.0	.
863008	  968.6	  573.8	  245.0	.
863010	  969.0	  573.9	  245.0	.
863012	  969.1	  573.9	  246.0	.
863014	  969.3	  573.9	  248.0	.
863016	  969.7	  574.3	  248.0	.
863018	  969.0	  574.9	  247.0	.
863020	  968.1	  574.6	  247.0	.
863022	  968.1	  574.2	  246.0	.
863024	  968.0	  573.9	  246.0	.
863026	  968.8	  573.5	  247.0	.
863028	  968.6	  573.0	  247.0	.
863030	  969.5	  572.5	  246.0	.
863032	  969.5	  570.1	  246.0	.
863034	  969.7	  570.4	  245.0	.
863036	  970.7	  570.6	  245.0	.
863038	  970.4	  571.5	  245.0	.
863040	  969.9	  571.3	  245.0	.
863042	  969.5	  571.3	  245.0	.
863044	  970.0	  571.2	  245.0	.
863046	  970.4	  571.1	  245.0	.
863048	  970.6	  570.1	  245.0	.
863050	  970.8	  569.1	  242.0	.
863052	  970.7	  568.6	  242.0	.
863054	  970.8	  568.4	  242.0	.
863056	  970.8	  568.4	  242.0	.
863058	  971.0	  568.6	  242.0	.
863060	  971.3	  568.3	  243.0	.
863062	  971.1	  568.6	  242.0	.
863064	  970.8	  568.2	  242.0	.
863066	  971.5	  567.6	  243.0	.
863068	  971.3	  567.2	  243.0	.
863070	  971.6	  567.8	  243.0	.
863072	  971.5	  568.6	  244.0	.
863074	  971.5	  570.3	  245.0	.
863076	  971.9	  570.6	  245.0	.
863078	  971.3	  570.4	  245.0	.
863080	  970.5	  570.1	  243.0	.
863082	  970.7	  568.4	  242.0	.
863084	  970.5	  568.4	  242.0	.
863086	  970.6	  570.4	  242.0	.
863088	  970.0	  570.7	  242.0	.
863090	  969.8	  570.4	  242.0	.
863092	  969.5	  570.9	  242.0	.
863094	  969.0	  571.6	  243.0	.
863096	  969.2	  572.8	  243.0	.
863098	  968.5	  572.9	  243.0	.
863100	  968.3	  573.8	  244.0	.
863102	  968.4	  574.7	  244.0	.
863104	  968.3	  574.4	  243.0	.
863106	  967.4	  574.3	  243.0	.
863108	  966.5	  575.1	  241.0	.
863110	  967.4	  574.8	  242.0	.
863112	  967.5	  575.6	  242.0	.
863114	  967.4	  574.3	  242.0	.
863116	  967.9	  572.9	  242.0	.
863118	  968.6	  572.1	  243.0	.
863120	  968.2	  572.7	  243.0	.
863122	  968.1	  572.5	  243.0	.
863124	  968.2	  573.1	  243.0	.
863126	  968.3	  572.9	  243.0	.
863128	  969.0	  572.6	  242.0	.
863130	  969.7	  572.3	  242.0	.
863132	  969.2	  572.2	  242.0	.
863134	  968.6	  572.2	  242.0	.
863136	  969.6	  571.8	  242.0	.
863138	  970.5	  570.5	  242.0	.
863140	  969.7	  569.3	  242.0	.
863142	  969.5	  569.8	  242.0	.
863144	  969.4	  569.0	  242.0	.
863146	  969.4	  568.3	  242.0	.
863148	  968.3	  569.0	  242.0	.
863150	  968.0	  569.1	  242.0	.
863152	  967.8	  568.9	  242.0	.
863154	  967.8	  569.7	  241.0	.
863156	  967.8	  569.8	  241.0	.
863158	  967.3	  570.0	  241.0	.
863160	  967.1	  570.1	  241.0	.
863162	  966.9	  570.2	  241.0	.
863164	  966.8	  570.0	  242.0	.
863166	  967.2	  569.7	  242.0	.
863168	  967.0	  569.6	  242.0	.
863170	  966.7	  570.0	  242.0	.
863172	  966.9	  569.9	  242.0	.
863174	  966.2	  570.3	  241.0	.
863176	  967.1	  569.6	  241.0	.
863178	  965.8	  569.6	  241.0	.
863180	  965.5	  569.4	  241.0	.
863182	  965.4	  569.0	  242.0	.
863184	  965.5	  569.1	  242.0	.
863186	  965.5	  569.1	  242.0	.
863188	  965.6	  568.6	  242.0	.
863190	  965.7	  568.7	  242.0	.
863192	  966.0	  568.8	  242.0	.
863194	  965.4	  569.6	  242.0	.
863196	  964.9	  569.3	  242.0	.
863198	  964.8	  569.2	  243.0	.
863200	  965.0	  569.2	  245.0	.
863202	  964.0	  569.1	  244.0	.
863204	  964.4	  570.4	  244.0	.
863206	  964.5	  571.7	  244.0	.
863208	  964.6	  571.0	  244.0	.
863210	  965.3	  571.0	  244.0	.
863212	  965.7	  571.2	  244.0	.
863214	  965.0	  570.3	  244.0	.
863216	  964.5	  571.9	  244.0	.
863218	  964.6	  572.5	  244.0	.
863220	  963.8	  572.9	  245.0	.
863222	  964.2	  571.5	  246.0	.
863224	  964.1	  571.5	  246.0	.
863226	  963.9	  571.7	  246.0	.
863228	  963.0	  572.1	  246.0	.
863230	  964.2	  571.7	  245.0	.
863232	  963.9	  572.3	  245.0	.
863234	  964.0	  572.8	  245.0	.
863236	  964.2	  572.0	  244.0	.
863238	  963.1	  571.2	  244.0	.
863240	  963.4	  569.3	  244.0	.
863242	  963.3	  569.1	  244.0	.
863244	  963.4	  569.1	  244.0	.
863246	  963.0	  569.3	  244.0	.
863248	  962.6	  569.6	  244.0	.
863250	  961.7	  569.7	  244.0	.
863252	  961.9	  570.0	  246.0	.
863254	  962.1	  570.2	  248.0	.
863256	  961.8	  569.9	  248.0	.
863258	  962.0	  569.4	  248.0	.
863260	  962.2	  569.0	  248.0	.
863262	  962.4	  569.2	  248.0	.
863264	  962.7	  569.5	  248.0	.
863266	  963.1	  570.0	  248.0	.
863268	  963.4	  570.8	  248.0	.
863270	  963.5	  571.4	  248.0	.
863272	  963.2	  571.1	  249.0	.
863274	  963.2	  571.0	  249.0	.
863276	  963.0	  571.0	  249.0	.
863278	  963.1	  571.0	  249.0	.
863280	  962.9	  570.1	  250.0	.
863282	  964.4	  569.9	  250.0	.
863284	  964.1	  569.1	  250.0	.
863286	  964.0	  569.5	  250.0	.
863288	  963.8	  570.1	  249.0	.
863290	  964.5	  570.2	  249.0	.
863292	  963.8	  570.6	  249.0	.
863294	  963.1	  570.7	  249.0	.
863296	  962.3	  571.0	  249.0	.
863298	  963.4	  570.5	  250.0	.
863300	  964.4	  570.2	  250.0	.
863302	  965.3	  570.1	  250.0	.
863304	  964.9	  570.4	  251.0	.
863306	  964.6	  570.5	  251.0	.
863308	  964.2	  570.3	  251.0	.
863310	  964.2	  570.6	  251.0	.
863312	  964.4	  569.7	  252.0	.
863314	  964.0	  569.9	  252.0	.
863316	  963.9	  570.3	  252.0	.
863318	  964.0	  570.3	  253.0	.
863320	  963.8	  570.0	  253.0	.
863322	  964.0	  569.5	  254.0	.
863324	  964.2	  569.3	  255.0	.
863326	  964.3	  569.9	  257.0	.
863328	  964.3	  570.6	  257.0	.
863330	  964.8	  569.3	  257.0	.
863332	  964.4	  568.3	  257.0	.
863334	  964.2	  567.6	  256.0	.
863336	  964.0	  567.0	  256.0	.
863338	  963.9	  566.6	  255.0	.
863340	  964.3	  567.5	  255.0	.
863342	  964.8	  568.4	  256.0	.
863344	  964.4	  568.3	  257.0	.
863346	  964.5	  568.0	  257.0	.
863348	  964.3	  565.4	  257.0	.
863350	  964.8	  565.1	  258.0	.
863352	  965.1	  565.3	  258.0	.
863354	  965.2	  565.5	  258.0	.
863356	  965.2	  565.6	  259.0	.
863358	  965.3	  565.6	  258.0	.
863360	  965.7	  569.0	  259.0	.
863362	  965.7	  569.7	  259.0	.
863364	  965.7	  569.3	  259.0	.
863366	  965.9	  570.2	  260.0	.
863368	  965.8	  570.2	  259.0	.
863370	  965.6	  570.2	  260.0	.
863372	  965.6	  570.7	  260.0	.
863374	  965.5	  569.5	  260.0	.
863376	  965.4	  570.2	  260.0	.
863378	  965.2	  570.9	  260.0	.
863380	  965.3	  573.4	  260.0	.
863382	  964.5	  572.9	  260.0	.
863384	  964.6	  573.0	  260.0	.
863386	  964.7	  572.2	  260.0	.
863388	  965.6	  572.4	  260.0	.
863390	  965.6	  572.0	  261.0	.
863392	  965.5	  572.2	  261.0	.
863394	  965.9	  572.3	  261.0	.
863396	  965.8	  572.3	  263.0	.
863398	  966.3	  572.3	  263.0	.
863400	  966.3	  572.8	  263.0	.
863402	  966.3	  573.4	  263.0	.
863404	  966.1	  572.9	  263.0	.
863406	  966.0	  572.5	  263.0	.
863408	  965.6	  570.5	  264.0	.
863410	  965.8	  570.3	  265.0	.
863412	  965.6	  570.3	  265.0	.
863414	  966.1	  569.7	  265.0	.
863416	  966.5	  569.2	  267.0	.
EFIX L   862146	863416	1272	  958.8	  559.7	    324
SSACC L  863418
863418	  967.5	  568.0	  269.0	.
863420	  969.8	  563.4	  269.0	.
863422	  970.5	  559.0	  270.0	.
863424	  971.3	  554.0	  270.0	.
ESACC L  863418	863424	8	  967.5	  568.0	  970.5	  559.0	   0.26	     56
SFIX L   863426
863426	  972.5	  552.8	  270.0	.
863428	  973.4	  551.8	  270.0	.
863430	  974.4	  551.4	  270.0	.
863432	  973.4	  551.5	  270.0	.
863434	  973.0	  551.0	  270.0	.
863436	  972.5	  550.6	  270.0	.
863438	  972.2	  549.4	  271.0	.
863440	  972.0	  548.9	  272.0	.
863442	  972.1	  549.5	  272.0	.
863444	  971.8	  549.7	  272.0	.
863446	  972.1	  549.6	  271.0	.
863448	  971.7	  550.6	  271.0	.
863450	  971.4	  549.4	  271.0	.
863452	  971.1	  548.3	  271.0	.
863454	  971.2	  549.5	  271.0	.
863456	  971.0	  548.6	  271.0	.
863458	  970.3	  548.6	  272.0	.
863460	  970.1	  548.7	  272.0	.
863462	  970.1	  548.7	  273.0	.
863464	  969.6	  548.9	  273.0	.
863466	  969.2	  544.6	  273.0	.
863468	  969.0	  544.6	  274.0	.
863470	  969.0	  544.6	  274.0	.
863472	  969.7	  544.6	  273.0	.
863474	  970.1	  544.8	  274.0	.
863476	  970.3	  543.9	  274.0	.
863478	  969.6	  543.8	  274.0	.
863480	  968.8	  544.3	  275.0	.
863482	  968.7	  544.5	  276.0	.
863484	  968.5	  544.9	  276.0	.
863486	  968.9	  545.1	  276.0	.
863488	  969.1	  544.7	  275.0	.
863490	  969.2	  544.2	  276.0	.
863492	  969.2	  544.5	  275.0	.
863494	  969.4	  544.7	  275.0	.
863496	  968.8	  545.5	  275.0	.
863498	  968.2	  546.3	  275.0	.
863500	  968.6	  545.7	  275.0	.
863502	  969.0	  545.0	  276.0	.
863504	  969.8	  544.9	  277.0	.
863506	  969.9	  545.3	  278.0	.
863508	  969.6	  545.8	  277.0	.
863510	  969.4	  546.9	  279.0	.
863512	  969.2	  548.0	  280.0	.
863514	  969.0	  547.3	  280.0	.
863516	  968.2	  546.8	  280.0	.
863518	  967.5	  546.6	  281.0	.
863520	  967.3	  547.6	  281.0	.
863522	  967.1	  547.0	  282.0	.
863524	  967.1	  546.6	  282.0	.
863526	  967.2	  546.0	  283.0	.
863528	  967.5	  545.8	  283.0	.
863530	  967.5	  545.6	  283.0	.
863532	  966.3	  545.0	  282.0	.
863534	  966.2	  545.0	  283.0	.
863536	  966.1	  545.1	  282.0	.
863538	  966.2	  545.6	  282.0	.
863540	  967.1	  547.2	  282.0	.
863542	  966.5	  547.0	  282.0	.
863544	  966.4	  546.7	  282.0	.
863546	  966.4	  546.2	  282.0	.
863548	  966.5	  545.8	  282.0	.
863550	  966.6	  546.5	  282.0	.
863552	  966.6	  546.4	  282.0	.
863554	  966.8	  546.2	  283.0	.
863556	  965.9	  546.8	  283.0	.
863558	  966.2	  547.1	  284.0	.
863560	  966.2	  546.8	  284.0	.
863562	  966.2	  546.9	  284.0	.
863564	  967.0	  546.7	  284.0	.
863566	  966.2	  547.5	  284.0	.
863568	  965.3	  548.4	  284.0	.
863570	  965.4	  548.3	  284.0	.
863572	  965.2	  548.4	  284.0	.
863574	  965.3	  548.2	  284.0	.
863576	  965.4	  548.2	  285.0	.
863578	  964.8	  547.5	  286.0	.
863580	  964.7	  546.9	  286.0	.
863582	  964.9	  547.3	  286.0	.
863584	  964.1	  547.5	  286.0	.
863586	  965.2	  547.3	  285.0	.
863588	  966.4	  547.2	  286.0	.
863590	  966.1	  547.2	  286.0	.
863592	  966.5	  545.8	  286.0	.
863594	  966.7	  546.2	  286.0	.
863596	  966.6	  545.5	  286.0	.
863598	  966.6	  545.4	  287.0	.
863600	  967.3	  545.4	  287.0	.
863602	  967.9	  544.9	  287.0	.
863604	  968.4	  544.4	  287.0	.
863606	  968.5	  543.5	  287.0	.
863608	  968.2	  543.7	  287.0	.
863610	  968.7	  543.7	  288.0	.
863612	  969.2	  543.8	  290.0	.
863614	  968.4	  543.2	  290.0	.
863616	  967.6	  542.7	  290.0	.
863618	  968.6	  542.7	  294.0	.
863620	  968.8	  542.1	  294.0	.
863622	  968.8	  541.5	  294.0	.
863624	  968.8	  542.2	  294.0	.
863626	  968.5	  542.8	  295.0	.
863628	  968.7	  543.3	  295.0	.
863630	  966.8	  544.0	  293.0	.
863632	  965.0	  543.7	  291.0	.
863634	  965.8	  543.0	  291.0	.
863636	  965.8	  542.8	  291.0	.
863638	  965.7	  542.7	  292.0	.
863640	  964.8	  543.3	  292.0	.
863642	  964.9	  542.9	  293.0	.
863644	  965.0	  542.5	  293.0	.
863646	  965.0	  542.5	  293.0	.
863648	  966.1	  542.5	  293.0	.
863650	  966.2	  541.8	  295.0	.
863652	  966.3	  542.2	  295.0	.
863654	  966.4	  542.6	  295.0	.
863656	  966.0	  542.4	  295.0	.
863658	  965.5	  542.3	  295.0	.
863660	  965.2	  542.5	  295.0	.
863662	  965.1	  542.5	  296.0	.
863664	  965.2	  542.9	  296.0	.
863666	  964.4	  543.2	  294.0	.
863668	  964.7	  543.2	  294.0	.
863670	  964.5	  543.6	  294.0	.
863672	  964.3	  543.5	  294.0	.
863674	  964.2	  544.0	  294.0	.
863676	  964.3	  544.4	  295.0	.
863678	  964.6	  544.5	  295.0	.
863680	  965.1	  544.4	  295.0	.
863682	  964.0	  545.4	  294.0	.
863684	  963.7	  546.2	  294.0	.
863686	  963.1	  546.9	  294.0	.
863688	  963.0	  547.5	  295.0	.
863690	  963.0	  548.2	  295.0	.
863692	  963.6	  548.4	  296.0	.
863694	  963.2	  548.4	  296.0	.
863696	  963.7	  549.3	  297.0	.
863698	  963.9	  548.3	  296.0	.
863700	  963.1	  548.7	  296.0	.
863702	  962.8	  548.9	  296.0	.
863704	  963.0	  549.0	  296.0	.
863706	  963.1	  549.1	  297.0	.
863708	  963.8	  549.5	  298.0	.
863710	  963.7	  549.9	  301.0	.
863712	  963.8	  551.9	  301.0	.
863714	  963.8	  552.0	  302.0	.
863716	  963.9	  552.1	  302.0	.
863718	  964.2	  552.0	  303.0	.
863720	  964.3	  552.6	  303.0	.
863722	  963.3	  552.8	  304.0	.
863724	  963.6	  552.7	  304.0	.
863726	  963.8	  552.6	  304.0	.
863728	  963.8	  552.7	  304.0	.
863730	  963.9	  552.7	  304.0	.
863732	  964.0	  552.0	  303.0	.
863734	  964.2	  552.0	  302.0	.
863736	  963.9	  552.3	  302.0	.
863738	  964.1	  552.4	  302.0	.
863740	  963.6	  552.7	  304.0	.
863742	  964.9	  553.5	  304.0	.
863744	  964.6	  553.8	  304.0	.
863746	  964.2	  553.1	  304.0	.
863748	  964.5	  553.0	  304.0	.
863750	  964.4	  553.1	  305.0	.
863752	  964.1	  553.2	  304.0	.
863754	  964.8	  552.2	  303.0	.
863756	  964.0	  552.4	  302.0	.
863758	  964.4	  551.9	  302.0	.
863760	  964.7	  551.7	  303.0	.
863762	  964.1	  551.9	  304.0	.
863764	  963.4	  552.1	  304.0	.
863766	  962.9	  552.1	  305.0	.
863768	  962.4	  552.5	  305.0	.
863770	  961.7	  552.9	  306.0	.
863772	  960.8	  552.9	  306.0	.
863774	  961.3	  552.9	  307.0	.
863776	  961.6	  553.2	  307.0	.
863778	  961.8	  553.6	  307.0	.
863780	  961.2	  554.6	  307.0	.
863782	  961.2	  554.0	  308.0	.
863784	  961.2	  554.6	  308.0	.
863786	  961.4	  554.5	  308.0	.
863788	  961.6	  554.7	  309.0	.
863790	  962.3	  553.8	  309.0	.
863792	  962.1	  554.1	  309.0	.
863794	  962.0	  553.9	  309.0	.
863796	  960.9	  553.9	  310.0	.
863798	  961.4	  555.0	  310.0	.
863800	  961.5	  553.9	  309.0	.
863802	  960.9	  553.0	  309.0	.
863804	  960.2	  552.5	  309.0	.
863806	  960.0	  552.0	  310.0	.
863808	  959.7	  551.4	  310.0	.
863810	  960.7	  551.4	  310.0	.
863812	  960.0	  551.2	  312.0	.
863814	  959.5	  551.1	  313.0	.
863816	  959.2	  552.1	  313.0	.
863818	  959.8	  552.5	  313.0	.
863820	  960.2	  552.6	  314.0	.
863822	  960.2	  552.2	  314.0	.
863824	  960.2	  552.2	  314.0	.
863826	  959.6	  552.4	  314.0	.
863828	  959.0	  552.7	  314.0	.
863830	  959.3	  552.0	  314.0	.
863832	  959.6	  551.4	  314.0	.
863834	  959.5	  552.6	  315.0	.
863836	  959.2	  552.5	  316.0	.
863838	  959.2	  552.3	  316.0	.
863840	  958.7	  551.9	  316.0	.
863842	  958.3	  552.0	  315.0	.
863844	  958.1	  552.0	  316.0	.
863846	  957.9	  551.2	  315.0	.
863848	  957.1	  551.2	  316.0	.
863850	  956.4	  551.4	  316.0	.
863852	  957.1	  551.5	  316.0	.
863854	  957.7	  551.6	  317.0	.
863856	  957.3	  552.0	  317.0	.
863858	  957.0	  552.9	  317.0	.
863860	  956.6	  553.5	  317.0	.
863862	  956.7	  553.9	  317.0	.
863864	  956.9	  554.7	  319.0	.
863866	  957.0	  554.8	  319.0	.
863868	  957.4	  554.9	  320.0	.
863870	  957.6	  556.5	  321.0	.
863872	  957.1	  557.9	  322.0	.
863874	  957.4	  558.5	  324.0	.
863876	  957.7	  559.1	  324.0	.
863878	  958.2	  562.9	  324.0	.
863880	  957.9	  562.2	  324.0	.
863882	  957.6	  562.1	  324.0	.
863884	  957.8	  562.2	  324.0	.
863886	  957.5	  561.6	  324.0	.
863888	  957.4	  561.5	  324.0	.
863890	  957.1	  561.3	  324.0	.
863892	  957.0	  559.9	  324.0	.
863894	  956.9	  559.4	  324.0	.
863896	  956.8	  559.4	  325.0	.
863898	  956.8	  559.4	  325.0	.
863900	  956.9	  559.0	  325.0	.
863902	  956.8	  558.8	  325.0	.
863904	  957.0	  558.6	  325.0	.
863906	  957.0	  559.2	  325.0	.
863908	  957.1	  558.8	  325.0	.
863910	  957.1	  558.5	  325.0	.
863912	  957.2	  557.2	  325.0	.
863914	  957.1	  558.1	  326.0	.
863916	  958.0	  558.9	  328.0	.
863918	  958.3	  559.6	  328.0	.
863920	  958.7	  558.1	  329.0	.
863922	  959.4	  556.5	  329.0	.
863924	  960.4	  555.3	  330.0	.
863926	  959.6	  555.4	  330.0	.
863928	  959.5	  555.4	  330.0	.
863930	  959.7	  557.1	  330.0	.
863932	  960.1	  558.9	  330.0	.
863934	  959.6	  558.5	  330.0	.
863936	  959.4	  558.2	  330.0	.
863938	  959.8	  557.0	  330.0	.
863940	  960.0	  557.0	  330.0	.
863942	  960.0	  557.5	  329.0	.
863944	  960.1	  558.1	  330.0	.
863946	  960.6	  558.7	  330.0	.
863948	  959.8	  559.6	  330.0	.
863950	  958.8	  558.9	  331.0	.
863952	  959.3	  559.0	  331.0	.
863954	  959.7	  559.0	  331.0	.
863956	  959.7	  558.2	  330.0	.
863958	  959.6	  558.4	  330.0	.
863960	  959.6	  558.7	  330.0	.
863962	  959.5	  558.7	  330.0	.
863964	  959.8	  559.8	  330.0	.
863966	  960.1	  560.9	  329.0	.
863968	  960.6	  559.9	  329.0	.
863970	  960.6	  559.9	  328.0	.
863972	  960.7	  559.9	  328.0	.
863974	  960.5	  559.5	  329.0	.
863976	  960.7	  559.8	  329.0	.
863978	  960.8	  560.1	  329.0	.
863980	  961.2	  560.5	  332.0	.
863982	  961.4	  560.9	  333.0	.
863984	  962.1	  561.9	  333.0	.
863986	  962.2	  561.4	  333.0	.
863988	  962.3	  561.2	  333.0	.
863990	  962.7	  561.2	  333.0	.
863992	  963.3	  561.0	  332.0	.
863994	  962.9	  561.3	  332.0	.
863996	  963.1	  561.4	  332.0	.
863998	  963.0	  560.5	  332.0	.
864000	  963.1	  560.3	  332.0	.
864002	  963.1	  560.1	  332.0	.
864004	  962.3	  559.2	  331.0	.
864006	  961.5	  559.5	  331.0	.
864008	  962.1	  559.6	  331.0	.
864010	  962.6	  559.5	  332.0	.
864012	  962.6	  559.5	  332.0	.
864014	  963.2	  559.5	  332.0	.
864016	  963.3	  559.2	  333.0	.
864018	  963.3	  559.5	  335.0	.
864020	  963.2	  559.1	  335.0	.
864022	  963.0	  558.8	  332.0	.
864024	  962.4	  557.7	  332.0	.
864026	  962.2	  557.8	  331.0	.
864028	  962.2	  557.4	  331.0	.
864030	  961.9	  558.2	  331.0	.
864032	  962.1	  558.9	  331.0	.
864034	  962.0	  558.4	  331.0	.
864036	  962.0	  557.9	  331.0	.
864038	  962.1	  559.1	  332.0	.
864040	  961.3	  559.8	  333.0	.
864042	  960.9	  560.1	  333.0	.
864044	  960.6	  559.8	  333.0	.
864046	  959.5	  559.6	  328.0	.
864048	  959.4	  558.7	  328.0	.
864050	  960.1	  559.0	  328.0	.
864052	  960.4	  559.6	  332.0	.
864054	  960.3	  558.8	  332.0	.
864056	  962.2	  558.3	  331.0	.
864058	  962.8	  557.9	  331.0	.
864060	  962.2	  557.1	  329.0	.
864062	  961.5	  557.0	  329.0	.
864064	  960.2	  557.0	  329.0	.
864066	  959.8	  556.3	  329.0	.
864068	  960.7	  556.1	  329.0	.
864070	  960.5	  556.0	  329.0	.
864072	  961.3	  554.7	  328.0	.
864074	  961.3	  554.7	  328.0	.
864076	  961.1	  553.6	  328.0	.
864078	  961.3	  554.1	  327.0	.
864080	  960.5	  554.7	  327.0	.
864082	  959.6	  555.5	  327.0	.
864084	  960.4	  555.7	  327.0	.
864086	  960.7	  555.9	  327.0	.
864088	  960.6	  553.6	  327.0	.
864090	  960.7	  553.5	  327.0	.
864092	  960.6	  553.5	  326.0	.
864094	  960.3	  552.5	  326.0	.
864096	  959.7	  551.7	  325.0	.
864098	  959.4	  551.5	  323.0	.
864100	  959.2	  551.4	  323.0	.
864102	  959.1	  550.0	  323.0	.
864104	  959.2	  549.6	  324.0	.
864106	  959.1	  549.0	  325.0	.
864108	  959.1	  547.0	  325.0	.
864110	  958.9	  549.0	  325.0	.
864112	  958.5	  548.3	  326.0	.
864114	  958.4	  548.9	  327.0	.
864116	  958.7	  549.4	  327.0	.
864118	  958.1	  547.1	  329.0	.
864120	  958.6	  548.6	  329.0	.
864122	  959.0	  550.0	  329.0	.
864124	  958.7	  548.3	  327.0	.
864126	  959.4	  549.2	  327.0	.
864128	  959.6	  550.3	  327.0	.
864130	  959.2	  548.9	  326.0	.
864132	  959.4	  548.3	  326.0	.
864134	  959.3	  548.1	  326.0	.
864136	  959.2	  548.0	  326.0	.
864138	  959.5	  548.0	  326.0	.
864140	  959.4	  548.1	  325.0	.
864142	  959.6	  550.5	  325.0	.
864144	  959.8	  551.8	  326.0	.
864146	  960.0	  552.2	  326.0	.
864148	  960.3	  552.5	  325.0	.
864150	  960.5	  552.1	  325.0	.
864152	  961.2	  552.5	  325.0	.
864154	  961.0	  551.8	  325.0	.
864156	  960.8	  551.0	  323.0	.
864158	  960.0	  552.0	  323.0	.
864160	  959.8	  550.4	  323.0	.
864162	  959.7	  548.8	  323.0	.
864164	  959.8	  549.4	  323.0	.
864166	  958.4	  548.8	  322.0	.
864168	  957.9	  548.0	  322.0	.
864170	  957.5	  551.0	  321.0	.
864172	  958.1	  550.0	  321.0	.
864174	  958.7	  549.2	  322.0	.
864176	  958.2	  549.3	  323.0	.
864178	  958.0	  548.7	  323.0	.
864180	  958.1	  548.0	  323.0	.
864182	  958.2	  548.8	  325.0	.
864184	  958.1	  546.9	  326.0	.
864186	  957.9	  544.9	  326.0	.
864188	  957.8	  543.9	  326.0	.
864190	  957.9	  543.8	  326.0	.
864192	  958.0	  543.7	  325.0	.
864194	  958.1	  543.8	  325.0	.
864196	  958.8	  543.7	  326.0	.
864198	  959.2	  544.3	  327.0	.
864200	  959.5	  544.9	  327.0	.
864202	  959.3	  544.5	  326.0	.
864204	  959.0	  544.2	  326.0	.
864206	  958.9	  544.7	  326.0	.
864208	  958.8	  543.9	  325.0	.
864210	  958.9	  544.4	  325.0	.
864212	  959.0	  544.8	  326.0	.
864214	  958.8	  544.8	  328.0	.
864216	  958.4	  544.8	  328.0	.
864218	  959.7	  544.7	  329.0	.
864220	  961.0	  544.6	  330.0	.
864222	  960.6	  544.7	  329.0	.
864224	  960.4	  544.8	  329.0	.
864226	  960.9	  549.8	  329.0	.
864228	  961.1	  552.1	  329.0	.
864230	  961.4	  553.1	  329.0	.
864232	  961.2	  552.1	  328.0	.
864234	  961.3	  552.6	  328.0	.
864236	  960.7	  553.0	  328.0	.
864238	  960.8	  553.0	  328.0	.
864240	  960.7	  552.9	  328.0	.
864242	  960.7	  552.8	  327.0	.
864244	  960.8	  550.8	  326.0	.
864246	  960.8	  550.1	  326.0	.
864248	  960.6	  550.0	  326.0	.
864250	  961.5	  549.9	  327.0	.
864252	  961.0	  549.9	  327.0	.
864254	  961.3	  549.9	  327.0	.
864256	  960.9	  549.3	  327.0	.
864258	  961.7	  548.9	  327.0	.
864260	  961.9	  548.5	  327.0	.
864262	  962.2	  548.5	  327.0	.
864264	  962.0	  548.3	  326.0	.
864266	  962.7	  549.5	  327.0	.
864268	  962.8	  549.9	  327.0	.
864270	  963.2	  550.4	  329.0	.
864272	  963.2	  551.5	  328.0	.
864274	  963.2	  550.9	  329.0	.
864276	  962.5	  552.0	  329.0	.
864278	  962.0	  553.2	  329.0	.
864280	  961.3	  554.4	  329.0	.
864282	  961.4	  554.9	  329.0	.
864284	  960.3	  554.4	  329.0	.
864286	  960.8	  553.8	  329.0	.
864288	  961.2	  553.4	  329.0	.
864290	  961.1	  553.4	  329.0	.
864292	  960.8	  553.2	  328.0	.
864294	  961.3	  552.1	  328.0	.
864296	  961.6	  552.0	  328.0	.
864298	  962.7	  551.6	  329.0	.
864300	  962.9	  551.2	  329.0	.
864302	  962.2	  551.1	  329.0	.
864304	  961.4	  550.9	  329.0	.
864306	  961.6	  551.3	  329.0	.
864308	  961.6	  551.6	  329.0	.
864310	  962.0	  551.1	  330.0	.
864312	  962.2	  550.5	  332.0	.
864314	  962.6	  552.2	  332.0	.
864316	  963.2	  552.8	  332.0	.
864318	  963.9	  553.4	  332.0	.
864320	  965.6	  552.9	  333.0	.
864322	  964.6	  552.9	  334.0	.
864324	  963.3	  551.0	  334.0	.
864326	  962.4	  548.8	  334.0	.
864328	  961.9	  547.5	  333.0	.
864330	  961.6	  548.1	  332.0	.
864332	  961.6	  548.6	  331.0	.
864334	  961.5	  548.6	  331.0	.
864336	  961.2	  548.7	  331.0	.
864338	  961.2	  549.3	  331.0	.
864340	  961.2	  549.9	  331.0	.
864342	  961.1	  550.2	  331.0	.
864344	  961.4	  550.4	  332.0	.
864346	  961.3	  547.2	  331.0	.
864348	  961.2	  547.4	  331.0	.
864350	  961.4	  547.4	  331.0	.
864352	  961.4	  547.8	  331.0	.
864354	  960.9	  547.7	  331.0	.
864356	  960.3	  547.8	  331.0	.
864358	  960.7	  547.1	  329.0	.
864360	  959.8	  547.0	  329.0	.
864362	  960.5	  547.1	  330.0	.
864364	  959.6	  545.4	  329.0	.
864366	  959.6	  545.5	  329.0	.
864368	  959.3	  545.5	  329.0	.
864370	  959.7	  547.3	  330.0	.
864372	  959.9	  548.5	  330.0	.
864374	  959.7	  548.4	  330.0	.
864376	  959.6	  548.3	  331.0	.
864378	  959.7	  548.0	  331.0	.
864380	  960.0	  548.7	  331.0	.
864382	  960.0	  547.2	  331.0	.
864384	  959.5	  547.2	  330.0	.
864386	  959.1	  547.2	  330.0	.
864388	  959.4	  547.1	  330.0	.
864390	  959.9	  547.4	  331.0	.
864392	  960.3	  547.8	  331.0	.
864394	  960.6	  547.9	  331.0	.
864396	  960.7	  547.9	  331.0	.
864398	  961.9	  549.2	  331.0	.
864400	  961.7	  549.7	  331.0	.
864402	  961.7	  550.2	  331.0	.
864404	  961.3	  550.7	  331.0	.
864406	  960.3	  551.4	  331.0	.
864408	  959.9	  551.1	  331.0	.
864410	  960.6	  550.8	  332.0	.
864412	  959.8	  548.8	  333.0	.
864414	  959.4	  548.9	  333.0	.
864416	  959.0	  549.1	  333.0	.
864418	  958.8	  546.7	  335.0	.
864420	  958.9	  547.2	  335.0	.
864422	  959.1	  547.8	  332.0	.
864424	  958.9	  547.6	  332.0	.
864426	  958.9	  548.6	  332.0	.
864428	  959.3	  548.9	  332.0	.
864430	  959.0	  549.1	  333.0	.
864432	  959.0	  549.2	  333.0	.
864434	  959.1	  550.1	  330.0	.
864436	  959.1	  551.0	  330.0	.
864438	  959.7	  549.5	  331.0	.
864440	  960.1	  548.0	  332.0	.
864442	  960.3	  547.8	  333.0	.
864444	  960.4	  548.8	  332.0	.
864446	  962.2	  549.6	  333.0	.
864448	  961.6	  549.6	  332.0	.
864450	  961.2	  549.6	  331.0	.
864452	  960.5	  549.5	  331.0	.
864454	  960.0	  549.4	  331.0	.
864456	  960.6	  546.3	  330.0	.
864458	  960.3	  546.9	  330.0	.
864460	  959.8	  546.1	  331.0	.
864462	  959.4	  546.8	  332.0	.
864464	  959.5	  547.4	  332.0	.
864466	  959.5	  545.5	  332.0	.
864468	  960.1	  545.9	  332.0	.
864470	  960.3	  546.4	  332.0	.
864472	  960.0	  545.6	  332.0	.
864474	  960.1	  546.4	  332.0	.
864476	  960.3	  547.0	  332.0	.
864478	  960.7	  548.1	  332.0	.
864480	  960.2	  549.3	  332.0	.
864482	  960.4	  552.8	  332.0	.
864484	  960.1	  552.5	  332.0	.
864486	  960.0	  552.1	  332.0	.
864488	  959.9	  553.1	  332.0	.
864490	  959.7	  553.0	  332.0	.
864492	  959.6	  552.9	  332.0	.
864494	  959.6	  553.2	  332.0	.
864496	  959.3	  553.5	  332.0	.
864498	  959.9	  553.5	  332.0	.
864500	  959.5	  553.7	  332.0	.
864502	  960.2	  555.5	  332.0	.
864504	  960.3	  555.7	  331.0	.
864506	  960.3	  556.0	  331.0	.
864508	  960.3	  556.4	  332.0	.
864510	  960.6	  556.9	  333.0	.
864512	  960.9	  557.3	  334.0	.
864514	  960.1	  558.9	  334.0	.
864516	  960.0	  559.5	  333.0	.
864518	  960.3	  560.1	  333.0	.
864520	  960.3	  560.4	  334.0	.
864522	  960.7	  560.7	  336.0	.
864524	  960.8	  560.8	  336.0	.
864526	  961.0	  560.9	  336.0	.
864528	  961.0	  561.8	  336.0	.
864530	  961.1	  561.9	  336.0	.
864532	  961.2	  561.8	  336.0	.
864534	  961.4	  561.7	  334.0	.
864536	  961.4	  561.7	  334.0	.
864538	  961.3	  560.6	  334.0	.
864540	  961.2	  560.6	  334.0	.
864542	  961.7	  560.8	  334.0	.
864544	  962.0	  560.0	  334.0	.
864546	  962.0	  559.9	  334.0	.
864548	  962.1	  560.3	  334.0	.
864550	  962.3	  560.3	  334.0	.
864552	  962.3	  560.4	  334.0	.
864554	  962.4	  560.3	  333.0	.
864556	  962.2	  559.9	  332.0	.
864558	  962.1	  559.3	  332.0	.
864560	  961.9	  557.7	  332.0	.
864562	  961.7	  557.7	  332.0	.
864564	  961.3	  557.7	  331.0	.
864566	  961.7	  557.4	  331.0	.
864568	  961.8	  557.4	  332.0	.
864570	  961.8	  557.4	  332.0	.
864572	  961.6	  558.0	  332.0	.
864574	  961.6	  558.5	  332.0	.
864576	  962.6	  558.5	  332.0	.
864578	  963.1	  558.6	  332.0	.
864580	  963.0	  558.5	  332.0	.
864582	  963.2	  558.4	  332.0	.
864584	  964.5	  558.2	  331.0	.
864586	  965.8	  555.7	  330.0	.
864588	  966.4	  554.8	  329.0	.
864590	  971.6	  553.1	  328.0	.
864592	  971.5	  552.3	  328.0	.
864594	  973.0	  551.7	  328.0	.
864596	  973.4	  551.2	  328.0	.
864598	  973.4	  550.3	  328.0	.
864600	  973.3	  549.4	  328.0	.
864602	  972.5	  550.6	  328.0	.
864604	  971.5	  550.9	  330.0	.
864606	  971.5	  550.7	  331.0	.
864608	  971.2	  550.4	  331.0	.
864610	  971.0	  551.1	  331.0	.
864612	  970.5	  551.4	  330.0	.
864614	  970.5	  551.5	  331.0	.
864616	  970.5	  551.4	  331.0	.
864618	  969.6	  551.6	  332.0	.
864620	  968.7	  552.5	  332.0	.
864622	  967.8	  552.6	  332.0	.
864624	  967.8	  552.4	  332.0	.
864626	  967.9	  553.6	  332.0	.
864628	  968.2	  553.8	  331.0	.
864630	  968.4	  553.6	  330.0	.
864632	  968.6	  553.8	  330.0	.
864634	  968.0	  553.5	  330.0	.
864636	  967.4	  553.0	  330.0	.
864638	  967.4	  553.0	  329.0	.
864640	  967.6	  552.8	  329.0	.
864642	  967.7	  552.4	  329.0	.
864644	  967.9	  551.8	  329.0	.
864646	  968.0	  551.7	  330.0	.
864648	  968.9	  551.4	  330.0	.
864650	  968.3	  551.5	  330.0	.
864652	  967.7	  550.8	  330.0	.
864654	  965.8	  552.4	  330.0	.
864656	  966.8	  552.2	  330.0	.
864658	  967.2	  551.6	  330.0	.
864660	  967.4	  551.0	  330.0	.
864662	  967.5	  551.4	  329.0	.
864664	  967.9	  551.7	  329.0	.
864666	  968.2	  551.8	  329.0	.
864668	  968.4	  551.9	  330.0	.
864670	  968.3	  552.6	  330.0	.
864672	  968.5	  552.0	  330.0	.
864674	  968.3	  552.3	  330.0	.
864676	  968.0	  551.1	  330.0	.
864678	  967.2	  550.1	  330.0	.
864680	  967.7	  550.8	  329.0	.
864682	  967.5	  550.2	  329.0	.
864684	  967.7	  550.1	  329.0	.
864686	  967.0	  550.3	  328.0	.
864688	  966.9	  550.2	  328.0	.
864690	  967.1	  550.2	  328.0	.
864692	  967.0	  550.4	  328.0	.
864694	  967.5	  549.9	  327.0	.
864696	  968.1	  549.3	  327.0	.
864698	  969.5	  550.1	  327.0	.
864700	  968.6	  548.8	  327.0	.
864702	  967.7	  547.5	  327.0	.
864704	  967.4	  547.7	  327.0	.
864706	  967.4	  547.9	  326.0	.
864708	  967.5	  548.1	  327.0	.
864710	  968.0	  548.2	  327.0	.
864712	  968.2	  549.0	  327.0	.
864714	  968.4	  549.8	  328.0	.
864716	  968.8	  549.1	  329.0	.
864718	  969.4	  549.6	  329.0	.
864720	  969.6	  550.1	  329.0	.
864722	  969.9	  550.4	  328.0	.
864724	  971.1	  549.8	  328.0	.
864726	  970.8	  551.1	  328.0	.
864728	  970.4	  552.3	  328.0	.
864730	  970.4	  551.3	  329.0	.
864732	  970.4	  550.9	  329.0	.
864734	  970.5	  551.0	  327.0	.
864736	  970.3	  550.1	  326.0	.
864738	  970.9	  549.1	  326.0	.
864740	  971.4	  548.8	  324.0	.
864742	  971.6	  548.9	  324.0	.
864744	  972.1	  548.6	  323.0	.
864746	  972.5	  548.4	  322.0	.
864748	  972.5	  548.4	  320.0	.
864750	  972.7	  548.4	  320.0	.
864752	  972.9	  548.9	  321.0	.
864754	  972.9	  548.2	  323.0	.
864756	  972.8	  548.5	  323.0	.
864758	  973.7	  548.9	  323.0	.
864760	  973.4	  548.7	  323.0	.
864762	  973.4	  548.7	  323.0	.
864764	  973.3	  549.4	  322.0	.
864766	  973.3	  548.6	  322.0	.
864768	  973.4	  547.7	  322.0	.
864770	  973.2	  545.2	  321.0	.
864772	  973.1	  545.0	  321.0	.
864774	  974.1	  547.0	  321.0	.
864776	  973.8	  549.0	  321.0	.
864778	  973.7	  549.6	  321.0	.
864780	  973.4	  549.2	  321.0	.
864782	  973.8	  549.4	  321.0	.
864784	  973.3	  549.5	  321.0	.
864786	  973.7	  550.1	  322.0	.
864788	  974.0	  550.8	  322.0	.
864790	  973.3	  551.2	  322.0	.
864792	  972.5	  551.5	  321.0	.
864794	  972.4	  551.2	  321.0	.
864796	  972.7	  550.9	  321.0	.
864798	  973.0	  550.8	  321.0	.
864800	  973.0	  550.8	  321.0	.
864802	  972.8	  551.2	  322.0	.
864804	  972.4	  550.7	  322.0	.
864806	  971.2	  551.5	  321.0	.
864808	  970.3	  552.1	  320.0	.
864810	  970.5	  552.3	  320.0	.
864812	  970.6	  552.4	  320.0	.
864814	  970.8	  551.5	  320.0	.
864816	  970.7	  551.8	  320.0	.
864818	  970.7	  552.2	  320.0	.
864820	  970.3	  552.1	  320.0	.
864822	  970.0	  552.8	  320.0	.
864824	  970.1	  552.6	  320.0	.
864826	  970.2	  553.2	  320.0	.
864828	  970.0	  552.5	  321.0	.
864830	  970.6	  552.5	  321.0	.
864832	  970.3	  550.3	  320.0	.
864834	  970.5	  549.9	  318.0	.
864836	  970.7	  549.4	  318.0	.
864838	  970.9	  547.6	  318.0	.
864840	  971.1	  547.1	  317.0	.
864842	  970.9	  547.3	  316.0	.
864844	  970.9	  546.3	  316.0	.
864846	  970.8	  545.2	  316.0	.
864848	  970.7	  544.9	  315.0	.
864850	  970.7	  544.9	  315.0	.
864852	  970.7	  545.8	  315.0	.
864854	  970.9	  546.6	  314.0	.
864856	  971.0	  546.5	  314.0	.
864858	  970.6	  546.5	  314.0	.
864860	  970.5	  547.1	  314.0	.
864862	  970.4	  544.8	  313.0	.
864864	  970.0	  544.0	  313.0	.
864866	  969.7	  543.7	  313.0	.
864868	  969.7	  543.5	  313.0	.
864870	  969.9	  544.3	  313.0	.
864872	  969.7	  544.7	  313.0	.
864874	  970.7	  544.6	  313.0	.
864876	  970.5	  544.2	  313.0	.
864878	  970.3	  544.5	  313.0	.
864880	  970.5	  544.5	  314.0	.
864882	  970.7	  544.5	  313.0	.
864884	  970.7	  545.8	  313.0	.
864886	  971.3	  545.9	  313.0	.
864888	  970.9	  545.6	  313.0	.
864890	  970.6	  545.8	  313.0	.
864892	  970.5	  545.3	  313.0	.
864894	  970.4	  545.4	  313.0	.
864896	  969.6	  545.8	  313.0	.
864898	  969.3	  546.1	  313.0	.
864900	  969.4	  546.1	  313.0	.
864902	  969.4	  546.4	  313.0	.
864904	  969.5	  545.9	  313.0	.
864906	  969.5	  547.1	  313.0	.
864908	  969.7	  548.4	  313.0	.
864910	  969.4	  547.6	  313.0	.
864912	  969.4	  547.5	  314.0	.
864914	  968.4	  547.9	  314.0	.
864916	  969.2	  548.1	  314.0	.
864918	  969.6	  548.6	  314.0	.
864920	  969.7	  548.8	  314.0	.
864922	  969.6	  549.0	  314.0	.
864924	  969.5	  548.8	  314.0	.
864926	  970.2	  548.4	  314.0	.
864928	  971.0	  547.8	  314.0	.
864930	  972.6	  547.1	  313.0	.
864932	  972.0	  547.2	  310.0	.
864934	  971.4	  547.3	  310.0	.
864936	  971.6	  543.0	  309.0	.
864938	  971.0	  543.0	  309.0	.
864940	  971.6	  542.9	  310.0	.
864942	  972.3	  543.3	  311.0	.
864944	  971.7	  544.1	  311.0	.
864946	  971.0	  544.6	  311.0	.
864948	  971.5	  544.4	  311.0	.
864950	  972.1	  544.9	  311.0	.
864952	  972.3	  543.3	  310.0	.
864954	  972.5	  543.1	  310.0	.
864956	  971.7	  543.8	  310.0	.
864958	  971.7	  543.8	  311.0	.
864960	  971.7	  543.8	  311.0	.
864962	  972.1	  544.9	  310.0	.
864964	  972.0	  543.9	  310.0	.
864966	  971.9	  542.8	  311.0	.
864968	  971.9	  542.7	  311.0	.
864970	  972.2	  543.2	  311.0	.
864972	  971.7	  544.0	  311.0	.
864974	  971.4	  545.3	  311.0	.
864976	  971.5	  544.5	  311.0	.
864978	  971.8	  544.7	  310.0	.
864980	  971.5	  544.9	  310.0	.
864982	  971.1	  543.3	  310.0	.
864984	  970.6	  541.7	  309.0	.
864986	  970.5	  543.1	  310.0	.
864988	  970.4	  543.2	  310.0	.
864990	  970.4	  543.2	  310.0	.
864992	  970.3	  543.7	  309.0	.
864994	  970.2	  544.1	  309.0	.
864996	  971.0	  542.9	  309.0	.
864998	  972.0	  543.4	  309.0	.
865000	  972.0	  542.7	  309.0	.
865002	  972.2	  542.5	  309.0	.
865004	  971.7	  542.4	  309.0	.
865006	  971.8	  542.2	  310.0	.
865008	  971.7	  542.0	  309.0	.
865010	  971.8	  543.0	  310.0	.
865012	  971.6	  543.3	  311.0	.
865014	  971.8	  543.2	  310.0	.
865016	  971.6	  543.3	  311.0	.
865018	  971.6	  542.1	  311.0	.
865020	  971.7	  541.7	  311.0	.
865022	  971.6	  541.8	  311.0	.
865024	  971.7	  540.9	  311.0	.
865026	  971.5	  542.6	  310.0	.
865028	  971.2	  542.4	  310.0	.
865030	  971.3	  542.2	  311.0	.
865032	  970.7	  541.6	  311.0	.
865034	  970.6	  543.0	  311.0	.
865036	  970.4	  543.2	  311.0	.
865038	  970.5	  542.9	  311.0	.
865040	  970.3	  543.2	  311.0	.
865042	  970.5	  543.4	  311.0	.
865044	  970.5	  543.4	  311.0	.
865046	  971.6	  543.2	  310.0	.
865048	  971.4	  542.7	  310.0	.
865050	  971.4	  542.2	  309.0	.
865052	  970.8	  542.3	  309.0	.
865054	  970.3	  542.3	  309.0	.
865056	  970.2	  540.7	  309.0	.
865058	  970.0	  541.0	  309.0	.
865060	  969.6	  541.3	  309.0	.
865062	  970.6	  540.5	  309.0	.
865064	  970.6	  541.2	  310.0	.
865066	  970.6	  541.9	  310.0	.
865068	  971.1	  541.8	  310.0	.
865070	  971.3	  542.8	  310.0	.
865072	  971.2	  541.9	  310.0	.
865074	  971.0	  541.5	  310.0	.
865076	  970.6	  541.3	  309.0	.
865078	  971.1	  541.0	  309.0	.
865080	  971.0	  542.0	  309.0	.
865082	  971.7	  541.4	  308.0	.
865084	  972.2	  540.8	  309.0	.
865086	  973.6	  539.9	  309.0	.
865088	  973.3	  539.6	  309.0	.
865090	  974.1	  539.3	  308.0	.
865092	  973.3	  539.1	  308.0	.
865094	  972.6	  539.4	  308.0	.
865096	  972.9	  538.9	  308.0	.
865098	  972.4	  538.5	  308.0	.
865100	  972.3	  538.4	  308.0	.
865102	  971.9	  538.6	  308.0	.
865104	  972.7	  538.6	  308.0	.
865106	  972.4	  540.5	  309.0	.
865108	  972.3	  539.7	  309.0	.
865110	  971.5	  540.5	  309.0	.
865112	  970.6	  541.3	  310.0	.
865114	  970.6	  543.4	  310.0	.
865116	  970.4	  543.3	  310.0	.
865118	  969.9	  544.0	  310.0	.
865120	  969.2	  543.9	  310.0	.
865122	  968.4	  544.5	  311.0	.
865124	  968.1	  544.3	  311.0	.
865126	  967.9	  544.1	  312.0	.
865128	  967.9	  543.8	  312.0	.
865130	  967.1	  543.7	  312.0	.
865132	  967.8	  543.4	  311.0	.
865134	  968.4	  543.2	  310.0	.
865136	  968.2	  543.7	  311.0	.
865138	  968.7	  542.7	  310.0	.
865140	  968.5	  542.8	  309.0	.
865142	  968.3	  543.0	  310.0	.
865144	  968.6	  542.2	  309.0	.
865146	  967.6	  542.4	  309.0	.
865148	  966.8	  542.9	  309.0	.
865150	  966.7	  542.4	  309.0	.
865152	  967.1	  541.8	  309.0	.
865154	  966.9	  541.6	  309.0	.
865156	  966.9	  541.3	  309.0	.
865158	  967.3	  540.9	  309.0	.
865160	  967.8	  540.8	  310.0	.
865162	  967.9	  540.7	  310.0	.
865164	  968.1	  540.3	  310.0	.
865166	  968.1	  540.2	  309.0	.
865168	  968.2	  540.1	  309.0	.
865170	  966.4	  540.6	  309.0	.
865172	  964.9	  541.1	  310.0	.
865174	  965.3	  540.3	  309.0	.
865176	  965.9	  539.5	  309.0	.
865178	  966.1	  540.6	  309.0	.
865180	  966.3	  540.5	  308.0	.
865182	  966.3	  540.5	  308.0	.
865184	  966.4	  541.6	  307.0	.
865186	  966.3	  540.6	  307.0	.
865188	  966.4	  539.7	  307.0	.
865190	  966.2	  540.2	  307.0	.
865192	  966.1	  539.8	  307.0	.
865194	  965.6	  540.0	  307.0	.
865196	  964.8	  540.3	  308.0	.
865198	  964.6	  541.0	  309.0	.
865200	  964.9	  542.0	  309.0	.
865202	  964.3	  544.3	  310.0	.
865204	  964.2	  542.7	  312.0	.
865206	  964.1	  541.1	  312.0	.
865208	  963.0	  539.7	  309.0	.
865210	  962.0	  539.5	  309.0	.
865212	  962.3	  540.0	  309.0	.
865214	  962.5	  540.5	  310.0	.
865216	  962.4	  540.9	  312.0	.
865218	  962.8	  541.1	  312.0	.
865220	  963.0	  541.3	  312.0	.
865222	  963.0	  541.6	  313.0	.
865224	  963.6	  542.0	  313.0	.
865226	  963.7	  542.1	  310.0	.
865228	  963.6	  541.9	  310.0	.
865230	  964.5	  541.6	  310.0	.
865232	  964.4	  541.0	  310.0	.
865234	  964.3	  540.2	  309.0	.
865236	  964.8	  540.0	  309.0	.
865238	  965.2	  540.0	  310.0	.
865240	  965.7	  539.5	  309.0	.
865242	  965.8	  539.7	  308.0	.
865244	  965.7	  539.7	  309.0	.
865246	  965.9	  539.2	  309.0	.
865248	  965.1	  540.1	  309.0	.
865250	  965.3	  540.9	  309.0	.
865252	  965.0	  541.1	  310.0	.
865254	  965.4	  541.0	  314.0	.
865256	  965.3	  541.9	  314.0	.
865258	  965.6	  542.9	  313.0	.
865260	  965.1	  544.8	  313.0	.
865262	  965.3	  544.4	  314.0	.
865264	  964.3	  544.2	  314.0	.
865266	  964.7	  545.0	  313.0	.
865268	  964.4	  545.0	  313.0	.
865270	  964.6	  544.9	  312.0	.
865272	  964.7	  543.9	  312.0	.
865274	  964.9	  545.3	  312.0	.
865276	  964.7	  546.7	  313.0	.
865278	  964.8	  546.7	  313.0	.
865280	  964.8	  546.7	  313.0	.
865282	  965.1	  546.5	  312.0	.
865284	  965.2	  546.6	  312.0	.
865286	  965.5	  546.7	  313.0	.
865288	  965.4	  546.6	  314.0	.
865290	  965.9	  547.8	  314.0	.
865292	  965.4	  549.0	  314.0	.
865294	  965.8	  549.0	  313.0	.
865296	  965.5	  549.0	  313.0	.
865298	  965.4	  549.7	  313.0	.
865300	  965.1	  549.4	  314.0	.
865302	  965.1	  550.1	  315.0	.
865304	  964.5	  549.5	  314.0	.
865306	  964.6	  550.9	  315.0	.
865308	  964.6	  552.2	  315.0	.
865310	  964.8	  552.8	  315.0	.
865312	  964.8	  552.8	  315.0	.
865314	  965.4	  552.7	  316.0	.
865316	  965.3	  553.9	  316.0	.
865318	  965.3	  554.4	  316.0	.
MSG	865319 DSP: STIM
865320	  965.2	  554.2	  315.0	.
865322	  965.2	  554.2	  315.0	.
865324	  965.4	  553.4	  315.0	.
865326	  965.5	  553.1	  315.0	.
865328	  965.6	  553.1	  316.0	.
865330	  965.8	  552.6	  316.0	.
865332	  965.3	  552.5	  317.0	.
865334	  965.6	  552.6	  317.0	.
865336	  965.7	  552.0	  316.0	.
865338	  965.8	  551.3	  316.0	.
865340	  965.6	  551.3	  316.0	.
865342	  966.4	  551.2	  316.0	.
865344	  966.4	  551.2	  315.0	.
865346	  966.2	  552.2	  315.0	.
865348	  965.9	  552.7	  315.0	.
865350	  965.4	  552.9	  315.0	.
865352	  964.7	  552.7	  315.0	.
865354	  963.9	  552.5	  315.0	.
865356	  964.1	  552.3	  315.0	.
865358	  964.2	  552.3	  315.0	.
865360	  964.7	  552.2	  315.0	.
865362	  964.8	  553.5	  315.0	.
865364	  965.7	  554.8	  315.0	.
865366	  965.8	  554.4	  316.0	.
865368	  965.7	  554.2	  317.0	.
865370	  965.6	  554.1	  318.0	.
865372	  965.2	  554.1	  318.0	.
865374	  964.6	  554.7	  318.0	.
865376	  964.7	  555.0	  318.0	.
865378	  964.7	  555.0	  318.0	.
865380	  965.3	  555.0	  317.0	.
865382	  965.5	  556.5	  317.0	.
865384	  965.5	  555.3	  318.0	.
865386	  965.9	  556.0	  318.0	.
865388	  966.5	  556.7	  318.0	.
865390	  966.1	  555.7	  319.0	.
865392	  965.8	  555.7	  319.0	.
865394	  965.5	  555.7	  318.0	.
865396	  965.7	  554.7	  318.0	.
865398	  965.9	  555.0	  317.0	.
865400	  966.0	  555.3	  317.0	.
865402	  965.8	  555.1	  317.0	.
865404	  966.3	  555.2	  317.0	.
865406	  965.9	  555.2	  317.0	.
865408	  965.6	  555.1	  317.0	.
865410	  965.5	  556.3	  317.0	.
865412	  965.5	  556.1	  317.0	.
865414	  965.3	  556.1	  318.0	.
865416	  965.6	  555.9	  319.0	.
865418	  965.5	  556.1	  320.0	.
865420	  965.8	  555.6	  320.0	.
865422	  966.0	  555.6	  320.0	.
865424	  966.2	  555.5	  320.0	.
865426	  966.1	  556.0	  320.0	.
865428	  966.2	  555.9	  320.0	.
865430	  966.4	  555.8	  319.0	.
865432	  965.6	  555.9	  319.0	.
865434	  964.7	  556.0	  319.0	.
865436	  964.4	  556.0	  319.0	.
865438	  964.6	  555.5	  319.0	.
865440	  964.9	  554.9	  319.0	.
865442	  965.3	  555.1	  319.0	.
865444	  965.8	  554.0	  319.0	.
865446	  966.1	  554.5	  319.0	.
865448	  966.4	  555.0	  319.0	.
865450	  966.3	  555.9	  319.0	.
865452	  966.5	  556.6	  319.0	.
865454	  966.0	  556.8	  319.0	.
865456	  965.7	  556.9	  319.0	.
865458	  965.4	  557.0	  319.0	.
865460	  965.3	  557.5	  318.0	.
865462	  964.6	  556.8	  318.0	.
865464	  964.2	  558.0	  318.0	.
865466	  963.8	  558.1	  319.0	.
865468	  963.8	  557.5	  319.0	.
865470	  963.9	  557.6	  320.0	.
865472	  963.0	  557.8	  320.0	.
865474	  961.9	  558.7	  320.0	.
865476	  960.0	  560.4	  323.0	.
EFIX L   863426	865476	2052	  965.0	  549.8	    316
SSACC L  865478
865478	  954.6	  561.4	  323.0	.
865480	  946.1	  561.3	  323.0	.
865482	  937.4	  561.3	  323.0	.
865484	  918.7	  557.2	  322.0	.
865486	  904.9	  559.9	  322.0	.
865488	  883.7	  562.8	  323.0	.
865490	  858.4	  566.4	  325.0	.
865492	  830.1	  570.2	  325.0	.
865494	  805.0	  573.4	  324.0	.
865496	  777.3	  574.8	  323.0	.
865498	  747.0	  577.6	  323.0	.
865500	  712.4	  580.7	  323.0	.
865502	  684.6	  580.3	  323.0	.
865504	  651.6	  580.2	  323.0	.
865506	  624.5	  581.4	  323.0	.
865508	  595.5	  581.8	  320.0	.
865510	  574.8	  583.3	  320.0	.
865512	  543.1	  585.6	  320.0	.
865514	  517.9	  585.3	  321.0	.
865516	  489.4	  587.0	  321.0	.
865518	  466.6	  587.1	  320.0	.
865520	  445.6	  587.0	  320.0	.
865522	  434.6	  584.0	  320.0	.
865524	  435.0	  583.7	  320.0	.
865526	  435.4	  583.4	  321.0	.
865528	  438.3	  583.2	  321.0	.
ESACC L  865478	865528	52	  954.6	  561.4	  435.4	  583.4	  12.69	    371
SFIX L   865530
865530	  439.3	  582.8	  321.0	.
865532	  439.4	  582.7	  321.0	.
865534	  438.9	  582.8	  321.0	.
865536	  438.3	  583.0	  320.0	.
865538	  437.0	  583.1	  321.0	.
865540	  437.1	  583.4	  321.0	.
865542	  437.3	  583.7	  321.0	.
865544	  438.5	  584.4	  321.0	.
865546	  440.6	  584.6	  320.0	.
865548	  440.0	  584.6	  320.0	.
865550	  440.0	  584.6	  321.0	.
865552	  439.9	  585.5	  322.0	.
865554	  439.4	  585.4	  322.0	.
865556	  438.8	  585.3	  322.0	.
865558	  439.5	  585.3	  322.0	.
865560	  438.9	  585.2	  322.0	.
865562	  440.0	  586.0	  322.0	.
865564	  439.5	  585.6	  322.0	.
865566	  439.3	  585.8	  322.0	.
865568	  438.6	  585.7	  322.0	.
865570	  439.0	  585.7	  322.0	.
865572	  438.9	  585.3	  323.0	.
865574	  438.8	  585.1	  323.0	.
865576	  438.5	  584.5	  323.0	.
865578	  438.4	  584.5	  323.0	.
865580	  438.4	  584.5	  323.0	.
865582	  438.5	  584.7	  323.0	.
865584	  438.5	  584.8	  323.0	.
865586	  438.6	  585.0	  323.0	.
865588	  438.5	  585.0	  323.0	.
865590	  438.5	  585.0	  324.0	.
865592	  438.2	  585.4	  324.0	.
865594	  438.0	  585.6	  324.0	.
865596	  437.7	  585.5	  324.0	.
865598	  437.5	  585.0	  324.0	.
865600	  436.8	  585.5	  324.0	.
865602	  436.1	  584.7	  324.0	.
865604	  435.6	  584.7	  324.0	.
865606	  436.0	  584.8	  325.0	.
865608	  435.9	  585.6	  325.0	.
865610	  435.9	  585.6	  325.0	.
865612	  436.7	  584.3	  326.0	.
865614	  436.4	  584.2	  326.0	.
865616	  436.2	  584.1	  326.0	.
865618	  435.9	  583.9	  326.0	.
865620	  435.8	  583.8	  326.0	.
865622	  434.1	  581.4	  326.0	.
865624	  433.8	  581.0	  327.0	.
865626	  433.7	  581.6	  327.0	.
865628	  433.6	  581.2	  327.0	.
865630	  433.1	  580.9	  326.0	.
865632	  433.0	  580.7	  326.0	.
865634	  433.2	  581.1	  325.0	.
865636	  432.4	  580.4	  325.0	.
865638	  432.2	  579.7	  326.0	.
865640	  432.0	  579.2	  326.0	.
865642	  432.5	  579.4	  326.0	.
865644	  432.6	  579.6	  327.0	.
865646	  432.7	  580.3	  327.0	.
865648	  432.9	  581.7	  327.0	.
865650	  432.7	  583.1	  327.0	.
865652	  432.6	  583.0	  327.0	.
865654	  432.6	  583.4	  327.0	.
865656	  432.7	  583.7	  326.0	.
865658	  432.2	  583.8	  326.0	.
865660	  431.8	  583.4	  326.0	.
865662	  431.4	  582.9	  327.0	.
865664	  431.2	  581.5	  329.0	.
865666	  431.1	  581.3	  329.0	.
865668	  431.7	  581.8	  328.0	.
865670	  431.3	  581.9	  328.0	.
865672	  431.9	  581.7	  327.0	.
865674	  432.0	  582.0	  327.0	.
865676	  432.1	  581.1	  327.0	.
865678	  432.6	  580.2	  327.0	.
865680	  431.8	  579.6	  328.0	.
865682	  430.9	  581.4	  329.0	.
865684	  430.5	  583.2	  329.0	.
865686	  429.8	  582.0	  329.0	.
865688	  428.2	  582.3	  330.0	.
865690	  429.1	  580.9	  330.0	.
865692	  430.3	  579.4	  329.0	.
865694	  431.1	  579.7	  328.0	.
865696	  431.5	  580.0	  328.0	.
865698	  431.3	  579.3	  329.0	.
865700	  431.4	  580.3	  329.0	.
865702	  430.6	  581.5	  329.0	.
865704	  431.3	  581.7	  329.0	.
865706	  431.1	  581.8	  329.0	.
865708	  431.4	  580.2	  330.0	.
865710	  430.3	  578.8	  331.0	.
865712	  429.4	  577.9	  332.0	.
865714	  427.0	  577.2	  334.0	.
865716	  421.4	  575.1	  334.0	.
865718	  417.0	  577.0	  333.0	.
865720	  412.7	  578.9	  333.0	.
865722	  411.2	  578.2	  333.0	.
865724	  409.8	  579.5	  333.0	.
865726	  410.0	  580.7	  333.0	.
865728	  410.3	  581.5	  333.0	.
865730	  411.2	  582.2	  333.0	.
865732	  411.5	  583.8	  332.0	.
865734	  411.9	  582.1	  332.0	.
865736	  412.1	  583.3	  332.0	.
865738	  412.1	  582.5	  332.0	.
865740	  411.7	  581.7	  332.0	.
865742	  411.2	  582.9	  331.0	.
865744	  411.0	  584.0	  331.0	.
865746	  411.3	  584.6	  331.0	.
865748	  411.5	  584.3	  331.0	.
865750	  411.5	  584.0	  331.0	.
865752	  411.5	  584.0	  331.0	.
865754	  411.5	  584.6	  331.0	.
865756	  411.9	  584.2	  332.0	.
865758	  411.7	  583.8	  332.0	.
865760	  412.0	  583.6	  333.0	.
865762	  412.1	  583.3	  333.0	.
865764	  412.5	  583.7	  333.0	.
865766	  412.5	  583.3	  333.0	.
865768	  411.6	  583.0	  332.0	.
865770	  412.6	  582.4	  332.0	.
865772	  412.9	  582.8	  332.0	.
865774	  413.2	  582.5	  332.0	.
865776	  412.5	  582.2	  332.0	.
865778	  411.8	  582.8	  332.0	.
865780	  411.9	  582.6	  331.0	.
865782	  412.0	  583.3	  331.0	.
865784	  412.4	  583.3	  331.0	.
865786	  412.4	  583.2	  331.0	.
865788	  413.1	  582.4	  332.0	.
865790	  413.8	  581.5	  334.0	.
865792	  413.6	  580.7	  334.0	.
865794	  413.4	  581.0	  334.0	.
865796	  413.4	  581.3	  334.0	.
865798	  413.5	  583.3	  334.0	.
865800	  412.7	  582.7	  333.0	.
865802	  412.7	  584.1	  333.0	.
865804	  412.6	  585.5	  333.0	.
865806	  412.6	  583.4	  333.0	.
865808	  412.3	  583.3	  332.0	.
865810	  412.8	  583.3	  332.0	.
865812	  413.1	  582.1	  332.0	.
865814	  414.3	  582.3	  334.0	.
865816	  414.3	  580.5	  334.0	.
865818	  414.2	  578.6	  334.0	.
865820	  415.0	  579.1	  335.0	.
865822	  415.9	  579.6	  336.0	.
865824	  416.4	  578.9	  336.0	.
865826	  415.9	  579.7	  335.0	.
865828	  415.7	  578.7	  335.0	.
865830	  415.7	  577.8	  336.0	.
865832	  415.7	  579.3	  335.0	.
865834	  415.6	  578.0	  336.0	.
865836	  416.5	  577.5	  336.0	.
EFIX L   865530	865836	308	  426.3	  582.5	    328
SSACC L  865838
865838	  417.3	  577.3	  336.0	.
865840	  419.1	  578.2	  336.0	.
865842	  426.0	  578.8	  337.0	.
865844	  448.1	  579.8	  337.0	.
865846	  472.5	  582.4	  336.0	.
865848	  500.6	  585.7	  336.0	.
865850	  539.2	  583.2	  337.0	.
865852	  578.6	  587.8	  338.0	.
865854	  625.7	  587.1	  343.0	.
865856	  672.5	  590.2	  343.0	.
865858	  726.8	  592.2	  343.0	.
865860	  775.1	  604.4	  344.0	.
865862	  827.7	  607.2	  345.0	.
865864	  882.4	  608.5	  345.0	.
865866	  940.1	  621.3	  344.0	.
865868	  992.5	  625.1	  344.0	.
865870	 1042.6	  628.4	  344.0	.
865872	 1100.7	  632.8	  342.0	.
865874	 1152.5	  628.4	  342.0	.
865876	 1201.5	  625.1	  340.0	.
865878	 1252.7	  623.5	  340.0	.
865880	 1296.1	  618.7	  340.0	.
865882	 1347.1	  633.8	  340.0	.
865884	 1383.6	  629.6	  339.0	.
865886	 1427.6	  637.3	  338.0	.
865888	 1466.8	  635.7	  335.0	.
865890	 1498.1	  642.4	  330.0	.
865892	 1527.4	  635.6	  330.0	.
865894	 1545.2	  636.5	  329.0	.
865896	 1568.4	  631.1	  329.0	.
865898	 1579.1	  629.0	  329.0	.
865900	 1580.1	  628.4	  330.0	.
865902	 1580.0	  628.2	  330.0	.
865904	 1580.0	  626.6	  335.0	.
ESACC L  865838	865904	68	  417.3	  577.3	 1580.0	  628.2	  27.59	    679
SFIX L   865906
865906	 1571.6	  628.2	  335.0	.
865908	 1567.2	  628.6	  337.0	.
865910	 1567.1	  626.9	  338.0	.
865912	 1567.1	  626.2	  338.0	.
865914	 1567.0	  626.2	  338.0	.
865916	 1567.3	  627.4	  338.0	.
865918	 1567.4	  628.6	  338.0	.
865920	 1573.2	  625.7	  336.0	.
865922	 1573.8	  625.0	  334.0	.
865924	 1574.6	  624.7	  332.0	.
865926	 1574.5	  624.5	  331.0	.
865928	 1574.7	  624.4	  331.0	.
865930	 1574.8	  624.2	  331.0	.
865932	 1575.1	  623.3	  331.0	.
865934	 1574.8	  622.4	  331.0	.
865936	 1575.0	  621.4	  331.0	.
865938	 1574.5	  620.4	  331.0	.
865940	 1574.3	  619.9	  332.0	.
865942	 1573.5	  619.6	  333.0	.
865944	 1573.3	  619.1	  334.0	.
865946	 1572.9	  618.7	  335.0	.
865948	 1573.2	  619.4	  335.0	.
865950	 1573.0	  617.9	  335.0	.
865952	 1571.2	  619.0	  334.0	.
865954	 1570.7	  619.4	  333.0	.
865956	 1570.8	  619.6	  333.0	.
865958	 1570.7	  619.2	  334.0	.
865960	 1570.6	  619.9	  334.0	.
865962	 1570.5	  617.8	  335.0	.
865964	 1570.7	  618.7	  335.0	.
865966	 1570.7	  618.7	  335.0	.
865968	 1570.2	  618.7	  335.0	.
865970	 1570.2	  618.5	  335.0	.
865972	 1570.3	  618.7	  336.0	.
865974	 1570.1	  616.9	  336.0	.
865976	 1570.1	  616.6	  336.0	.
865978	 1569.7	  616.9	  336.0	.
865980	 1569.2	  615.3	  338.0	.
865982	 1568.9	  613.6	  340.0	.
865984	 1568.0	  613.3	  340.0	.
865986	 1567.6	  612.8	  340.0	.
865988	 1567.4	  613.9	  339.0	.
865990	 1568.3	  614.6	  339.0	.
865992	 1568.3	  616.4	  338.0	.
865994	 1568.3	  617.0	  338.0	.
865996	 1567.2	  617.1	  338.0	.
865998	 1567.4	  617.2	  338.0	.
866000	 1567.4	  616.2	  338.0	.
866002	 1567.3	  616.0	  338.0	.
866004	 1567.5	  615.7	  338.0	.
866006	 1567.7	  615.4	  338.0	.
866008	 1567.4	  615.3	  338.0	.
866010	 1567.4	  614.5	  339.0	.
866012	 1567.4	  613.7	  340.0	.
866014	 1567.1	  612.0	  340.0	.
866016	 1567.1	  610.3	  340.0	.
866018	 1567.4	  610.1	  340.0	.
866020	 1567.2	  609.9	  341.0	.
866022	 1567.1	  609.9	  343.0	.
866024	 1567.0	  610.7	  342.0	.
866026	 1567.0	  610.7	  342.0	.
866028	 1566.9	  610.7	  341.0	.
866030	 1567.7	  610.1	  341.0	.
866032	 1568.4	  609.7	  341.0	.
866034	 1567.8	  609.9	  340.0	.
866036	 1567.9	  609.0	  340.0	.
866038	 1567.2	  608.4	  340.0	.
866040	 1566.4	  607.6	  340.0	.
866042	 1566.0	  607.9	  340.0	.
866044	 1566.0	  607.5	  340.0	.
866046	 1566.1	  607.2	  341.0	.
866048	 1566.4	  607.0	  341.0	.
866050	 1566.4	  608.2	  341.0	.
866052	 1566.0	  606.9	  341.0	.
866054	 1565.2	  605.7	  341.0	.
866056	 1565.2	  605.6	  341.0	.
866058	 1564.4	  605.7	  342.0	.
866060	 1563.6	  605.9	  343.0	.
866062	 1563.8	  606.2	  343.0	.
866064	 1563.7	  606.6	  342.0	.
866066	 1564.4	  606.1	  342.0	.
866068	 1564.6	  607.8	  341.0	.
866070	 1564.5	  606.8	  340.0	.
866072	 1564.6	  607.8	  340.0	.
866074	 1564.5	  607.7	  340.0	.
866076	 1564.4	  607.8	  341.0	.
866078	 1564.0	  608.0	  341.0	.
866080	 1563.6	  608.4	  341.0	.
866082	 1563.2	  609.5	  341.0	.
866084	 1562.3	  609.3	  341.0	.
866086	 1562.6	  610.4	  340.0	.
866088	 1562.1	  610.0	  340.0	.
866090	 1562.6	  610.5	  340.0	.
866092	 1562.2	  611.0	  339.0	.
866094	 1561.7	  611.2	  339.0	.
866096	 1562.4	  611.1	  339.0	.
866098	 1562.3	  613.5	  339.0	.
866100	 1562.7	  613.1	  340.0	.
866102	 1562.9	  613.4	  340.0	.
866104	 1563.0	  613.8	  340.0	.
866106	 1563.2	  613.9	  341.0	.
866108	 1563.2	  613.7	  343.0	.
866110	 1563.1	  613.9	  343.0	.
866112	 1563.7	  614.0	  342.0	.
866114	 1563.1	  614.8	  342.0	.
866116	 1563.0	  616.1	  342.0	.
866118	 1562.8	  615.1	  342.0	.
866120	 1562.7	  614.3	  343.0	.
866122	 1562.8	  614.1	  343.0	.
866124	 1563.0	  614.0	  343.0	.
866126	 1564.0	  613.7	  343.0	.
866128	 1564.3	  613.6	  343.0	.
866130	 1563.8	  613.0	  342.0	.
866132	 1563.3	  612.5	  342.0	.
866134	 1563.7	  614.1	  339.0	.
866136	 1563.9	  612.7	  339.0	.
EFIX L   865906	866136	232	 1567.3	  614.7	    338
SSACC L  866138
866138	 1564.6	  611.0	  340.0	.
866140	 1568.5	  609.4	  342.0	.
866142	 1574.2	  607.2	  342.0	.
866144	 1572.6	  598.7	  341.0	.
866146	 1571.4	  593.9	  342.0	.
866148	 1570.4	  585.9	  343.0	.
ESACC L  866138	866148	12	 1564.6	  611.0	 1571.4	  593.9	   0.49	     74
SFIX L   866150
866150	 1570.1	  585.9	  343.0	.
866152	 1569.2	  586.6	  343.0	.
866154	 1568.3	  587.2	  342.0	.
866156	 1567.6	  588.5	  341.0	.
866158	 1568.2	  588.0	  341.0	.
866160	 1568.9	  587.5	  341.0	.
866162	 1568.7	  588.1	  341.0	.
866164	 1568.5	  588.1	  340.0	.
866166	 1567.4	  588.4	  340.0	.
866168	 1567.1	  589.2	  340.0	.
866170	 1566.7	  590.0	  340.0	.
866172	 1566.1	  590.4	  339.0	.
866174	 1566.3	  590.0	  339.0	.
866176	 1566.1	  589.8	  338.0	.
866178	 1566.2	  589.0	  338.0	.
866180	 1566.3	  588.7	  338.0	.
866182	 1566.3	  589.3	  337.0	.
866184	 1566.0	  589.0	  337.0	.
866186	 1566.1	  588.5	  336.0	.
866188	 1566.2	  587.8	  336.0	.
866190	 1566.1	  587.7	  339.0	.
866192	 1566.3	  587.7	  339.0	.
866194	 1566.5	  589.2	  339.0	.
866196	 1566.9	  590.6	  339.0	.
866198	 1566.9	  592.4	  339.0	.
866200	 1566.7	  592.1	  338.0	.
866202	 1566.8	  592.2	  338.0	.
866204	 1566.9	  591.9	  338.0	.
866206	 1567.3	  592.1	  338.0	.
866208	 1567.5	  592.4	  338.0	.
866210	 1567.2	  592.3	  338.0	.
866212	 1566.9	  592.1	  338.0	.
866214	 1566.2	  592.3	  338.0	.
866216	 1566.0	  592.3	  337.0	.
866218	 1566.0	  592.3	  337.0	.
866220	 1566.0	  592.2	  338.0	.
866222	 1566.0	  592.1	  339.0	.
866224	 1565.8	  591.7	  339.0	.
866226	 1565.8	  592.3	  338.0	.
866228	 1565.8	  592.2	  337.0	.
866230	 1565.7	  592.1	  336.0	.
866232	 1565.7	  591.9	  336.0	.
866234	 1563.9	  592.2	  336.0	.
866236	 1563.2	  592.4	  336.0	.
866238	 1562.5	  592.6	  335.0	.
866240	 1563.2	  592.0	  334.0	.
866242	 1563.1	  592.1	  334.0	.
866244	 1563.4	  591.3	  334.0	.
866246	 1563.6	  590.5	  334.0	.
866248	 1563.5	  589.0	  334.0	.
866250	 1563.5	  588.6	  334.0	.
866252	 1563.6	  589.8	  336.0	.
866254	 1564.1	  591.0	  336.0	.
866256	 1564.1	  589.9	  334.0	.
866258	 1563.9	  590.2	  334.0	.
866260	 1563.7	  589.3	  334.0	.
866262	 1562.2	  588.9	  334.0	.
866264	 1562.1	  589.0	  333.0	.
866266	 1561.9	  589.1	  332.0	.
866268	 1562.7	  591.0	  331.0	.
866270	 1562.7	  591.2	  331.0	.
866272	 1563.8	  591.0	  331.0	.
866274	 1563.7	  590.3	  334.0	.
866276	 1563.8	  590.8	  334.0	.
866278	 1564.5	  590.7	  334.0	.
866280	 1564.2	  590.7	  333.0	.
866282	 1564.2	  590.6	  333.0	.
866284	 1564.2	  590.3	  332.0	.
866286	 1564.0	  590.1	  332.0	.
866288	 1564.2	  589.1	  331.0	.
866290	 1564.2	  589.2	  330.0	.
866292	 1564.1	  587.6	  330.0	.
866294	 1564.6	  587.9	  330.0	.
866296	 1564.2	  587.8	  331.0	.
866298	 1563.7	  587.7	  331.0	.
866300	 1564.6	  588.3	  331.0	.
866302	 1565.5	  588.0	  331.0	.
866304	 1565.8	  587.5	  330.0	.
866306	 1565.8	  587.5	  330.0	.
866308	 1565.8	  587.5	  331.0	.
866310	 1566.0	  586.3	  331.0	.
866312	 1566.1	  585.9	  332.0	.
866314	 1565.5	  585.9	  332.0	.
866316	 1565.4	  584.9	  332.0	.
866318	 1565.6	  584.0	  332.0	.
866320	 1565.8	  583.5	  332.0	.
866322	 1565.5	  583.4	  332.0	.
866324	 1565.8	  583.7	  332.0	.
866326	 1565.6	  583.2	  332.0	.
866328	 1565.6	  582.7	  332.0	.
866330	 1565.7	  581.1	  332.0	.
866332	 1565.8	  581.8	  332.0	.
866334	 1565.9	  582.5	  331.0	.
866336	 1564.8	  583.0	  329.0	.
866338	 1564.8	  583.3	  329.0	.
866340	 1564.6	  583.2	  328.0	.
866342	 1564.7	  585.6	  328.0	.
866344	 1564.6	  585.5	  328.0	.
866346	 1564.2	  585.6	  328.0	.
866348	 1564.4	  584.9	  328.0	.
866350	 1564.7	  585.3	  328.0	.
866352	 1563.8	  583.8	  327.0	.
866354	 1564.3	  584.3	  327.0	.
866356	 1563.9	  584.9	  327.0	.
866358	 1564.0	  586.0	  328.0	.
866360	 1564.1	  587.0	  328.0	.
866362	 1564.6	  587.7	  327.0	.
866364	 1564.7	  588.3	  327.0	.
866366	 1564.9	  587.9	  326.0	.
866368	 1564.4	  588.0	  326.0	.
866370	 1563.9	  587.0	  327.0	.
866372	 1564.2	  587.5	  327.0	.
866374	 1564.7	  588.2	  327.0	.
866376	 1564.3	  588.3	  324.0	.
866378	 1564.6	  588.3	  322.0	.
866380	 1564.7	  588.1	  322.0	.
866382	 1564.9	  588.0	  322.0	.
866384	 1564.7	  588.2	  322.0	.
866386	 1565.3	  588.3	  324.0	.
866388	 1565.3	  586.2	  324.0	.
866390	 1565.4	  586.7	  325.0	.
866392	 1564.5	  587.4	  325.0	.
866394	 1564.7	  584.4	  324.0	.
866396	 1565.0	  583.7	  324.0	.
866398	 1566.0	  584.1	  324.0	.
866400	 1566.2	  582.2	  324.0	.
866402	 1566.1	  581.9	  324.0	.
866404	 1566.1	  582.2	  324.0	.
866406	 1565.5	  579.5	  324.0	.
866408	 1565.2	  580.1	  321.0	.
866410	 1565.0	  579.2	  321.0	.
866412	 1565.2	  579.2	  321.0	.
866414	 1565.4	  579.2	  322.0	.
866416	 1565.5	  579.6	  324.0	.
866418	 1564.4	  580.1	  324.0	.
866420	 1564.0	  580.4	  324.0	.
866422	 1564.1	  581.6	  325.0	.
866424	 1564.1	  582.1	  325.0	.
866426	 1563.8	  577.3	  325.0	.
866428	 1563.5	  575.6	  323.0	.
866430	 1563.1	  574.0	  322.0	.
866432	 1563.3	  574.9	  321.0	.
866434	 1563.4	  575.9	  317.0	.
866436	 1563.6	  579.0	  317.0	.
866438	 1563.7	  579.6	  317.0	.
866440	 1562.7	  580.5	  318.0	.
866442	 1562.8	  582.7	  318.0	.
866444	 1563.0	  584.8	  319.0	.
866446	 1561.5	  583.7	  319.0	.
866448	 1560.1	  582.5	  319.0	.
866450	 1559.5	  583.2	  318.0	.
866452	 1559.9	  582.5	  318.0	.
866454	 1560.0	  582.1	  319.0	.
866456	 1560.4	  583.5	  319.0	.
866458	 1561.6	  584.7	  319.0	.
866460	 1561.7	  584.6	  320.0	.
866462	 1561.6	  584.7	  320.0	.
866464	 1562.5	  586.1	  320.0	.
866466	 1560.9	  584.1	  320.0	.
866468	 1559.5	  583.3	  320.0	.
866470	 1558.7	  582.4	  319.0	.
866472	 1559.1	  582.2	  319.0	.
866474	 1558.8	  583.3	  319.0	.
866476	 1559.6	  582.9	  319.0	.
866478	 1559.3	  582.9	  319.0	.
866480	 1559.8	  582.3	  319.0	.
866482	 1560.3	  582.0	  319.0	.
866484	 1559.5	  582.1	  318.0	.
EFIX L   866150	866484	336	 1564.5	  586.6	    330
SSACC L  866486
866486	 1558.5	  581.0	  316.0	.
866488	 1555.5	  580.6	  316.0	.
866490	 1551.9	  578.5	  316.0	.
866492	 1543.3	  578.0	  317.0	.
866494	 1523.6	  582.3	  317.0	.
866496	 1505.0	  584.0	  317.0	.
866498	 1471.4	  582.9	  320.0	.
866500	 1442.3	  585.5	  324.0	.
866502	 1407.2	  586.9	  327.0	.
866504	 1374.4	  593.6	  328.0	.
866506	 1341.3	  593.5	  328.0	.
866508	 1315.7	  593.9	  330.0	.
866510	 1278.2	  593.7	  330.0	.
866512	 1248.5	  591.0	  329.0	.
866514	 1212.9	  596.0	  331.0	.
866516	 1186.6	  577.5	  331.0	.
866518	 1161.2	  579.1	  330.0	.
866520	 1146.9	  578.5	  330.0	.
866522	 1130.2	  576.9	  330.0	.
866524	 1116.7	  576.3	  330.0	.
866526	 1105.9	  574.9	  330.0	.
866528	 1098.3	  570.0	  330.0	.
866530	 1093.9	  570.7	  330.0	.
866532	 1095.5	  570.4	  330.0	.
ESACC L  866486	866532	48	 1558.5	  581.0	 1093.9	  570.7	  11.48	    408
SFIX L   866534
866534	 1097.0	  569.3	  331.0	.
866536	 1098.4	  568.8	  331.0	.
866538	 1099.7	  568.1	  331.0	.
866540	 1098.9	  568.8	  331.0	.
866542	 1098.7	  568.9	  331.0	.
866544	 1098.6	  569.2	  332.0	.
866546	 1096.2	  570.3	  332.0	.
866548	 1095.8	  570.8	  332.0	.
866550	 1096.3	  570.7	  332.0	.
866552	 1096.5	  570.9	  332.0	.
866554	 1096.6	  570.7	  331.0	.
866556	 1095.5	  570.9	  330.0	.
866558	 1095.2	  570.9	  330.0	.
866560	 1094.9	  571.1	  329.0	.
866562	 1094.1	  569.3	  329.0	.
866564	 1093.9	  568.8	  328.0	.
866566	 1093.5	  568.0	  328.0	.
866568	 1093.5	  568.9	  328.0	.
866570	 1093.4	  569.6	  328.0	.
866572	 1092.7	  569.0	  328.0	.
866574	 1092.5	  568.1	  329.0	.
866576	 1093.2	  567.4	  330.0	.
866578	 1093.7	  567.1	  331.0	.
866580	 1093.9	  567.2	  331.0	.
866582	 1093.7	  565.1	  331.0	.
866584	 1093.7	  565.3	  331.0	.
866586	 1091.8	  566.1	  331.0	.
866588	 1090.9	  565.3	  331.0	.
866590	 1091.0	  566.6	  331.0	.
866592	 1091.1	  566.2	  331.0	.
866594	 1090.4	  565.7	  332.0	.
866596	 1090.0	  566.0	  332.0	.
866598	 1090.4	  566.0	  333.0	.
866600	 1090.1	  565.1	  333.0	.
866602	 1090.1	  565.3	  333.0	.
866604	 1090.3	  565.6	  333.0	.
866606	 1090.4	  564.7	  333.0	.
866608	 1092.0	  563.6	  334.0	.
866610	 1092.2	  563.4	  338.0	.
866612	 1092.2	  563.8	  338.0	.
866614	 1091.3	  563.5	  338.0	.
866616	 1090.3	  563.4	  338.0	.
866618	 1090.5	  562.9	  337.0	.
866620	 1090.2	  562.9	  337.0	.
866622	 1090.0	  562.9	  336.0	.
866624	 1089.9	  562.9	  335.0	.
866626	 1090.2	  562.9	  335.0	.
866628	 1089.7	  563.1	  336.0	.
866630	 1090.1	  563.0	  337.0	.
866632	 1090.4	  562.8	  337.0	.
866634	 1090.0	  562.7	  340.0	.
866636	 1089.7	  562.3	  340.0	.
866638	 1089.6	  561.7	  338.0	.
866640	 1089.8	  561.3	  337.0	.
866642	 1090.1	  561.0	  337.0	.
866644	 1090.0	  560.9	  337.0	.
866646	 1089.9	  560.7	  337.0	.
866648	 1089.8	  560.7	  337.0	.
866650	 1089.8	  559.9	  337.0	.
866652	 1089.9	  560.6	  337.0	.
866654	 1090.6	  559.8	  338.0	.
866656	 1090.6	  559.8	  338.0	.
866658	 1090.5	  559.9	  338.0	.
866660	 1090.9	  560.0	  338.0	.
866662	 1091.4	  560.7	  339.0	.
866664	 1091.5	  560.9	  339.0	.
866666	 1091.6	  561.0	  339.0	.
866668	 1091.6	  560.3	  339.0	.
866670	 1091.3	  559.6	  339.0	.
866672	 1091.4	  559.9	  339.0	.
866674	 1091.4	  559.3	  339.0	.
866676	 1090.6	  559.8	  339.0	.
866678	 1089.8	  559.9	  339.0	.
866680	 1089.9	  559.9	  339.0	.
866682	 1089.8	  560.1	  339.0	.
866684	 1090.1	  560.2	  339.0	.
866686	 1090.2	  560.8	  339.0	.
866688	 1090.4	  562.1	  339.0	.
866690	 1090.8	  561.9	  340.0	.
866692	 1090.8	  561.8	  340.0	.
866694	 1090.8	  561.1	  338.0	.
866696	 1091.1	  560.2	  338.0	.
866698	 1090.9	  559.3	  339.0	.
866700	 1090.8	  559.7	  341.0	.
866702	 1091.0	  560.0	  341.0	.
866704	 1090.7	  559.7	  341.0	.
866706	 1090.5	  559.4	  341.0	.
866708	 1090.3	  559.4	  342.0	.
866710	 1090.0	  559.0	  342.0	.
866712	 1090.0	  559.5	  341.0	.
866714	 1090.0	  559.9	  341.0	.
866716	 1090.0	  559.8	  341.0	.
866718	 1089.9	  560.6	  341.0	.
866720	 1089.6	  560.2	  341.0	.
866722	 1089.5	  559.7	  343.0	.
866724	 1089.4	  559.0	  342.0	.
866726	 1089.0	  558.8	  342.0	.
866728	 1089.1	  558.8	  342.0	.
866730	 1089.1	  558.8	  341.0	.
866732	 1089.2	  558.8	  341.0	.
866734	 1088.8	  557.7	  340.0	.
866736	 1089.0	  558.2	  340.0	.
866738	 1089.1	  558.4	  340.0	.
866740	 1089.3	  558.5	  340.0	.
866742	 1089.4	  557.5	  340.0	.
866744	 1088.4	  557.9	  340.0	.
866746	 1087.3	  558.0	  340.0	.
866748	 1086.9	  558.0	  339.0	.
EFIX L   866534	866748	216	 1091.5	  563.1	    336
SSACC L  866750
866750	 1086.4	  557.7	  339.0	.
866752	 1085.3	  557.9	  339.0	.
866754	 1084.1	  558.3	  340.0	.
866756	 1076.7	  559.8	  340.0	.
866758	 1058.9	  562.1	  340.0	.
866760	 1040.3	  564.5	  339.0	.
866762	 1022.2	  564.4	  341.0	.
866764	 1001.4	  562.4	  341.0	.
866766	  981.8	  564.9	  341.0	.
866768	  968.8	  567.0	  341.0	.
866770	  968.0	  566.9	  342.0	.
866772	  969.0	  566.6	  341.0	.
ESACC L  866750	866772	24	 1086.4	  557.7	  968.0	  566.9	   3.01	    244
SFIX L   866774
866774	  969.9	  566.4	  341.0	.
866776	  970.8	  566.3	  341.0	.
866778	  970.9	  566.3	  341.0	.
866780	  970.9	  568.0	  341.0	.
866782	  971.5	  567.9	  341.0	.
866784	  971.7	  567.8	  341.0	.
866786	  971.4	  567.7	  341.0	.
866788	  971.3	  567.8	  340.0	.
866790	  971.2	  567.8	  340.0	.
866792	  971.1	  567.2	  341.0	.
866794	  970.3	  566.8	  341.0	.
866796	  970.1	  565.7	  342.0	.
866798	  970.0	  566.1	  342.0	.
866800	  969.4	  565.7	  342.0	.
866802	  969.3	  565.7	  342.0	.
866804	  969.1	  565.8	  342.0	.
866806	  968.9	  565.7	  341.0	.
866808	  969.2	  565.7	  342.0	.
866810	  968.6	  565.6	  341.0	.
866812	  968.9	  565.4	  341.0	.
866814	  968.4	  565.5	  341.0	.
866816	  969.0	  565.2	  342.0	.
866818	  969.5	  564.8	  343.0	.
866820	  970.1	  564.2	  343.0	.
866822	  970.2	  564.8	  344.0	.
866824	  969.1	  564.9	  344.0	.
866826	  968.0	  566.5	  340.0	.
866828	  967.9	  568.0	  340.0	.
866830	  967.6	  567.0	  340.0	.
866832	  968.1	  566.1	  342.0	.
866834	  967.8	  566.2	  342.0	.
866836	  968.2	  566.2	  341.0	.
866838	  968.3	  566.2	  341.0	.
866840	  968.4	  566.3	  341.0	.
866842	  968.3	  564.7	  340.0	.
866844	  968.7	  563.0	  340.0	.
866846	  967.9	  563.0	  340.0	.
866848	  967.0	  563.1	  339.0	.
866850	  968.0	  562.6	  339.0	.
866852	  967.5	  563.0	  338.0	.
866854	  967.3	  562.5	  339.0	.
866856	  967.1	  562.1	  339.0	.
866858	  965.7	  561.9	  339.0	.
866860	  965.6	  561.7	  339.0	.
866862	  965.6	  561.2	  339.0	.
866864	  965.2	  561.0	  339.0	.
MSG	866865 TRIAL 12 END
