MSG	826495 TRIAL 8 START
MSG	828386 DRIFTCORRECT L LEFT  at 960,540  OFFSET 0.29 deg.  11.1,2.1 pix.
MSG	829144 RECCFG P 500 2 1 
MSG	829144 GAZE_COORDS 0.00 0.00 1919.00 1079.00
MSG	829145 !MODE RECORD P 500 2 1
START	829146 	LEFT	SAMPLES	EVENTS
PRESCALER	1
VPRESCALER	1
PUPIL	AREA
EVENTS	GAZE	LEFT	RATE	 500.00	TRACKING	P	FILTER	2
SAMPLES	GAZE	LEFT	RATE	 500.00	TRACKING	P	FILTER	2
829146	  853.4	  497.2	  423.0	.
829148	  854.1	  498.8	  423.0	.
829150	  853.9	  498.4	  423.0	.
829152	  853.8	  497.8	  423.0	.
SFIX L   829154
829154	  853.1	  498.0	  423.0	.
829156	  852.4	  497.5	  423.0	.
829158	  852.4	  496.9	  423.0	.
829160	  852.7	  499.1	  424.0	.
829162	  852.6	  499.1	  424.0	.
829164	  852.7	  498.9	  425.0	.
829166	  852.7	  498.5	  425.0	.
829168	  852.7	  498.0	  425.0	.
829170	  853.1	  497.6	  426.0	.
829172	  853.5	  497.6	  427.0	.
829174	  853.0	  496.6	  427.0	.
829176	  852.5	  495.5	  428.0	.
829178	  852.7	  495.8	  428.0	.
829180	  852.5	  495.2	  429.0	.
829182	  852.2	  494.6	  429.0	.
829184	  852.6	  494.5	  429.0	.
829186	  852.6	  494.5	  429.0	.
829188	  852.7	  494.3	  429.0	.
829190	  852.8	  494.2	  429.0	.
829192	  853.0	  493.0	  429.0	.
829194	  853.5	  491.9	  434.0	.
829196	  853.6	  490.5	  434.0	.
829198	  853.7	  491.3	  433.0	.
829200	  853.8	  490.7	  433.0	.
829202	  853.9	  490.1	  433.0	.
829204	  854.3	  489.7	  433.0	.
829206	  854.3	  490.3	  433.0	.
829208	  854.9	  490.7	  433.0	.
829210	  855.5	  491.6	  433.0	.
829212	  855.7	  491.3	  434.0	.
829214	  855.6	  491.5	  434.0	.
829216	  855.6	  491.7	  433.0	.
829218	  855.8	  491.9	  433.0	.
829220	  855.9	  492.2	  431.0	.
829222	  855.4	  492.4	  431.0	.
829224	  855.6	  492.4	  431.0	.
829226	  855.2	  492.8	  431.0	.
829228	  854.8	  493.2	  430.0	.
829230	  853.7	  493.4	  430.0	.
829232	  854.0	  493.3	  429.0	.
829234	  854.0	  494.1	  429.0	.
829236	  854.4	  494.1	  429.0	.
829238	  854.8	  494.1	  431.0	.
829240	  855.6	  494.5	  434.0	.
829242	  855.3	  494.0	  434.0	.
829244	  855.4	  494.2	  432.0	.
829246	  854.9	  494.5	  430.0	.
829248	  855.0	  494.4	  430.0	.
829250	  855.2	  494.0	  430.0	.
829252	  856.1	  493.7	  430.0	.
MSG	829254 Start Recording with 0
MSG	829254 SYNCTIME
829254	  857.1	  493.5	  429.0	.
829256	  857.0	  491.9	  429.0	.
829258	  856.5	  491.3	  430.0	.
829260	  856.3	  490.9	  430.0	.
829262	  856.4	  491.9	  430.0	.
829264	  856.7	  492.7	  430.0	.
829266	  858.4	  493.5	  430.0	.
829268	  859.9	  493.4	  429.0	.
MSG	829269 DSP: FIXATION
829270	  859.2	  492.1	  429.0	.
829272	  858.5	  492.4	  430.0	.
829274	  858.8	  492.5	  430.0	.
829276	  858.7	  494.1	  431.0	.
829278	  858.6	  495.7	  431.0	.
829280	  858.5	  495.5	  427.0	.
829282	  858.5	  495.7	  427.0	.
829284	  858.3	  495.0	  427.0	.
829286	  858.3	  495.3	  427.0	.
829288	  857.8	  495.4	  427.0	.
829290	  857.7	  495.3	  427.0	.
829292	  857.6	  495.2	  427.0	.
829294	  858.9	  494.5	  428.0	.
829296	  859.2	  494.6	  427.0	.
829298	  859.0	  494.9	  427.0	.
829300	  858.7	  494.4	  426.0	.
829302	  858.3	  494.3	  426.0	.
829304	  857.8	  494.4	  426.0	.
829306	  857.8	  494.5	  426.0	.
829308	  857.3	  495.2	  426.0	.
829310	  857.6	  495.7	  426.0	.
829312	  856.6	  495.9	  426.0	.
829314	  856.7	  495.9	  426.0	.
829316	  856.8	  496.6	  426.0	.
829318	  856.3	  496.1	  426.0	.
829320	  856.5	  497.0	  424.0	.
829322	  855.5	  498.0	  424.0	.
829324	  854.5	  500.4	  419.0	.
829326	  854.5	  499.2	  419.0	.
829328	  854.6	  500.3	  419.0	.
829330	  855.2	  499.6	  419.0	.
829332	  855.1	  499.1	  418.0	.
829334	  855.3	  498.8	  417.0	.
829336	  854.6	  498.9	  417.0	.
829338	  853.9	  499.0	  416.0	.
829340	  854.2	  499.4	  416.0	.
829342	  854.4	  499.9	  416.0	.
829344	  854.8	  498.5	  416.0	.
829346	  854.6	  498.2	  416.0	.
829348	  854.5	  498.4	  416.0	.
829350	  854.6	  498.5	  414.0	.
829352	  854.9	  499.9	  413.0	.
829354	  854.6	  500.6	  413.0	.
829356	  855.4	  501.0	  411.0	.
829358	  856.0	  501.1	  410.0	.
829360	  855.2	  501.3	  407.0	.
829362	  855.7	  501.7	  407.0	.
829364	  855.6	  502.1	  408.0	.
829366	  855.4	  501.5	  410.0	.
829368	  855.5	  502.8	  410.0	.
829370	  855.6	  504.2	  410.0	.
829372	  855.9	  505.2	  404.0	.
829374	  855.7	  502.7	  404.0	.
829376	  856.1	  502.2	  404.0	.
829378	  855.9	  502.1	  403.0	.
829380	  855.9	  502.1	  403.0	.
829382	  855.6	  501.9	  403.0	.
829384	  855.7	  501.8	  403.0	.
829386	  855.6	  502.6	  403.0	.
829388	  855.8	  503.4	  403.0	.
829390	  855.6	  502.3	  403.0	.
829392	  855.8	  502.6	  402.0	.
829394	  855.8	  502.9	  402.0	.
829396	  856.1	  503.2	  401.0	.
829398	  856.0	  503.6	  400.0	.
829400	  856.1	  503.2	  400.0	.
829402	  855.9	  503.2	  400.0	.
829404	  856.4	  503.5	  400.0	.
EFIX L   829154	829404	252	  855.4	  496.5	    422
SSACC L  829406
829406	  856.7	  503.6	  400.0	.
829408	  857.5	  503.7	  399.0	.
829410	  864.9	  502.6	  399.0	.
829412	  873.1	  507.1	  399.0	.
829414	  889.3	  509.4	  399.0	.
829416	  905.6	  508.3	  399.0	.
829418	  920.7	  508.2	  397.0	.
829420	  936.6	  513.2	  396.0	.
829422	  947.6	  513.9	  394.0	.
829424	  955.9	  513.8	  392.0	.
829426	  959.9	  513.7	  392.0	.
829428	  960.0	  514.4	  390.0	.
ESACC L  829406	829428	24	  856.7	  503.6	  959.9	  513.7	   2.63	    186
SFIX L   829430
829430	  959.9	  514.4	  390.0	.
829432	  959.5	  513.7	  390.0	.
829434	  959.5	  512.8	  390.0	.
829436	  959.6	  513.0	  390.0	.
829438	  959.6	  513.0	  390.0	.
829440	  959.4	  513.3	  390.0	.
829442	  959.0	  513.6	  390.0	.
829444	  958.6	  513.5	  389.0	.
829446	  957.8	  514.2	  389.0	.
829448	  957.0	  514.5	  388.0	.
829450	  956.9	  514.4	  388.0	.
829452	  957.2	  514.2	  389.0	.
829454	  956.9	  513.3	  389.0	.
829456	  956.9	  513.5	  389.0	.
829458	  956.8	  513.2	  388.0	.
829460	  957.1	  513.7	  388.0	.
829462	  957.0	  514.2	  388.0	.
829464	  957.4	  514.2	  386.0	.
829466	  957.6	  514.3	  385.0	.
829468	  957.7	  514.1	  385.0	.
829470	  957.8	  513.9	  385.0	.
829472	  958.4	  513.5	  385.0	.
829474	  958.4	  512.8	  384.0	.
829476	  958.0	  513.0	  384.0	.
829478	  957.8	  513.2	  384.0	.
829480	  957.8	  513.9	  384.0	.
829482	  957.7	  513.4	  384.0	.
829484	  957.9	  513.5	  385.0	.
829486	  957.8	  512.9	  385.0	.
829488	  958.7	  513.0	  385.0	.
829490	  959.0	  513.1	  385.0	.
829492	  959.1	  513.0	  385.0	.
829494	  959.4	  513.9	  381.0	.
829496	  959.7	  514.1	  381.0	.
829498	  959.4	  514.0	  381.0	.
829500	  959.4	  514.1	  381.0	.
829502	  959.4	  514.1	  380.0	.
829504	  959.3	  513.9	  380.0	.
829506	  959.3	  514.6	  380.0	.
829508	  959.7	  514.9	  380.0	.
829510	  959.8	  515.1	  380.0	.
829512	  959.8	  514.8	  380.0	.
829514	  961.0	  514.7	  379.0	.
829516	  961.0	  514.1	  378.0	.
829518	  961.2	  513.4	  377.0	.
829520	  961.1	  513.4	  376.0	.
829522	  961.2	  513.3	  375.0	.
829524	  960.2	  513.4	  375.0	.
829526	  960.6	  513.3	  375.0	.
829528	  960.4	  513.4	  375.0	.
829530	  961.4	  512.3	  372.0	.
829532	  962.4	  511.7	  371.0	.
829534	  963.0	  511.7	  370.0	.
829536	  963.0	  511.6	  370.0	.
829538	  963.2	  512.2	  370.0	.
829540	  963.3	  512.1	  370.0	.
829542	  963.2	  512.3	  370.0	.
829544	  963.0	  512.6	  369.0	.
829546	  962.6	  511.9	  368.0	.
829548	  962.5	  511.9	  366.0	.
829550	  962.5	  512.0	  366.0	.
829552	  962.9	  512.2	  366.0	.
829554	  963.1	  512.5	  366.0	.
829556	  963.2	  513.2	  363.0	.
829558	  962.5	  513.3	  363.0	.
829560	  962.8	  513.2	  360.0	.
829562	  962.1	  514.8	  359.0	.
829564	  962.2	  515.1	  358.0	.
829566	  962.4	  515.4	  358.0	.
829568	  963.4	  515.9	  357.0	.
829570	  963.9	  515.9	  357.0	.
829572	  964.2	  515.7	  356.0	.
829574	  964.2	  517.1	  356.0	.
829576	  963.9	  516.3	  355.0	.
829578	  963.4	  516.1	  355.0	.
829580	  962.8	  516.0	  355.0	.
829582	  962.9	  515.9	  354.0	.
829584	  962.8	  515.3	  353.0	.
829586	  963.0	  515.2	  351.0	.
829588	  962.5	  515.1	  349.0	.
829590	  961.8	  511.2	  346.0	.
829592	  961.5	  510.4	  346.0	.
829594	  961.9	  510.3	  344.0	.
829596	  962.0	  510.4	  343.0	.
829598	  962.1	  510.6	  343.0	.
829600	  962.4	  509.2	  343.0	.
829602	  962.4	  510.0	  343.0	.
829604	  962.7	  509.9	  340.0	.
829606	  961.8	  510.1	  338.0	.
829608	  961.5	  511.4	  338.0	.
829610	  961.4	  512.8	  338.0	.
829612	  962.1	  512.8	  333.0	.
829614	  962.8	  512.7	  333.0	.
829616	  963.3	  513.9	  329.0	.
829618	  963.8	  515.9	  325.0	.
829620	  965.0	  516.8	  325.0	.
829622	  966.2	  517.6	  323.0	.
829624	  966.4	  519.0	  322.0	.
829626	  966.5	  520.3	  322.0	.
829628	  967.4	  520.9	  318.0	.
829630	  967.6	  520.3	  317.0	.
829632	  967.9	  520.3	  317.0	.
829634	  968.6	  520.2	  317.0	.
829636	  968.9	  520.0	  316.0	.
829638	  969.2	  520.5	  315.0	.
829640	  969.0	  521.1	  313.0	.
829642	  968.7	  521.7	  313.0	.
829644	  968.4	  521.8	  312.0	.
829646	  968.6	  521.8	  312.0	.
829648	  968.3	  521.7	  312.0	.
829650	  968.1	  522.0	  312.0	.
829652	  968.0	  522.1	  311.0	.
829654	  968.6	  522.1	  310.0	.
829656	  968.7	  521.2	  308.0	.
829658	  968.7	  521.6	  308.0	.
829660	  968.8	  521.9	  308.0	.
829662	  969.0	  523.3	  304.0	.
829664	  968.4	  524.2	  303.0	.
829666	  968.5	  525.0	  302.0	.
829668	  968.6	  524.9	  301.0	.
829670	  968.3	  524.9	  300.0	.
829672	  968.8	  524.8	  300.0	.
829674	  969.1	  524.2	  299.0	.
829676	  969.5	  523.5	  299.0	.
829678	  969.6	  523.2	  298.0	.
829680	  969.6	  522.8	  298.0	.
829682	  970.8	  522.9	  298.0	.
829684	  971.0	  523.0	  296.0	.
829686	  970.9	  523.1	  295.0	.
829688	  971.0	  523.2	  295.0	.
829690	  969.7	  523.3	  293.0	.
829692	  968.4	  523.5	  292.0	.
829694	  968.8	  523.3	  292.0	.
829696	  969.2	  523.2	  292.0	.
829698	  968.3	  522.8	  291.0	.
829700	  968.6	  522.5	  291.0	.
829702	  969.0	  522.3	  290.0	.
829704	  969.1	  522.4	  289.0	.
829706	  968.7	  522.6	  289.0	.
829708	  968.2	  523.2	  289.0	.
829710	  968.7	  523.0	  288.0	.
829712	  968.8	  522.8	  288.0	.
829714	  969.0	  522.4	  287.0	.
829716	  968.4	  522.5	  286.0	.
829718	  968.9	  522.4	  285.0	.
829720	  969.0	  522.1	  284.0	.
829722	  969.1	  522.4	  283.0	.
829724	  969.6	  522.2	  283.0	.
829726	  969.6	  522.1	  283.0	.
829728	  969.6	  522.2	  283.0	.
829730	  969.5	  522.1	  280.0	.
829732	  969.5	  522.1	  280.0	.
829734	  971.0	  521.9	  279.0	.
829736	  971.7	  521.9	  279.0	.
829738	  971.3	  521.5	  278.0	.
829740	  970.9	  522.6	  277.0	.
829742	  971.2	  523.5	  277.0	.
829744	  971.1	  524.0	  277.0	.
829746	  971.4	  523.5	  277.0	.
829748	  971.5	  523.7	  277.0	.
829750	  971.5	  524.0	  276.0	.
829752	  971.5	  523.4	  276.0	.
829754	  971.6	  523.8	  276.0	.
829756	  971.7	  524.1	  275.0	.
829758	  973.3	  525.3	  274.0	.
829760	  973.9	  525.3	  272.0	.
829762	  974.1	  525.1	  272.0	.
829764	  974.1	  524.7	  272.0	.
829766	  974.4	  524.6	  270.0	.
829768	  974.0	  524.6	  270.0	.
829770	  974.2	  524.1	  270.0	.
829772	  973.7	  524.1	  270.0	.
829774	  973.3	  523.9	  269.0	.
829776	  973.6	  523.4	  268.0	.
829778	  974.0	  522.8	  268.0	.
829780	  973.9	  522.1	  268.0	.
829782	  973.8	  521.6	  268.0	.
829784	  975.0	  521.6	  267.0	.
829786	  975.6	  520.5	  267.0	.
829788	  975.6	  521.6	  265.0	.
829790	  976.4	  521.7	  266.0	.
829792	  976.7	  521.8	  266.0	.
829794	  976.8	  522.1	  266.0	.
829796	  976.8	  522.3	  266.0	.
829798	  976.7	  522.9	  266.0	.
829800	  976.6	  523.1	  266.0	.
829802	  976.5	  523.3	  266.0	.
829804	  977.2	  523.6	  265.0	.
829806	  976.8	  524.2	  265.0	.
829808	  976.4	  525.0	  265.0	.
829810	  976.1	  525.4	  265.0	.
829812	  975.6	  525.5	  264.0	.
829814	  975.9	  524.4	  263.0	.
829816	  976.3	  525.3	  261.0	.
829818	  974.9	  523.9	  260.0	.
829820	  975.0	  524.9	  260.0	.
829822	  975.0	  525.1	  259.0	.
829824	  974.9	  525.2	  259.0	.
829826	  975.4	  528.2	  258.0	.
829828	  975.0	  528.3	  258.0	.
829830	  974.8	  528.5	  257.0	.
829832	  975.4	  528.8	  256.0	.
829834	  974.9	  529.3	  255.0	.
829836	  974.8	  530.3	  255.0	.
829838	  975.0	  531.4	  254.0	.
829840	  975.0	  531.5	  254.0	.
EFIX L   829430	829840	412	  966.4	  518.7	    324
SSACC L  829842
829842	  975.2	  531.7	  254.0	.
829844	  975.9	  539.3	  254.0	.
829846	  976.6	  545.5	  252.0	.
829848	  976.2	  545.6	  251.0	.
829850	  977.0	  545.5	  250.0	.
829852	  977.5	  542.5	  249.0	.
ESACC L  829842	829852	12	  975.2	  531.7	  977.0	  545.5	   0.39	     50
SFIX L   829854
829854	  977.2	  539.7	  249.0	.
829856	  976.9	  536.9	  249.0	.
829858	  976.6	  536.4	  249.0	.
829860	  976.6	  537.1	  249.0	.
829862	  976.6	  537.3	  250.0	.
829864	  977.0	  537.1	  248.0	.
829866	  979.2	  538.5	  247.0	.
829868	  979.2	  537.5	  246.0	.
829870	  979.0	  536.6	  245.0	.
829872	  978.7	  535.1	  245.0	.
829874	  978.7	  536.6	  246.0	.
829876	  978.5	  534.6	  246.0	.
829878	  978.4	  534.0	  246.0	.
829880	  978.0	  534.1	  246.0	.
829882	  977.4	  532.6	  245.0	.
829884	  977.3	  531.1	  245.0	.
829886	  977.2	  532.0	  244.0	.
829888	  978.0	  531.7	  243.0	.
829890	  977.7	  531.5	  243.0	.
829892	  977.8	  534.2	  243.0	.
829894	  977.9	  533.1	  243.0	.
829896	  977.9	  532.0	  242.0	.
829898	  978.6	  534.2	  242.0	.
829900	  979.1	  535.2	  241.0	.
829902	  978.4	  536.4	  240.0	.
829904	  979.2	  536.3	  240.0	.
829906	  979.1	  536.0	  240.0	.
829908	  979.4	  535.7	  241.0	.
829910	  979.0	  534.7	  240.0	.
829912	  979.3	  535.2	  239.0	.
829914	  979.6	  535.7	  237.0	.
829916	  979.9	  537.8	  237.0	.
829918	  979.5	  537.8	  237.0	.
829920	  979.5	  537.9	  237.0	.
829922	  979.5	  537.8	  237.0	.
829924	  979.6	  538.1	  237.0	.
829926	  979.7	  536.3	  236.0	.
829928	  979.8	  536.5	  235.0	.
829930	  979.9	  536.7	  235.0	.
829932	  979.9	  537.3	  235.0	.
829934	  980.0	  537.1	  234.0	.
829936	  980.0	  537.4	  234.0	.
829938	  980.0	  537.6	  234.0	.
829940	  980.0	  535.2	  234.0	.
829942	  979.3	  535.7	  236.0	.
829944	  979.0	  536.0	  236.0	.
829946	  978.7	  537.0	  236.0	.
829948	  978.4	  538.0	  235.0	.
829950	  977.9	  537.7	  235.0	.
829952	  979.3	  537.2	  235.0	.
829954	  979.9	  537.0	  235.0	.
829956	  980.2	  537.2	  235.0	.
829958	  980.5	  537.4	  234.0	.
829960	  980.2	  537.6	  234.0	.
829962	  980.2	  537.8	  234.0	.
829964	  980.2	  537.8	  234.0	.
829966	  980.2	  538.0	  234.0	.
829968	  980.2	  538.2	  234.0	.
829970	  980.3	  538.3	  233.0	.
829972	  980.4	  538.2	  233.0	.
829974	  980.5	  537.8	  234.0	.
829976	  980.5	  537.6	  234.0	.
829978	  980.2	  537.7	  234.0	.
829980	  979.8	  536.2	  234.0	.
829982	  978.8	  536.1	  234.0	.
829984	  979.3	  536.3	  234.0	.
829986	  979.1	  536.7	  234.0	.
829988	  979.1	  536.7	  234.0	.
829990	  979.1	  536.6	  234.0	.
829992	  979.0	  536.8	  234.0	.
829994	  979.1	  536.8	  234.0	.
829996	  979.0	  537.9	  234.0	.
829998	  979.1	  538.5	  234.0	.
830000	  979.2	  538.7	  234.0	.
830002	  978.8	  538.7	  235.0	.
830004	  979.2	  538.5	  236.0	.
830006	  979.7	  538.5	  236.0	.
830008	  980.3	  538.3	  236.0	.
830010	  980.4	  538.2	  236.0	.
830012	  980.0	  538.3	  234.0	.
830014	  979.7	  538.6	  234.0	.
830016	  979.6	  537.6	  234.0	.
830018	  979.9	  537.2	  234.0	.
830020	  980.2	  537.1	  234.0	.
830022	  980.4	  536.3	  234.0	.
830024	  980.4	  535.9	  233.0	.
830026	  980.7	  535.7	  233.0	.
830028	  980.9	  535.5	  233.0	.
830030	  980.9	  535.5	  233.0	.
830032	  980.8	  535.5	  233.0	.
830034	  980.8	  535.5	  233.0	.
830036	  980.3	  535.5	  233.0	.
830038	  980.4	  535.5	  233.0	.
830040	  980.1	  535.0	  233.0	.
830042	  979.9	  535.4	  233.0	.
830044	  980.0	  535.5	  233.0	.
830046	  979.8	  535.4	  233.0	.
830048	  980.2	  535.7	  233.0	.
830050	  980.3	  536.1	  233.0	.
830052	  980.2	  535.7	  233.0	.
830054	  980.1	  535.5	  233.0	.
830056	  980.0	  535.4	  233.0	.
830058	  980.1	  536.2	  233.0	.
830060	  981.5	  536.7	  232.0	.
830062	  980.9	  537.2	  232.0	.
830064	  980.1	  537.4	  232.0	.
830066	  980.5	  537.3	  232.0	.
830068	  980.8	  537.2	  232.0	.
830070	  979.9	  537.3	  232.0	.
830072	  979.5	  537.2	  232.0	.
830074	  979.5	  536.8	  233.0	.
830076	  979.4	  536.4	  233.0	.
830078	  979.4	  535.9	  232.0	.
830080	  979.5	  536.0	  231.0	.
830082	  979.2	  534.8	  231.0	.
830084	  978.8	  533.6	  232.0	.
830086	  978.6	  534.4	  232.0	.
830088	  978.4	  534.7	  232.0	.
830090	  978.6	  535.0	  232.0	.
830092	  978.6	  535.1	  232.0	.
830094	  978.5	  535.2	  233.0	.
830096	  978.4	  534.4	  233.0	.
830098	  978.5	  534.7	  233.0	.
830100	  978.6	  534.9	  233.0	.
830102	  978.8	  534.5	  233.0	.
830104	  978.9	  536.1	  233.0	.
830106	  978.8	  536.4	  232.0	.
830108	  978.5	  535.9	  232.0	.
830110	  978.7	  535.3	  232.0	.
830112	  978.3	  535.2	  232.0	.
830114	  977.9	  533.5	  232.0	.
830116	  977.0	  533.6	  232.0	.
830118	  977.0	  533.6	  232.0	.
830120	  977.6	  535.4	  232.0	.
830122	  978.1	  535.3	  231.0	.
830124	  977.7	  535.3	  231.0	.
830126	  978.1	  535.6	  231.0	.
830128	  978.1	  535.5	  232.0	.
830130	  978.2	  535.5	  232.0	.
830132	  978.2	  535.6	  232.0	.
830134	  978.1	  535.4	  232.0	.
830136	  977.8	  535.2	  232.0	.
830138	  976.6	  533.6	  232.0	.
830140	  976.5	  533.5	  232.0	.
830142	  976.5	  533.5	  232.0	.
830144	  976.5	  533.5	  232.0	.
830146	  976.5	  533.5	  232.0	.
830148	  977.0	  534.3	  232.0	.
830150	  977.6	  534.5	  232.0	.
830152	  977.6	  534.8	  231.0	.
830154	  977.6	  535.0	  231.0	.
830156	  978.4	  535.8	  230.0	.
830158	  979.1	  535.5	  230.0	.
830160	  979.1	  535.2	  230.0	.
830162	  978.0	  534.7	  231.0	.
830164	  977.9	  534.7	  231.0	.
830166	  977.7	  534.4	  232.0	.
830168	  977.1	  534.0	  232.0	.
830170	  976.4	  533.3	  232.0	.
830172	  976.5	  533.3	  232.0	.
830174	  976.5	  533.3	  232.0	.
830176	  976.5	  533.4	  232.0	.
830178	  977.1	  533.9	  231.0	.
830180	  977.6	  534.6	  231.0	.
830182	  978.5	  535.4	  232.0	.
830184	  979.3	  536.3	  232.0	.
830186	  979.3	  536.3	  232.0	.
830188	  978.9	  535.1	  232.0	.
830190	  978.5	  534.5	  232.0	.
830192	  978.1	  534.6	  232.0	.
830194	  977.9	  534.9	  232.0	.
830196	  977.7	  534.0	  233.0	.
830198	  977.7	  534.0	  233.0	.
830200	  977.8	  534.5	  233.0	.
830202	  977.7	  533.1	  233.0	.
830204	  977.7	  531.8	  233.0	.
830206	  977.5	  532.2	  234.0	.
830208	  977.4	  532.7	  234.0	.
830210	  977.5	  533.1	  233.0	.
830212	  977.5	  533.6	  232.0	.
830214	  977.3	  533.6	  232.0	.
830216	  976.9	  533.8	  232.0	.
830218	  976.9	  533.8	  232.0	.
830220	  976.9	  533.8	  232.0	.
830222	  976.5	  530.5	  232.0	.
830224	  976.3	  530.5	  232.0	.
830226	  976.3	  530.4	  232.0	.
830228	  976.6	  526.8	  233.0	.
830230	  977.0	  526.6	  233.0	.
830232	  976.9	  526.7	  233.0	.
830234	  976.8	  526.4	  234.0	.
830236	  976.8	  526.2	  234.0	.
830238	  976.4	  524.5	  234.0	.
830240	  976.1	  523.0	  235.0	.
830242	  975.8	  521.6	  236.0	.
830244	  975.4	  520.3	  236.0	.
830246	  975.7	  516.5	  236.0	.
830248	  976.5	  515.9	  237.0	.
830250	  976.3	  515.9	  239.0	.
830252	  976.3	  515.9	  239.0	.
830254	  975.8	  513.4	  239.0	.
830256	  973.3	  514.1	  240.0	.
830258	  973.5	  513.2	  240.0	.
830260	  973.8	  513.0	  239.0	.
830262	  974.4	  513.0	  239.0	.
830264	  974.5	  512.1	  239.0	.
830266	  974.3	  513.2	  239.0	.
830268	  974.2	  513.2	  239.0	.
830270	  973.5	  513.3	  239.0	.
830272	  973.0	  513.5	  239.0	.
830274	  973.1	  513.6	  239.0	.
830276	  972.9	  514.3	  239.0	.
830278	  972.7	  514.5	  239.0	.
830280	  972.1	  512.9	  239.0	.
830282	  971.7	  511.2	  239.0	.
830284	  972.2	  512.3	  239.0	.
830286	  972.7	  513.3	  238.0	.
830288	  973.9	  513.5	  238.0	.
830290	  972.9	  512.5	  238.0	.
830292	  972.0	  513.1	  237.0	.
830294	  972.1	  513.1	  237.0	.
830296	  972.2	  513.1	  237.0	.
830298	  972.2	  513.0	  242.0	.
830300	  972.3	  511.9	  242.0	.
830302	  972.2	  512.0	  241.0	.
830304	  972.3	  511.4	  241.0	.
830306	  972.0	  511.1	  241.0	.
830308	  972.4	  511.0	  241.0	.
830310	  972.3	  511.5	  241.0	.
830312	  973.0	  512.0	  241.0	.
830314	  972.6	  512.1	  241.0	.
830316	  973.5	  512.1	  240.0	.
830318	  973.8	  513.0	  239.0	.
830320	  974.0	  514.1	  239.0	.
830322	  973.8	  514.8	  239.0	.
830324	  974.1	  514.8	  239.0	.
830326	  973.8	  515.8	  239.0	.
830328	  974.5	  516.8	  239.0	.
830330	  974.5	  514.9	  240.0	.
830332	  974.7	  515.5	  240.0	.
830334	  975.3	  515.9	  239.0	.
830336	  975.2	  517.4	  239.0	.
830338	  974.9	  517.1	  239.0	.
830340	  975.4	  516.7	  239.0	.
830342	  975.5	  516.1	  239.0	.
830344	  975.6	  515.6	  240.0	.
830346	  975.3	  515.7	  242.0	.
830348	  975.3	  515.5	  242.0	.
830350	  975.2	  515.3	  242.0	.
830352	  975.5	  516.2	  243.0	.
830354	  975.2	  517.0	  243.0	.
830356	  975.0	  517.3	  242.0	.
830358	  975.2	  517.3	  241.0	.
830360	  975.5	  517.1	  241.0	.
830362	  975.4	  516.9	  242.0	.
830364	  975.8	  516.5	  242.0	.
830366	  975.6	  516.4	  241.0	.
830368	  975.5	  516.3	  241.0	.
830370	  975.2	  516.1	  241.0	.
830372	  974.9	  516.3	  241.0	.
830374	  973.6	  515.2	  242.0	.
830376	  973.7	  515.5	  244.0	.
830378	  973.6	  514.6	  244.0	.
830380	  973.2	  513.8	  242.0	.
830382	  973.2	  511.8	  241.0	.
830384	  973.2	  511.9	  241.0	.
830386	  973.1	  511.8	  242.0	.
830388	  973.0	  512.6	  242.0	.
830390	  972.1	  512.0	  243.0	.
830392	  971.3	  512.2	  245.0	.
830394	  971.2	  511.2	  245.0	.
830396	  971.0	  510.4	  246.0	.
830398	  970.9	  511.9	  246.0	.
830400	  970.8	  511.6	  244.0	.
830402	  968.9	  512.3	  244.0	.
830404	  966.9	  512.5	  245.0	.
830406	  966.8	  512.6	  246.0	.
830408	  966.7	  512.9	  246.0	.
830410	  965.5	  513.7	  246.0	.
830412	  964.9	  512.5	  246.0	.
EFIX L   829854	830412	560	  977.0	  528.8	    236
SSACC L  830414
830414	  967.3	  510.7	  246.0	.
830416	  966.9	  516.8	  244.0	.
830418	  969.6	  522.2	  243.0	.
830420	  972.8	  533.9	  238.0	.
830422	  976.6	  561.4	  227.0	.
830424	  981.0	  592.9	  207.0	.
830426	  985.3	  615.1	  194.0	.
830428	  986.4	  620.6	  191.0	I
830430	  987.5	  626.1	  188.0	.
830432	  988.6	  631.6	  185.0	I
830434	  989.7	  637.3	  182.0	.
SBLINK L 830436
830436	   .	   .	    0.0	I
830438	   .	   .	    0.0	.
830440	   .	   .	    0.0	I
830442	   .	   .	    0.0	.
830444	   .	   .	    0.0	I
830446	   .	   .	    0.0	.
830448	   .	   .	    0.0	I
830450	   .	   .	    0.0	.
830452	   .	   .	    0.0	I
830454	   .	   .	    0.0	.
830456	   .	   .	    0.0	I
830458	   .	   .	    0.0	.
830460	   .	   .	    0.0	I
830462	   .	   .	    0.0	.
830464	   .	   .	    0.0	I
830466	   .	   .	    0.0	.
830468	   .	   .	    0.0	I
830470	   .	   .	    0.0	.
830472	   .	   .	    0.0	I
830474	   .	   .	    0.0	.
830476	   .	   .	    0.0	I
830478	   .	   .	    0.0	.
830480	   .	   .	    0.0	I
830482	   .	   .	    0.0	.
830484	   .	   .	    0.0	I
830486	   .	   .	    0.0	.
830488	   .	   .	    0.0	I
830490	   .	   .	    0.0	.
830492	   .	   .	    0.0	I
830494	   .	   .	    0.0	.
830496	   .	   .	    0.0	I
830498	   .	   .	    0.0	.
830500	   .	   .	    0.0	I
830502	   .	   .	    0.0	.
830504	   .	   .	    0.0	I
830506	   .	   .	    0.0	.
830508	   .	   .	    0.0	I
830510	   .	   .	    0.0	.
830512	   .	   .	    0.0	I
830514	   .	   .	    0.0	.
830516	   .	   .	    0.0	I
830518	   .	   .	    0.0	.
830520	   .	   .	    0.0	I
830522	   .	   .	    0.0	.
830524	   .	   .	    0.0	I
830526	   .	   .	    0.0	.
830528	   .	   .	    0.0	I
830530	   .	   .	    0.0	.
830532	   .	   .	    0.0	I
830534	   .	   .	    0.0	.
830536	   .	   .	    0.0	I
830538	   .	   .	    0.0	.
830540	   .	   .	    0.0	I
830542	   .	   .	    0.0	.
EBLINK L 830436	830542	108
830544	  957.0	  653.6	  167.0	I
830546	  957.0	  653.7	  167.0	.
830548	  956.4	  650.8	  169.0	I
830550	  955.9	  648.0	  171.0	.
830552	  956.4	  642.0	  175.0	.
830554	  955.8	  630.2	  184.0	.
830556	  956.1	  619.6	  188.0	.
830558	  957.8	  613.3	  191.0	.
830560	  956.0	  609.1	  198.0	.
830562	  955.8	  605.7	  198.0	.
830564	  954.8	  594.6	  208.0	.
830566	  954.8	  576.1	  216.0	.
830568	  955.7	  574.2	  217.0	.
830570	  955.4	  570.0	  221.0	.
830572	  954.5	  564.5	  223.0	.
830574	  953.0	  551.9	  229.0	.
830576	  952.0	  548.1	  238.0	.
830578	  951.7	  541.6	  238.0	.
830580	  951.6	  535.2	  244.0	.
830582	  952.6	  533.3	  248.0	.
830584	  953.1	  528.8	  250.0	.
830586	  953.1	  526.1	  252.0	.
830588	  953.0	  521.1	  258.0	.
830590	  951.2	  507.7	  263.0	.
830592	  950.2	  503.2	  265.0	.
830594	  948.9	  501.9	  265.0	.
830596	  950.2	  499.6	  265.0	.
ESACC L  830414	830596	184	  967.3	  510.7	  948.9	  501.9	   0.53	    325
SFIX L   830598
830598	  951.4	  497.3	  266.0	.
830600	  950.0	  496.5	  266.0	.
830602	  949.3	  495.6	  267.0	.
830604	  948.8	  496.6	  267.0	.
830606	  947.7	  495.4	  267.0	.
830608	  947.7	  494.0	  269.0	.
830610	  946.6	  490.4	  271.0	.
830612	  945.6	  488.3	  273.0	.
830614	  945.3	  486.1	  275.0	.
830616	  945.4	  485.9	  275.0	.
830618	  944.9	  485.9	  277.0	.
830620	  944.3	  484.7	  276.0	.
830622	  944.4	  489.1	  274.0	.
830624	  944.8	  486.7	  275.0	.
830626	  944.5	  484.3	  276.0	.
830628	  944.3	  482.7	  277.0	.
830630	  944.2	  481.0	  278.0	.
830632	  942.7	  480.7	  278.0	.
830634	  942.8	  484.2	  276.0	.
830636	  943.4	  484.1	  275.0	.
830638	  942.6	  484.3	  275.0	.
830640	  942.2	  488.7	  273.0	.
830642	  943.1	  485.7	  275.0	.
830644	  942.8	  487.4	  274.0	.
830646	  942.5	  489.1	  273.0	.
830648	  942.4	  490.5	  272.0	.
830650	  942.6	  490.8	  272.0	.
830652	  941.7	  491.3	  273.0	.
830654	  942.7	  495.0	  273.0	.
830656	  942.8	  498.9	  270.0	.
830658	  944.1	  497.1	  271.0	.
830660	  944.0	  496.6	  270.0	.
830662	  943.9	  496.6	  270.0	.
830664	  942.3	  497.0	  269.0	.
830666	  941.7	  504.9	  267.0	.
830668	  941.3	  512.8	  265.0	.
830670	  941.2	  515.1	  263.0	.
830672	  941.7	  517.4	  262.0	.
830674	  941.8	  517.4	  262.0	.
830676	  942.0	  517.5	  262.0	.
830678	  942.1	  518.2	  264.0	.
830680	  941.7	  518.8	  264.0	.
830682	  941.2	  519.3	  264.0	.
830684	  941.9	  520.1	  264.0	.
830686	  941.4	  523.7	  264.0	.
830688	  940.9	  524.1	  265.0	.
830690	  940.4	  524.4	  265.0	.
830692	  940.6	  526.7	  265.0	.
830694	  940.7	  529.0	  265.0	.
830696	  940.2	  530.1	  265.0	.
830698	  939.7	  533.9	  265.0	.
830700	  940.3	  535.4	  265.0	.
830702	  940.7	  536.9	  264.0	.
830704	  940.7	  537.4	  264.0	.
830706	  940.6	  537.9	  265.0	.
830708	  941.2	  538.5	  266.0	.
830710	  940.8	  538.8	  266.0	.
830712	  941.2	  538.9	  266.0	.
830714	  941.5	  539.0	  266.0	.
830716	  941.1	  539.2	  267.0	.
830718	  941.2	  539.5	  267.0	.
830720	  941.0	  539.7	  268.0	.
830722	  940.9	  540.4	  268.0	.
830724	  941.0	  541.0	  269.0	.
830726	  940.8	  541.8	  269.0	.
830728	  941.4	  541.3	  270.0	.
830730	  940.6	  541.4	  271.0	.
830732	  941.1	  541.4	  271.0	.
830734	  941.3	  541.2	  271.0	.
830736	  941.4	  541.0	  271.0	.
830738	  941.7	  540.6	  271.0	.
830740	  941.9	  538.4	  271.0	.
EFIX L   830598	830740	144	  942.9	  511.4	    269
SSACC L  830742
830742	  948.7	  535.9	  271.0	.
830744	  951.8	  535.4	  271.0	.
830746	  958.3	  534.3	  271.0	.
830748	  960.4	  532.7	  272.0	.
ESACC L  830742	830748	8	  948.7	  535.9	  958.3	  534.3	   0.25	     57
SFIX L   830750
830750	  963.6	  531.3	  272.0	.
830752	  964.9	  530.2	  271.0	.
830754	  965.3	  530.0	  271.0	.
830756	  965.8	  531.3	  271.0	.
830758	  965.1	  530.6	  272.0	.
830760	  964.5	  531.5	  272.0	.
830762	  964.9	  531.3	  272.0	.
830764	  964.7	  531.1	  274.0	.
830766	  964.5	  530.9	  274.0	.
830768	  965.1	  531.0	  274.0	.
830770	  964.5	  531.3	  274.0	.
830772	  963.9	  531.5	  275.0	.
830774	  963.3	  533.0	  275.0	.
830776	  964.0	  534.3	  273.0	.
830778	  964.0	  535.1	  273.0	.
830780	  964.1	  535.7	  273.0	.
830782	  964.6	  536.3	  273.0	.
830784	  964.8	  536.7	  273.0	.
830786	  965.1	  537.9	  274.0	.
830788	  966.1	  537.8	  276.0	.
830790	  966.1	  537.5	  276.0	.
830792	  966.0	  537.1	  277.0	.
830794	  966.7	  536.1	  277.0	.
830796	  967.4	  535.4	  278.0	.
830798	  966.7	  535.3	  278.0	.
830800	  965.9	  535.2	  279.0	.
830802	  965.8	  535.2	  279.0	.
830804	  965.6	  535.2	  279.0	.
830806	  965.2	  534.2	  279.0	.
830808	  965.1	  534.7	  279.0	.
830810	  965.0	  534.4	  279.0	.
830812	  965.2	  534.0	  279.0	.
830814	  964.9	  533.8	  279.0	.
830816	  965.7	  534.1	  279.0	.
830818	  965.6	  532.8	  279.0	.
830820	  965.7	  533.4	  280.0	.
830822	  965.6	  532.5	  281.0	.
830824	  965.6	  531.7	  282.0	.
830826	  965.6	  531.5	  282.0	.
830828	  965.3	  531.5	  282.0	.
830830	  965.0	  531.6	  282.0	.
830832	  964.8	  531.9	  283.0	.
830834	  964.8	  532.1	  283.0	.
830836	  964.9	  531.8	  283.0	.
830838	  964.9	  532.7	  283.0	.
830840	  964.7	  532.8	  282.0	.
830842	  964.6	  532.9	  282.0	.
830844	  964.9	  532.4	  283.0	.
830846	  965.2	  532.0	  283.0	.
830848	  965.1	  532.2	  283.0	.
830850	  964.9	  532.4	  283.0	.
830852	  963.8	  532.5	  283.0	.
830854	  963.8	  532.8	  284.0	.
830856	  963.9	  533.1	  284.0	.
830858	  963.9	  533.2	  284.0	.
830860	  964.0	  532.9	  284.0	.
830862	  964.0	  532.6	  284.0	.
830864	  964.1	  532.6	  283.0	.
830866	  963.3	  532.7	  283.0	.
830868	  963.3	  532.7	  283.0	.
830870	  963.6	  534.6	  284.0	.
830872	  963.5	  534.8	  284.0	.
830874	  963.8	  534.8	  284.0	.
830876	  964.1	  534.7	  284.0	.
830878	  964.6	  534.6	  284.0	.
830880	  964.7	  533.6	  284.0	.
830882	  964.2	  533.5	  284.0	.
830884	  963.8	  533.3	  284.0	.
830886	  963.5	  534.2	  284.0	.
830888	  963.5	  534.5	  284.0	.
830890	  963.3	  534.7	  284.0	.
830892	  962.6	  532.7	  283.0	.
830894	  962.5	  533.2	  283.0	.
830896	  962.5	  533.5	  286.0	.
830898	  962.2	  533.6	  286.0	.
830900	  963.7	  533.0	  286.0	.
830902	  963.4	  532.7	  287.0	.
830904	  963.2	  532.8	  287.0	.
830906	  963.1	  533.0	  287.0	.
830908	  963.6	  533.2	  285.0	.
830910	  963.6	  534.0	  284.0	.
830912	  964.3	  533.9	  284.0	.
830914	  963.8	  533.6	  284.0	.
830916	  963.2	  533.3	  284.0	.
830918	  963.4	  532.8	  284.0	.
830920	  963.5	  532.4	  285.0	.
830922	  964.1	  532.5	  285.0	.
830924	  964.5	  531.9	  286.0	.
830926	  965.0	  532.1	  286.0	.
830928	  966.8	  532.1	  286.0	.
830930	  966.3	  531.5	  285.0	.
830932	  965.7	  530.8	  285.0	.
830934	  966.1	  531.1	  286.0	.
830936	  966.0	  531.1	  286.0	.
830938	  966.0	  531.0	  286.0	.
830940	  965.8	  530.9	  285.0	.
830942	  966.2	  531.2	  285.0	.
830944	  965.3	  531.5	  285.0	.
830946	  966.3	  531.4	  284.0	.
830948	  966.3	  531.1	  284.0	.
830950	  966.3	  531.3	  284.0	.
830952	  966.2	  531.5	  284.0	.
830954	  966.2	  531.8	  283.0	.
830956	  966.4	  531.8	  283.0	.
830958	  966.6	  531.7	  282.0	.
830960	  966.9	  530.9	  283.0	.
830962	  966.4	  530.2	  283.0	.
830964	  966.0	  530.2	  282.0	.
830966	  965.0	  530.4	  282.0	.
830968	  964.9	  529.9	  282.0	.
830970	  965.2	  529.7	  282.0	.
830972	  965.4	  529.3	  283.0	.
830974	  965.6	  529.7	  283.0	.
830976	  965.7	  530.0	  283.0	.
830978	  965.7	  529.6	  283.0	.
830980	  965.7	  530.3	  283.0	.
830982	  965.6	  530.5	  283.0	.
830984	  965.2	  530.7	  282.0	.
830986	  964.8	  531.4	  282.0	.
830988	  964.5	  531.4	  283.0	.
830990	  964.2	  531.5	  283.0	.
830992	  964.1	  531.1	  283.0	.
830994	  964.3	  532.1	  282.0	.
830996	  963.6	  533.0	  281.0	.
830998	  962.8	  532.1	  280.0	.
831000	  963.0	  530.9	  280.0	.
831002	  962.8	  531.8	  279.0	.
831004	  963.3	  531.3	  279.0	.
831006	  962.3	  533.1	  279.0	.
831008	  962.3	  532.3	  279.0	.
831010	  962.3	  531.7	  279.0	.
831012	  961.8	  530.4	  281.0	.
831014	  961.4	  530.3	  281.0	.
831016	  961.1	  530.8	  280.0	.
831018	  961.5	  531.4	  279.0	.
831020	  961.3	  531.7	  279.0	.
831022	  961.7	  532.1	  281.0	.
831024	  962.0	  532.0	  281.0	.
831026	  961.9	  531.9	  281.0	.
831028	  961.8	  531.5	  281.0	.
831030	  962.3	  531.7	  281.0	.
831032	  962.0	  531.7	  281.0	.
831034	  962.6	  531.8	  281.0	.
831036	  962.7	  531.8	  281.0	.
831038	  962.5	  531.9	  280.0	.
831040	  962.4	  531.8	  280.0	.
831042	  962.2	  531.1	  280.0	.
831044	  962.1	  530.9	  280.0	.
831046	  961.1	  531.5	  278.0	.
831048	  960.1	  531.8	  277.0	.
831050	  960.8	  532.8	  277.0	.
831052	  960.5	  532.2	  277.0	.
831054	  960.7	  533.6	  277.0	.
831056	  960.1	  534.1	  277.0	.
831058	  959.5	  534.4	  276.0	.
831060	  959.3	  534.0	  276.0	.
831062	  959.4	  533.7	  277.0	.
831064	  959.2	  532.7	  277.0	.
831066	  959.1	  533.4	  277.0	.
831068	  958.6	  533.2	  277.0	.
831070	  958.5	  532.9	  277.0	.
831072	  958.6	  532.9	  277.0	.
831074	  958.6	  532.2	  277.0	.
831076	  959.0	  531.8	  276.0	.
831078	  959.3	  531.5	  276.0	.
831080	  959.3	  532.0	  276.0	.
831082	  959.4	  531.6	  276.0	.
831084	  959.6	  531.2	  276.0	.
831086	  959.6	  530.9	  276.0	.
831088	  959.5	  531.0	  275.0	.
831090	  959.4	  530.7	  275.0	.
831092	  959.5	  530.9	  275.0	.
831094	  959.3	  531.1	  275.0	.
831096	  959.2	  531.2	  275.0	.
831098	  959.2	  530.9	  275.0	.
831100	  959.4	  530.7	  276.0	.
831102	  958.4	  530.6	  277.0	.
831104	  958.3	  530.9	  277.0	.
831106	  958.0	  529.8	  276.0	.
831108	  957.8	  530.1	  275.0	.
831110	  957.8	  530.2	  275.0	.
831112	  958.0	  530.2	  275.0	.
831114	  958.1	  530.9	  275.0	.
831116	  958.4	  530.2	  275.0	.
831118	  958.5	  529.3	  276.0	.
831120	  958.8	  528.8	  276.0	.
831122	  959.4	  529.1	  277.0	.
831124	  959.7	  528.6	  277.0	.
831126	  959.5	  529.8	  277.0	.
831128	  960.2	  530.8	  275.0	.
831130	  959.8	  531.4	  275.0	.
831132	  959.5	  531.7	  274.0	.
831134	  959.1	  532.0	  274.0	.
831136	  958.7	  531.8	  275.0	.
831138	  958.8	  532.0	  275.0	.
831140	  958.5	  531.2	  275.0	.
831142	  958.2	  530.4	  275.0	.
831144	  958.3	  530.6	  276.0	.
831146	  958.4	  530.9	  276.0	.
831148	  957.5	  531.4	  276.0	.
831150	  957.3	  531.8	  276.0	.
831152	  957.5	  531.6	  274.0	.
831154	  957.0	  531.4	  274.0	.
831156	  956.5	  530.6	  273.0	.
831158	  956.3	  530.6	  273.0	.
831160	  956.2	  529.8	  274.0	.
831162	  956.4	  529.6	  274.0	.
831164	  956.5	  529.8	  274.0	.
831166	  956.6	  529.6	  274.0	.
831168	  956.7	  530.0	  274.0	.
831170	  956.8	  530.0	  274.0	.
831172	  956.9	  530.1	  274.0	.
831174	  956.9	  529.7	  275.0	.
831176	  957.1	  529.0	  275.0	.
831178	  957.2	  528.2	  276.0	.
831180	  957.3	  528.6	  276.0	.
831182	  957.4	  528.4	  275.0	.
831184	  957.5	  528.4	  275.0	.
831186	  957.5	  528.3	  275.0	.
831188	  957.5	  528.7	  274.0	.
831190	  957.5	  528.7	  273.0	.
831192	  957.5	  528.9	  273.0	.
831194	  957.8	  528.8	  273.0	.
831196	  957.8	  529.5	  273.0	.
831198	  958.7	  529.5	  273.0	.
831200	  958.7	  529.0	  274.0	.
831202	  958.4	  528.4	  274.0	.
831204	  958.0	  528.3	  275.0	.
831206	  958.2	  527.9	  275.0	.
831208	  957.9	  528.8	  275.0	.
831210	  957.7	  529.1	  275.0	.
831212	  957.6	  529.2	  275.0	.
831214	  957.6	  529.3	  274.0	.
831216	  957.6	  530.1	  274.0	.
831218	  958.2	  529.9	  274.0	.
831220	  958.6	  529.8	  275.0	.
831222	  958.8	  528.9	  276.0	.
831224	  958.5	  528.8	  276.0	.
831226	  959.4	  529.3	  276.0	.
831228	  958.9	  529.8	  275.0	.
831230	  959.2	  529.8	  275.0	.
831232	  958.2	  530.2	  275.0	.
831234	  958.1	  530.6	  275.0	.
831236	  958.0	  532.4	  275.0	.
831238	  958.1	  532.3	  276.0	.
831240	  959.4	  532.0	  276.0	.
831242	  960.9	  532.3	  276.0	.
831244	  960.8	  531.8	  275.0	.
831246	  961.0	  532.8	  275.0	.
831248	  960.8	  533.0	  274.0	.
831250	  960.8	  533.1	  274.0	.
831252	  961.1	  532.9	  274.0	.
831254	  961.7	  533.5	  275.0	.
831256	  961.2	  533.1	  275.0	.
831258	  961.0	  533.6	  275.0	.
831260	  960.3	  534.0	  275.0	.
831262	  959.7	  533.3	  275.0	.
831264	  959.9	  533.9	  274.0	.
831266	  960.3	  534.1	  274.0	.
831268	  960.4	  534.0	  274.0	.
831270	  960.6	  534.1	  273.0	.
831272	  959.8	  534.4	  273.0	.
831274	  960.0	  534.1	  273.0	.
831276	  959.9	  533.8	  273.0	.
831278	  959.9	  533.5	  274.0	.
831280	  961.6	  533.2	  274.0	.
831282	  961.5	  534.9	  275.0	.
831284	  961.2	  535.2	  275.0	.
831286	  961.1	  535.0	  275.0	.
831288	  960.9	  534.7	  275.0	.
831290	  961.3	  534.1	  274.0	.
831292	  961.2	  533.9	  274.0	.
831294	  961.1	  534.1	  274.0	.
831296	  960.8	  533.9	  274.0	.
831298	  961.4	  533.5	  274.0	.
831300	  960.8	  533.4	  274.0	.
831302	  961.9	  533.1	  273.0	.
831304	  962.8	  532.4	  273.0	.
831306	  962.8	  531.7	  273.0	.
831308	  962.6	  531.0	  274.0	.
831310	  961.9	  530.9	  273.0	.
831312	  962.2	  532.0	  273.0	.
831314	  962.2	  531.5	  272.0	.
831316	  962.1	  531.0	  272.0	.
831318	  962.2	  530.9	  273.0	.
831320	  962.1	  530.8	  274.0	.
831322	  962.3	  530.7	  274.0	.
831324	  962.1	  530.1	  274.0	.
831326	  962.2	  531.2	  274.0	.
831328	  962.8	  532.1	  274.0	.
831330	  962.7	  531.2	  274.0	.
831332	  962.5	  530.4	  274.0	.
831334	  962.8	  529.6	  274.0	.
831336	  962.5	  529.3	  274.0	.
831338	  962.4	  530.6	  274.0	.
831340	  962.1	  530.3	  275.0	.
831342	  962.3	  531.0	  274.0	.
831344	  962.1	  530.6	  274.0	.
831346	  962.1	  531.5	  274.0	.
831348	  961.7	  532.5	  274.0	.
831350	  961.7	  534.6	  274.0	.
831352	  961.4	  534.0	  273.0	.
831354	  961.0	  533.4	  272.0	.
831356	  960.6	  534.1	  272.0	.
831358	  959.7	  533.4	  272.0	.
831360	  959.2	  532.7	  273.0	.
831362	  958.8	  532.1	  273.0	.
831364	  958.6	  532.0	  273.0	.
831366	  960.6	  531.8	  273.0	.
831368	  962.4	  530.8	  273.0	.
831370	  963.3	  530.9	  273.0	.
831372	  964.0	  529.2	  273.0	.
831374	  964.3	  527.6	  273.0	.
831376	  963.6	  524.4	  271.0	.
831378	  963.2	  523.9	  270.0	.
831380	  963.1	  522.4	  270.0	.
831382	  962.8	  521.9	  270.0	.
831384	  962.5	  521.5	  270.0	.
831386	  961.7	  520.2	  269.0	.
831388	  958.7	  519.3	  269.0	.
831390	  957.8	  516.8	  269.0	.
831392	  958.1	  515.9	  270.0	.
831394	  958.0	  515.0	  270.0	.
831396	  957.7	  515.5	  270.0	.
831398	  957.5	  514.1	  269.0	.
831400	  957.4	  512.7	  269.0	.
831402	  957.4	  512.9	  269.0	.
831404	  957.8	  513.2	  269.0	.
831406	  958.4	  513.8	  270.0	.
831408	  958.3	  512.8	  269.0	.
831410	  958.5	  513.7	  270.0	.
831412	  958.3	  513.4	  269.0	.
831414	  958.2	  513.3	  268.0	.
831416	  959.0	  513.2	  269.0	.
831418	  959.1	  513.2	  269.0	.
831420	  959.1	  513.2	  269.0	.
831422	  959.6	  514.7	  270.0	.
831424	  959.0	  513.3	  270.0	.
831426	  959.0	  512.6	  270.0	.
831428	  958.8	  512.0	  270.0	.
831430	  959.4	  511.9	  270.0	.
831432	  959.0	  512.0	  270.0	.
831434	  959.8	  513.1	  271.0	.
831436	  960.3	  513.4	  272.0	.
831438	  959.4	  513.6	  272.0	.
831440	  958.8	  513.7	  272.0	.
831442	  958.6	  513.7	  271.0	.
831444	  958.1	  513.8	  271.0	.
831446	  958.5	  514.4	  271.0	.
831448	  958.6	  514.1	  271.0	.
831450	  958.9	  514.4	  270.0	.
831452	  958.8	  514.1	  270.0	.
831454	  958.8	  513.7	  269.0	.
831456	  958.6	  513.6	  269.0	.
831458	  959.4	  513.4	  269.0	.
831460	  958.0	  513.6	  268.0	.
831462	  957.6	  515.0	  269.0	.
831464	  957.3	  516.3	  269.0	.
831466	  957.2	  516.4	  269.0	.
831468	  957.1	  516.5	  270.0	.
831470	  957.2	  517.8	  270.0	.
831472	  957.3	  519.1	  271.0	.
831474	  957.7	  520.4	  270.0	.
831476	  957.8	  521.0	  271.0	.
831478	  957.5	  521.7	  271.0	.
831480	  957.6	  521.6	  271.0	.
831482	  957.8	  521.6	  271.0	.
831484	  958.5	  521.8	  271.0	.
831486	  958.2	  522.2	  270.0	.
831488	  957.8	  523.3	  269.0	.
831490	  958.2	  523.3	  269.0	.
831492	  957.6	  525.8	  270.0	.
831494	  957.9	  524.4	  270.0	.
831496	  956.8	  524.6	  271.0	.
831498	  956.4	  524.2	  271.0	.
831500	  956.4	  525.2	  271.0	.
831502	  956.4	  524.4	  271.0	.
831504	  956.8	  524.3	  271.0	.
831506	  957.4	  524.2	  271.0	.
831508	  958.1	  524.1	  273.0	.
831510	  959.1	  525.6	  273.0	.
831512	  959.8	  526.4	  273.0	.
831514	  959.6	  526.8	  273.0	.
831516	  959.7	  527.1	  273.0	.
831518	  960.0	  526.6	  273.0	.
831520	  960.2	  526.3	  273.0	.
831522	  960.0	  524.5	  273.0	.
831524	  959.7	  523.6	  273.0	.
831526	  960.1	  522.5	  275.0	.
831528	  960.4	  522.4	  275.0	.
831530	  960.6	  522.2	  275.0	.
831532	  960.7	  522.2	  275.0	.
831534	  961.5	  521.8	  275.0	.
831536	  961.1	  522.0	  275.0	.
831538	  960.9	  522.0	  274.0	.
831540	  960.2	  522.2	  274.0	.
831542	  959.6	  522.2	  273.0	.
831544	  958.9	  522.3	  273.0	.
831546	  959.0	  522.1	  273.0	.
831548	  958.5	  520.8	  274.0	.
831550	  958.2	  519.3	  274.0	.
831552	  958.8	  520.9	  273.0	.
831554	  958.3	  522.4	  273.0	.
831556	  958.4	  522.0	  274.0	.
831558	  958.5	  522.4	  274.0	.
831560	  958.5	  522.8	  273.0	.
831562	  958.6	  524.0	  273.0	.
831564	  958.6	  524.6	  274.0	.
831566	  958.6	  523.7	  274.0	.
831568	  958.6	  524.5	  274.0	.
831570	  958.4	  525.3	  274.0	.
831572	  958.1	  525.7	  275.0	.
831574	  957.7	  525.8	  275.0	.
831576	  958.3	  525.8	  276.0	.
831578	  958.6	  525.7	  276.0	.
831580	  958.7	  526.7	  275.0	.
831582	  958.7	  527.8	  275.0	.
831584	  958.9	  527.3	  276.0	.
831586	  959.4	  527.7	  276.0	.
831588	  959.6	  528.1	  276.0	.
831590	  959.8	  528.0	  276.0	.
831592	  960.0	  527.9	  276.0	.
831594	  959.6	  526.4	  276.0	.
831596	  959.5	  524.9	  276.0	.
831598	  959.2	  525.3	  275.0	.
831600	  958.9	  525.7	  275.0	.
831602	  958.8	  526.6	  275.0	.
831604	  958.8	  527.3	  275.0	.
831606	  958.9	  527.9	  275.0	.
831608	  959.0	  528.1	  276.0	.
831610	  959.0	  528.2	  276.0	.
831612	  959.0	  528.2	  276.0	.
831614	  959.1	  528.0	  276.0	.
831616	  958.1	  528.0	  276.0	.
831618	  957.7	  527.3	  276.0	.
831620	  957.2	  526.6	  277.0	.
831622	  957.9	  526.2	  278.0	.
831624	  957.7	  526.0	  278.0	.
831626	  958.3	  525.9	  279.0	.
831628	  958.0	  525.9	  279.0	.
831630	  958.1	  526.4	  279.0	.
831632	  957.8	  526.5	  279.0	.
831634	  957.5	  526.5	  279.0	.
831636	  957.5	  526.7	  279.0	.
831638	  957.5	  526.7	  279.0	.
831640	  957.4	  526.7	  279.0	.
831642	  957.4	  527.4	  278.0	.
831644	  957.1	  528.1	  278.0	.
831646	  956.6	  527.4	  277.0	.
831648	  956.2	  526.7	  277.0	.
831650	  955.8	  526.3	  277.0	.
831652	  955.6	  525.9	  277.0	.
831654	  955.4	  524.0	  277.0	.
831656	  955.7	  524.4	  276.0	.
831658	  955.9	  524.7	  276.0	.
831660	  956.2	  527.4	  276.0	.
831662	  955.9	  527.5	  277.0	.
831664	  956.3	  527.4	  278.0	.
831666	  955.8	  527.3	  278.0	.
831668	  955.3	  527.2	  278.0	.
831670	  955.0	  526.7	  278.0	.
831672	  954.8	  527.2	  278.0	.
831674	  955.2	  527.1	  279.0	.
831676	  954.9	  527.1	  278.0	.
831678	  956.3	  526.8	  278.0	.
831680	  956.2	  526.8	  279.0	.
831682	  956.3	  526.7	  280.0	.
831684	  957.3	  526.5	  280.0	.
831686	  957.4	  526.9	  280.0	.
831688	  957.2	  526.6	  280.0	.
831690	  957.5	  526.2	  280.0	.
831692	  957.7	  526.6	  280.0	.
831694	  957.4	  525.1	  280.0	.
831696	  957.1	  525.4	  280.0	.
831698	  957.0	  525.4	  280.0	.
831700	  956.8	  525.5	  280.0	.
831702	  956.9	  525.1	  281.0	.
831704	  956.9	  525.5	  281.0	.
831706	  957.2	  525.1	  281.0	.
831708	  957.5	  525.4	  280.0	.
831710	  958.1	  525.7	  280.0	.
831712	  965.0	  524.4	  281.0	.
831714	  968.5	  524.7	  282.0	.
831716	  969.8	  525.4	  282.0	.
831718	  971.3	  525.6	  283.0	.
831720	  970.6	  526.2	  282.0	.
831722	  970.0	  525.9	  284.0	.
831724	  969.2	  526.0	  286.0	.
831726	  969.4	  526.1	  286.0	.
831728	  969.3	  526.2	  286.0	.
831730	  969.4	  525.4	  286.0	.
831732	  969.6	  525.7	  286.0	.
831734	  970.0	  526.1	  286.0	.
831736	  968.9	  526.5	  286.0	.
831738	  968.1	  526.1	  285.0	.
831740	  967.9	  526.2	  285.0	.
831742	  968.0	  526.4	  285.0	.
831744	  968.1	  526.3	  285.0	.
831746	  968.6	  526.0	  285.0	.
831748	  968.7	  526.0	  285.0	.
831750	  969.2	  526.1	  284.0	.
831752	  970.5	  526.3	  284.0	.
831754	  972.6	  529.6	  285.0	.
831756	  972.2	  529.5	  285.0	.
831758	  972.4	  528.7	  285.0	.
831760	  971.6	  528.3	  284.0	.
831762	  972.4	  529.0	  284.0	.
831764	  973.0	  529.5	  284.0	.
831766	  973.3	  529.2	  285.0	.
831768	  973.6	  530.2	  286.0	.
831770	  973.5	  529.8	  286.0	.
831772	  973.3	  529.3	  286.0	.
831774	  973.5	  530.1	  285.0	.
831776	  973.4	  529.9	  285.0	.
831778	  977.3	  529.2	  283.0	.
831780	  977.0	  528.4	  283.0	.
831782	  973.8	  529.5	  283.0	.
831784	  974.1	  528.9	  284.0	.
831786	  974.6	  529.0	  285.0	.
831788	  973.0	  528.9	  286.0	.
831790	  972.3	  529.3	  286.0	.
831792	  971.8	  529.6	  286.0	.
831794	  971.8	  529.7	  286.0	.
831796	  971.7	  529.8	  286.0	.
831798	  971.4	  529.3	  287.0	.
831800	  971.2	  528.7	  287.0	.
831802	  971.2	  529.2	  287.0	.
831804	  971.1	  528.5	  287.0	.
831806	  970.0	  528.8	  286.0	.
831808	  970.1	  528.5	  286.0	.
831810	  969.3	  528.5	  286.0	.
831812	  968.4	  528.2	  286.0	.
831814	  968.3	  527.9	  286.0	.
831816	  968.3	  527.3	  286.0	.
831818	  968.3	  527.1	  288.0	.
831820	  968.3	  527.0	  288.0	.
831822	  968.8	  527.7	  290.0	.
831824	  968.4	  527.5	  290.0	.
831826	  968.3	  527.3	  289.0	.
831828	  968.1	  526.0	  288.0	.
831830	  968.0	  526.0	  288.0	.
831832	  967.8	  526.4	  289.0	.
831834	  968.2	  526.6	  289.0	.
831836	  968.3	  526.7	  289.0	.
831838	  968.2	  526.6	  289.0	.
831840	  968.2	  526.5	  288.0	.
831842	  967.5	  526.8	  287.0	.
831844	  967.4	  526.5	  287.0	.
831846	  967.6	  527.2	  287.0	.
831848	  967.6	  526.9	  287.0	.
831850	  967.5	  526.6	  288.0	.
831852	  967.4	  527.1	  288.0	.
831854	  967.2	  527.4	  288.0	.
831856	  967.2	  528.8	  287.0	.
831858	  966.9	  528.5	  287.0	.
831860	  966.8	  528.2	  287.0	.
831862	  966.1	  527.6	  287.0	.
831864	  966.2	  527.4	  287.0	.
831866	  966.1	  527.2	  287.0	.
831868	  964.8	  527.3	  286.0	.
831870	  963.7	  527.3	  286.0	.
831872	  964.0	  527.7	  286.0	.
831874	  964.0	  527.5	  286.0	.
831876	  964.1	  527.9	  286.0	.
831878	  964.6	  527.4	  286.0	.
831880	  964.2	  528.9	  285.0	.
831882	  963.5	  529.5	  285.0	.
831884	  964.5	  529.5	  285.0	.
831886	  963.7	  529.4	  284.0	.
831888	  963.8	  529.3	  284.0	.
831890	  963.6	  528.9	  284.0	.
831892	  963.8	  528.6	  285.0	.
831894	  963.2	  528.6	  285.0	.
831896	  963.9	  528.8	  285.0	.
831898	  963.8	  529.1	  285.0	.
831900	  964.1	  529.0	  285.0	.
831902	  964.1	  528.9	  284.0	.
831904	  964.3	  528.1	  284.0	.
831906	  964.1	  527.4	  284.0	.
831908	  964.0	  527.5	  284.0	.
831910	  963.6	  527.5	  284.0	.
831912	  963.4	  528.5	  285.0	.
831914	  963.4	  528.0	  285.0	.
831916	  963.6	  528.4	  284.0	.
831918	  963.6	  528.8	  284.0	.
831920	  963.6	  528.3	  284.0	.
831922	  963.2	  527.7	  284.0	.
831924	  963.0	  528.0	  285.0	.
831926	  962.9	  527.5	  285.0	.
831928	  963.0	  527.1	  285.0	.
831930	  963.0	  527.6	  285.0	.
831932	  964.0	  527.4	  285.0	.
831934	  963.6	  527.4	  284.0	.
831936	  963.6	  527.3	  284.0	.
831938	  963.6	  527.1	  284.0	.
831940	  963.7	  527.0	  284.0	.
831942	  963.7	  527.4	  284.0	.
831944	  964.1	  527.7	  282.0	.
831946	  963.9	  528.1	  280.0	.
831948	  964.4	  528.4	  280.0	.
831950	  963.9	  528.2	  280.0	.
831952	  963.6	  528.1	  280.0	.
831954	  963.8	  528.7	  280.0	.
831956	  964.0	  528.4	  281.0	.
831958	  963.5	  528.9	  283.0	.
831960	  963.3	  528.5	  283.0	.
831962	  963.1	  528.3	  283.0	.
831964	  963.4	  528.1	  282.0	.
831966	  963.7	  528.6	  281.0	.
831968	  963.9	  528.7	  281.0	.
831970	  963.9	  528.6	  281.0	.
831972	  964.1	  529.7	  281.0	.
831974	  965.6	  529.3	  281.0	.
831976	  965.6	  529.0	  281.0	.
831978	  965.5	  528.8	  280.0	.
831980	  964.7	  528.7	  279.0	.
831982	  964.7	  529.5	  279.0	.
831984	  964.6	  529.4	  279.0	.
831986	  965.3	  529.1	  279.0	.
831988	  964.9	  529.0	  279.0	.
831990	  964.9	  529.0	  280.0	.
831992	  964.9	  528.9	  280.0	.
831994	  964.2	  528.3	  280.0	.
831996	  963.9	  527.7	  280.0	.
831998	  964.0	  528.5	  280.0	.
832000	  963.8	  528.2	  280.0	.
832002	  964.1	  529.1	  280.0	.
832004	  964.4	  528.8	  280.0	.
832006	  964.0	  529.1	  280.0	.
832008	  963.9	  529.5	  280.0	.
832010	  964.0	  530.3	  279.0	.
832012	  964.0	  531.0	  279.0	.
832014	  964.1	  531.0	  279.0	.
832016	  964.2	  531.0	  279.0	.
832018	  966.1	  530.5	  279.0	.
832020	  966.4	  530.2	  279.0	.
832022	  966.8	  529.0	  279.0	.
832024	  967.0	  529.1	  280.0	.
832026	  967.3	  527.9	  280.0	.
832028	  967.2	  527.8	  280.0	.
832030	  967.2	  527.8	  280.0	.
832032	  967.6	  528.9	  280.0	.
832034	  967.6	  529.0	  280.0	.
832036	  967.6	  529.1	  280.0	.
832038	  968.7	  528.0	  280.0	.
832040	  969.1	  528.6	  280.0	.
832042	  969.5	  529.3	  279.0	.
832044	  969.6	  530.0	  279.0	.
832046	  969.3	  530.3	  279.0	.
832048	  968.8	  529.9	  279.0	.
832050	  968.9	  529.4	  279.0	.
832052	  969.0	  529.5	  278.0	.
832054	  968.7	  529.4	  277.0	.
832056	  968.8	  529.2	  276.0	.
832058	  969.0	  529.6	  276.0	.
832060	  968.9	  530.1	  276.0	.
832062	  969.5	  529.3	  276.0	.
832064	  970.1	  528.9	  277.0	.
832066	  969.8	  529.0	  278.0	.
832068	  969.6	  529.1	  277.0	.
832070	  969.6	  528.9	  277.0	.
832072	  969.6	  528.8	  277.0	.
832074	  969.2	  528.5	  278.0	.
832076	  968.7	  528.5	  278.0	.
832078	  968.6	  528.5	  278.0	.
832080	  968.6	  529.4	  277.0	.
832082	  968.7	  530.3	  277.0	.
832084	  968.7	  529.6	  277.0	.
832086	  969.0	  528.9	  277.0	.
832088	  968.6	  528.6	  277.0	.
832090	  968.2	  528.6	  277.0	.
832092	  967.1	  528.8	  277.0	.
832094	  966.2	  528.8	  277.0	.
832096	  965.4	  529.8	  277.0	.
832098	  965.3	  529.6	  276.0	.
832100	  965.7	  530.0	  276.0	.
832102	  965.6	  530.3	  276.0	.
832104	  965.8	  530.3	  277.0	.
832106	  966.0	  530.4	  277.0	.
832108	  965.8	  531.2	  277.0	.
832110	  965.4	  531.5	  277.0	.
832112	  965.0	  531.7	  276.0	.
832114	  964.5	  531.7	  276.0	.
832116	  965.7	  531.4	  276.0	.
832118	  965.9	  531.4	  276.0	.
832120	  965.8	  531.4	  277.0	.
832122	  965.5	  529.7	  278.0	.
832124	  965.3	  529.2	  280.0	.
832126	  965.0	  528.8	  280.0	.
832128	  965.0	  529.0	  282.0	.
832130	  965.4	  528.3	  282.0	.
832132	  965.9	  527.7	  281.0	.
832134	  966.3	  527.9	  280.0	.
832136	  965.9	  527.5	  280.0	.
832138	  965.8	  527.0	  279.0	.
832140	  965.8	  526.9	  279.0	.
832142	  965.7	  526.9	  279.0	.
832144	  965.8	  527.0	  279.0	.
832146	  964.4	  527.3	  279.0	.
832148	  964.7	  528.1	  278.0	.
832150	  964.5	  528.4	  278.0	.
832152	  964.4	  528.8	  278.0	.
832154	  965.1	  528.8	  278.0	.
832156	  964.4	  529.2	  278.0	.
832158	  963.6	  528.9	  278.0	.
832160	  964.7	  529.7	  278.0	.
832162	  964.3	  528.9	  278.0	.
832164	  964.6	  528.0	  278.0	.
832166	  964.8	  528.3	  278.0	.
832168	  965.0	  527.8	  278.0	.
832170	  965.1	  528.9	  278.0	.
832172	  965.2	  528.8	  279.0	.
832174	  965.3	  528.9	  279.0	.
832176	  965.0	  528.3	  278.0	.
832178	  964.8	  529.3	  278.0	.
832180	  964.1	  530.4	  278.0	.
832182	  963.3	  530.4	  278.0	.
832184	  963.7	  531.2	  278.0	.
832186	  963.6	  531.0	  279.0	.
832188	  963.8	  531.2	  279.0	.
832190	  964.1	  531.3	  279.0	.
832192	  963.2	  531.6	  279.0	.
832194	  963.6	  531.2	  278.0	.
832196	  964.1	  531.2	  278.0	.
832198	  964.2	  531.3	  278.0	.
832200	  964.3	  531.9	  277.0	.
832202	  966.6	  532.1	  277.0	.
832204	  966.7	  532.4	  277.0	.
832206	  966.5	  532.5	  277.0	.
832208	  966.7	  531.8	  277.0	.
832210	  966.2	  532.3	  278.0	.
832212	  966.2	  531.5	  279.0	.
832214	  965.6	  530.8	  279.0	.
832216	  964.8	  528.9	  279.0	.
832218	  963.5	  529.3	  279.0	.
832220	  963.9	  529.3	  279.0	.
832222	  964.3	  529.3	  279.0	.
832224	  965.5	  529.3	  279.0	.
832226	  965.5	  529.0	  280.0	.
832228	  965.4	  528.9	  281.0	.
832230	  965.5	  528.9	  281.0	.
832232	  965.6	  529.1	  281.0	.
832234	  965.5	  528.4	  281.0	.
832236	  965.9	  528.8	  280.0	.
832238	  965.7	  528.1	  280.0	.
832240	  965.8	  527.5	  279.0	.
832242	  966.0	  527.1	  279.0	.
832244	  966.4	  526.8	  279.0	.
832246	  966.2	  526.4	  279.0	.
832248	  966.2	  526.1	  278.0	.
832250	  966.3	  524.5	  278.0	.
832252	  966.8	  523.4	  279.0	.
832254	  967.4	  524.1	  279.0	.
832256	  967.7	  522.2	  279.0	.
832258	  968.9	  520.0	  278.0	.
832260	  969.1	  520.8	  277.0	.
832262	  969.3	  520.6	  273.0	.
832264	  968.7	  520.7	  273.0	.
832266	  968.2	  519.9	  277.0	.
832268	  969.7	  521.0	  277.0	.
832270	  969.0	  520.7	  277.0	.
832272	  968.2	  520.8	  276.0	.
832274	  968.9	  520.8	  276.0	.
832276	  968.9	  520.5	  276.0	.
832278	  968.9	  520.3	  277.0	.
832280	  968.7	  520.4	  277.0	.
832282	  968.5	  519.5	  277.0	.
832284	  968.2	  520.0	  277.0	.
832286	  968.4	  519.6	  277.0	.
832288	  966.8	  520.2	  278.0	.
832290	  966.1	  520.5	  279.0	.
832292	  966.0	  521.5	  279.0	.
832294	  966.3	  524.0	  278.0	.
832296	  966.2	  524.8	  278.0	.
832298	  967.5	  525.3	  277.0	.
832300	  967.0	  527.9	  277.0	.
832302	  966.4	  529.0	  278.0	.
832304	  965.7	  530.3	  278.0	.
832306	  965.8	  530.6	  278.0	.
832308	  965.1	  530.7	  278.0	.
832310	  965.4	  532.0	  278.0	.
832312	  964.9	  533.4	  279.0	.
832314	  965.1	  536.0	  279.0	.
832316	  965.2	  536.3	  279.0	.
832318	  965.1	  535.9	  279.0	.
832320	  965.1	  535.5	  279.0	.
832322	  965.4	  535.1	  279.0	.
832324	  965.8	  535.1	  279.0	.
832326	  965.3	  534.6	  279.0	.
832328	  965.3	  534.8	  279.0	.
832330	  965.4	  534.7	  279.0	.
832332	  965.5	  536.0	  279.0	.
832334	  965.6	  536.1	  278.0	.
MSG	832336 DSP: STIM
832336	  965.8	  536.2	  278.0	.
832338	  966.0	  535.6	  278.0	.
832340	  966.4	  535.6	  278.0	.
832342	  966.8	  535.6	  279.0	.
832344	  967.7	  535.6	  278.0	.
832346	  968.5	  535.6	  278.0	.
832348	  968.7	  535.6	  278.0	.
832350	  968.3	  536.0	  279.0	.
832352	  968.4	  536.2	  279.0	.
832354	  967.8	  536.2	  279.0	.
832356	  968.5	  536.8	  279.0	.
832358	  968.5	  537.0	  278.0	.
832360	  968.9	  537.1	  278.0	.
832362	  969.3	  536.5	  278.0	.
832364	  970.1	  535.9	  278.0	.
832366	  969.4	  534.8	  278.0	.
832368	  969.6	  533.0	  277.0	.
832370	  969.2	  532.6	  277.0	.
832372	  968.8	  532.8	  278.0	.
832374	  968.8	  532.6	  278.0	.
832376	  969.0	  532.6	  278.0	.
832378	  969.2	  532.4	  278.0	.
832380	  968.9	  533.3	  277.0	.
832382	  969.4	  533.8	  277.0	.
832384	  969.2	  534.4	  277.0	.
832386	  969.3	  534.2	  277.0	.
832388	  969.5	  534.2	  277.0	.
832390	  970.0	  533.4	  277.0	.
832392	  969.6	  533.0	  277.0	.
832394	  969.4	  532.9	  278.0	.
832396	  969.4	  533.5	  277.0	.
832398	  969.0	  534.0	  277.0	.
832400	  969.0	  533.8	  277.0	.
832402	  969.0	  534.4	  278.0	.
832404	  968.9	  535.0	  278.0	.
832406	  969.0	  535.2	  278.0	.
832408	  968.7	  535.2	  278.0	.
832410	  968.5	  535.1	  278.0	.
832412	  968.4	  533.7	  278.0	.
832414	  968.1	  533.4	  278.0	.
832416	  968.2	  533.4	  278.0	.
832418	  967.9	  533.6	  277.0	.
832420	  967.7	  533.7	  277.0	.
832422	  967.6	  533.6	  277.0	.
832424	  967.8	  534.4	  278.0	.
832426	  967.1	  535.4	  279.0	.
832428	  967.3	  536.1	  280.0	.
832430	  966.9	  537.0	  280.0	.
832432	  966.4	  536.1	  280.0	.
832434	  965.4	  536.4	  280.0	.
832436	  964.7	  536.6	  280.0	.
832438	  964.1	  538.0	  280.0	.
832440	  964.1	  536.9	  280.0	.
832442	  964.1	  535.9	  278.0	.
832444	  964.3	  536.8	  278.0	.
832446	  964.6	  537.8	  278.0	.
832448	  964.9	  537.3	  279.0	.
832450	  964.8	  537.1	  281.0	.
832452	  964.8	  536.9	  281.0	.
832454	  964.9	  536.8	  281.0	.
832456	  964.2	  536.8	  280.0	.
832458	  963.4	  537.0	  280.0	.
832460	  963.3	  537.0	  279.0	.
832462	  963.1	  537.0	  279.0	.
832464	  963.4	  538.1	  280.0	.
832466	  963.3	  537.3	  280.0	.
832468	  963.3	  537.2	  280.0	.
832470	  963.1	  537.2	  280.0	.
832472	  963.1	  537.2	  280.0	.
832474	  962.9	  536.8	  278.0	.
832476	  962.2	  537.0	  278.0	.
832478	  961.9	  537.2	  279.0	.
832480	  963.3	  537.0	  280.0	.
832482	  963.7	  536.9	  280.0	.
832484	  964.3	  537.1	  281.0	.
832486	  964.2	  536.6	  281.0	.
832488	  964.2	  536.0	  281.0	.
832490	  963.0	  534.7	  281.0	.
832492	  962.7	  534.4	  282.0	.
832494	  963.3	  534.2	  284.0	.
832496	  962.8	  534.3	  284.0	.
832498	  962.3	  534.4	  283.0	.
832500	  962.6	  534.3	  283.0	.
832502	  962.9	  534.5	  282.0	.
832504	  962.4	  534.1	  282.0	.
832506	  962.5	  534.3	  282.0	.
832508	  962.5	  534.4	  283.0	.
832510	  962.7	  534.3	  283.0	.
832512	  962.8	  534.1	  283.0	.
832514	  963.4	  533.9	  283.0	.
832516	  963.8	  533.7	  284.0	.
832518	  963.8	  534.0	  284.0	.
832520	  963.8	  534.3	  285.0	.
832522	  964.1	  534.4	  285.0	.
832524	  964.3	  534.3	  285.0	.
832526	  964.1	  534.3	  285.0	.
832528	  964.0	  534.8	  285.0	.
832530	  964.4	  535.3	  285.0	.
832532	  964.4	  535.1	  286.0	.
832534	  965.0	  535.2	  286.0	.
832536	  965.0	  535.1	  286.0	.
832538	  964.8	  535.5	  286.0	.
832540	  964.6	  535.6	  287.0	.
EFIX L   830750	832540	1792	  963.4	  529.2	    278
SSACC L  832542
832542	  962.2	  536.3	  287.0	.
832544	  956.6	  537.1	  287.0	.
832546	  951.0	  537.2	  286.0	.
832548	  935.1	  538.9	  285.0	.
832550	  922.1	  538.9	  285.0	.
832552	  893.2	  542.3	  285.0	.
832554	  865.8	  545.5	  285.0	.
832556	  833.0	  545.8	  286.0	.
832558	  797.0	  548.2	  287.0	.
832560	  766.1	  548.1	  287.0	.
832562	  729.5	  548.4	  287.0	.
832564	  698.4	  550.9	  286.0	.
832566	  661.3	  553.5	  286.0	.
832568	  629.9	  555.1	  287.0	.
832570	  595.7	  556.4	  287.0	.
832572	  560.8	  557.9	  287.0	.
832574	  532.8	  560.2	  286.0	.
832576	  502.9	  562.0	  286.0	.
832578	  478.3	  564.2	  286.0	.
832580	  464.3	  563.8	  286.0	.
832582	  458.3	  564.3	  287.0	.
832584	  452.2	  564.7	  287.0	.
832586	  451.6	  566.0	  288.0	.
832588	  450.8	  567.0	  288.0	.
ESACC L  832542	832588	48	  962.2	  536.3	  451.6	  566.0	  12.59	    422
SFIX L   832590
832590	  449.1	  566.6	  288.0	.
832592	  449.0	  566.5	  289.0	.
832594	  448.9	  566.6	  290.0	.
832596	  448.8	  567.0	  292.0	.
832598	  447.4	  568.5	  292.0	.
832600	  446.9	  567.8	  292.0	.
832602	  447.1	  567.2	  292.0	.
832604	  447.2	  567.2	  291.0	.
832606	  448.6	  567.4	  291.0	.
832608	  449.4	  567.2	  291.0	.
832610	  450.3	  567.1	  291.0	.
832612	  450.7	  568.0	  292.0	.
832614	  451.0	  566.6	  292.0	.
832616	  451.1	  566.2	  292.0	.
832618	  451.0	  565.8	  292.0	.
832620	  450.8	  565.4	  292.0	.
832622	  450.8	  566.0	  292.0	.
832624	  449.4	  565.7	  292.0	.
832626	  449.1	  565.4	  293.0	.
832628	  448.8	  565.7	  293.0	.
832630	  449.6	  565.9	  293.0	.
832632	  450.2	  564.8	  294.0	.
832634	  450.2	  564.7	  294.0	.
832636	  450.1	  564.5	  294.0	.
832638	  449.8	  564.4	  294.0	.
832640	  447.7	  566.1	  294.0	.
832642	  448.9	  566.3	  294.0	.
832644	  449.2	  565.8	  295.0	.
832646	  449.0	  565.4	  295.0	.
832648	  449.1	  565.6	  294.0	.
832650	  449.2	  563.8	  294.0	.
832652	  448.7	  561.9	  294.0	.
832654	  448.8	  560.6	  294.0	.
832656	  448.5	  562.5	  295.0	.
832658	  448.5	  564.3	  295.0	.
832660	  448.7	  564.3	  295.0	.
832662	  448.8	  564.2	  296.0	.
832664	  448.3	  563.1	  296.0	.
832666	  448.3	  562.6	  296.0	.
832668	  448.3	  562.1	  295.0	.
832670	  448.8	  563.0	  295.0	.
832672	  448.8	  563.9	  295.0	.
832674	  448.8	  563.1	  295.0	.
832676	  448.8	  563.8	  295.0	.
832678	  449.0	  563.7	  294.0	.
832680	  449.3	  563.7	  294.0	.
832682	  449.6	  562.9	  295.0	.
832684	  449.8	  561.7	  299.0	.
832686	  449.8	  561.7	  299.0	.
832688	  449.9	  561.7	  299.0	.
832690	  450.2	  562.1	  298.0	.
832692	  449.5	  562.2	  298.0	.
832694	  449.6	  562.1	  298.0	.
832696	  449.5	  562.9	  297.0	.
832698	  449.9	  561.9	  297.0	.
832700	  449.7	  563.2	  297.0	.
832702	  449.3	  561.2	  298.0	.
832704	  448.4	  562.5	  297.0	.
832706	  448.4	  563.6	  297.0	.
832708	  448.4	  563.1	  297.0	.
832710	  448.8	  562.5	  297.0	.
832712	  448.7	  559.7	  297.0	.
832714	  449.0	  559.9	  299.0	.
832716	  449.3	  558.2	  299.0	.
832718	  449.4	  558.1	  299.0	.
832720	  449.2	  558.0	  300.0	.
832722	  448.8	  555.8	  302.0	.
832724	  448.6	  555.0	  302.0	.
832726	  449.3	  554.6	  302.0	.
832728	  449.3	  554.7	  302.0	.
832730	  449.3	  554.7	  302.0	.
832732	  449.5	  557.4	  300.0	.
832734	  449.7	  558.5	  300.0	.
832736	  449.6	  558.8	  300.0	.
832738	  449.5	  558.6	  300.0	.
832740	  449.5	  560.5	  298.0	.
832742	  449.5	  562.2	  298.0	.
832744	  448.9	  563.4	  298.0	.
832746	  449.3	  563.1	  298.0	.
832748	  449.3	  562.8	  299.0	.
832750	  449.5	  562.8	  299.0	.
832752	  449.8	  562.9	  299.0	.
832754	  449.6	  561.2	  299.0	.
832756	  449.7	  563.1	  300.0	.
832758	  449.0	  562.3	  300.0	.
832760	  449.8	  562.0	  299.0	.
832762	  450.1	  561.9	  299.0	.
832764	  450.3	  561.9	  299.0	.
832766	  450.0	  562.7	  298.0	.
832768	  450.1	  563.6	  298.0	.
832770	  450.1	  562.8	  298.0	.
832772	  450.0	  562.1	  299.0	.
832774	  450.2	  561.6	  299.0	.
832776	  450.1	  562.6	  299.0	.
832778	  450.3	  562.4	  299.0	.
832780	  450.5	  562.3	  299.0	.
832782	  451.0	  562.1	  299.0	.
832784	  450.7	  562.5	  299.0	.
832786	  450.5	  561.5	  299.0	.
832788	  450.4	  560.5	  299.0	.
832790	  451.2	  558.1	  300.0	.
832792	  451.9	  556.0	  300.0	.
832794	  451.8	  556.8	  300.0	.
832796	  451.7	  556.2	  300.0	.
832798	  451.7	  555.5	  300.0	.
832800	  451.7	  557.0	  299.0	.
832802	  451.1	  558.5	  299.0	.
832804	  451.2	  558.8	  299.0	.
832806	  450.7	  559.0	  300.0	.
832808	  451.0	  563.7	  300.0	.
832810	  451.1	  563.4	  300.0	.
832812	  451.2	  564.2	  299.0	.
832814	  451.2	  563.6	  298.0	.
832816	  451.4	  563.2	  298.0	.
832818	  451.7	  561.4	  299.0	.
832820	  451.9	  561.4	  300.0	.
832822	  452.0	  561.3	  300.0	.
832824	  451.5	  559.3	  301.0	.
832826	  451.1	  558.6	  301.0	.
832828	  451.6	  558.0	  301.0	.
832830	  452.2	  557.9	  301.0	.
832832	  451.6	  558.4	  301.0	.
832834	  451.6	  558.8	  303.0	.
832836	  451.5	  559.4	  303.0	.
832838	  451.4	  559.7	  303.0	.
832840	  451.4	  559.9	  302.0	.
832842	  451.5	  559.9	  302.0	.
832844	  451.5	  559.9	  302.0	.
832846	  451.4	  559.9	  302.0	.
832848	  451.3	  559.8	  302.0	.
832850	  451.4	  559.3	  301.0	.
832852	  451.5	  559.3	  301.0	.
832854	  451.2	  559.9	  300.0	.
832856	  452.0	  560.4	  300.0	.
EFIX L   832590	832856	268	  449.9	  562.0	    297
SSACC L  832858
832858	  453.0	  565.9	  300.0	.
832860	  454.9	  567.0	  300.0	.
832862	  456.8	  566.9	  300.0	.
832864	  471.9	  569.3	  300.0	.
832866	  483.1	  569.4	  301.0	.
832868	  514.0	  568.0	  302.0	.
832870	  542.6	  570.7	  302.0	.
832872	  581.0	  572.4	  303.0	.
832874	  623.6	  579.5	  304.0	.
832876	  664.3	  579.4	  306.0	.
832878	  714.6	  583.5	  307.0	.
832880	  763.9	  585.2	  308.0	.
832882	  807.0	  587.6	  308.0	.
832884	  860.6	  590.3	  308.0	.
832886	  914.5	  594.3	  307.0	.
832888	  970.0	  602.5	  307.0	.
832890	 1024.7	  609.4	  307.0	.
832892	 1071.1	  609.7	  307.0	.
832894	 1120.6	  607.2	  306.0	.
832896	 1175.3	  605.5	  306.0	.
832898	 1224.7	  608.0	  305.0	.
832900	 1271.0	  612.0	  305.0	.
832902	 1321.4	  619.4	  306.0	.
832904	 1359.7	  614.1	  306.0	.
832906	 1397.4	  615.5	  301.0	.
832908	 1440.3	  625.6	  301.0	.
832910	 1469.4	  623.6	  294.0	.
832912	 1505.6	  622.1	  294.0	.
832914	 1534.1	  629.5	  295.0	.
832916	 1562.4	  629.9	  296.0	.
832918	 1586.7	  624.5	  296.0	.
832920	 1601.1	  620.3	  296.0	.
832922	 1600.8	  621.0	  301.0	.
832924	 1600.2	  619.7	  303.0	.
ESACC L  832858	832924	68	  453.0	  565.9	 1600.8	  621.0	  27.47	    694
SFIX L   832926
832926	 1598.9	  618.7	  304.0	.
832928	 1592.5	  617.6	  305.0	.
832930	 1587.5	  618.5	  306.0	.
832932	 1586.5	  617.8	  306.0	.
832934	 1587.0	  618.2	  306.0	.
832936	 1587.6	  618.5	  307.0	.
832938	 1588.3	  620.7	  307.0	.
832940	 1588.2	  621.8	  307.0	.
832942	 1588.4	  622.8	  307.0	.
832944	 1588.5	  622.3	  306.0	.
832946	 1589.0	  623.3	  306.0	.
832948	 1589.0	  623.0	  304.0	.
832950	 1590.9	  622.1	  303.0	.
832952	 1591.7	  623.2	  303.0	.
832954	 1591.8	  624.5	  303.0	.
832956	 1591.4	  623.1	  303.0	.
832958	 1590.8	  621.7	  303.0	.
832960	 1591.3	  621.3	  304.0	.
832962	 1590.9	  621.1	  304.0	.
832964	 1590.6	  622.2	  304.0	.
832966	 1590.4	  623.3	  304.0	.
832968	 1590.0	  622.9	  304.0	.
832970	 1589.2	  623.5	  304.0	.
832972	 1589.2	  623.9	  304.0	.
832974	 1589.1	  623.3	  305.0	.
832976	 1589.1	  623.1	  307.0	.
832978	 1589.1	  623.1	  307.0	.
832980	 1588.3	  623.3	  305.0	.
832982	 1587.4	  623.4	  306.0	.
832984	 1587.2	  623.7	  307.0	.
832986	 1587.0	  622.4	  308.0	.
832988	 1586.1	  623.5	  309.0	.
832990	 1585.0	  624.0	  311.0	.
832992	 1584.6	  623.9	  310.0	.
832994	 1584.3	  625.5	  310.0	.
832996	 1584.8	  625.7	  310.0	.
832998	 1584.2	  625.6	  310.0	.
833000	 1584.7	  625.1	  310.0	.
833002	 1584.6	  624.8	  310.0	.
833004	 1584.5	  624.5	  311.0	.
833006	 1583.7	  624.1	  311.0	.
833008	 1584.1	  623.8	  311.0	.
833010	 1583.7	  623.7	  311.0	.
833012	 1582.9	  620.2	  312.0	.
833014	 1582.4	  620.3	  312.0	.
833016	 1581.8	  620.7	  313.0	.
833018	 1581.7	  621.0	  314.0	.
833020	 1581.9	  620.0	  315.0	.
833022	 1581.3	  619.1	  317.0	.
833024	 1581.7	  618.9	  317.0	.
833026	 1582.0	  618.6	  316.0	.
833028	 1581.2	  618.1	  316.0	.
833030	 1581.8	  617.8	  316.0	.
833032	 1581.9	  618.2	  317.0	.
833034	 1581.7	  618.2	  317.0	.
833036	 1582.1	  618.1	  317.0	.
833038	 1581.8	  617.9	  316.0	.
833040	 1581.5	  617.4	  315.0	.
833042	 1580.5	  617.0	  315.0	.
833044	 1579.9	  616.6	  315.0	.
833046	 1579.2	  616.2	  315.0	.
833048	 1578.7	  617.1	  315.0	.
833050	 1579.2	  616.8	  316.0	.
833052	 1579.0	  617.0	  317.0	.
833054	 1578.9	  617.0	  319.0	.
833056	 1578.6	  615.5	  319.0	.
833058	 1577.4	  615.6	  319.0	.
833060	 1577.0	  615.3	  319.0	.
833062	 1577.1	  615.5	  319.0	.
833064	 1576.9	  614.9	  319.0	.
833066	 1577.1	  615.9	  319.0	.
833068	 1577.1	  616.2	  319.0	.
833070	 1577.2	  616.4	  319.0	.
833072	 1576.1	  616.9	  321.0	.
833074	 1576.7	  617.2	  321.0	.
833076	 1576.4	  616.8	  321.0	.
833078	 1576.2	  616.8	  321.0	.
833080	 1576.7	  616.5	  321.0	.
833082	 1577.1	  614.9	  321.0	.
833084	 1577.2	  615.3	  321.0	.
833086	 1577.1	  615.9	  321.0	.
833088	 1576.6	  614.0	  321.0	.
833090	 1576.6	  614.6	  323.0	.
833092	 1576.6	  615.1	  323.0	.
833094	 1576.1	  614.5	  322.0	.
833096	 1576.0	  616.1	  322.0	.
833098	 1576.0	  616.7	  322.0	.
833100	 1575.7	  616.8	  322.0	.
833102	 1575.8	  616.6	  323.0	.
833104	 1575.6	  616.7	  323.0	.
833106	 1575.2	  614.1	  323.0	.
833108	 1574.8	  614.4	  322.0	.
833110	 1574.8	  612.9	  323.0	.
833112	 1574.4	  611.4	  323.0	.
833114	 1574.5	  609.8	  324.0	.
833116	 1574.6	  609.6	  325.0	.
833118	 1574.7	  605.4	  325.0	.
833120	 1574.4	  601.2	  325.0	.
833122	 1574.6	  601.2	  326.0	.
833124	 1573.5	  600.4	  327.0	.
833126	 1574.0	  600.7	  327.0	.
833128	 1574.3	  601.0	  327.0	.
833130	 1573.5	  600.9	  327.0	.
833132	 1574.0	  600.7	  327.0	.
833134	 1574.2	  600.7	  327.0	.
833136	 1574.0	  600.4	  327.0	.
833138	 1574.7	  599.8	  327.0	.
833140	 1575.4	  601.8	  327.0	.
833142	 1574.6	  601.5	  326.0	.
833144	 1573.9	  603.7	  326.0	.
833146	 1574.0	  605.6	  324.0	.
833148	 1573.8	  605.6	  324.0	.
833150	 1573.5	  605.1	  324.0	.
833152	 1574.5	  605.2	  327.0	.
833154	 1574.0	  604.4	  327.0	.
833156	 1573.5	  603.7	  327.0	.
833158	 1573.8	  604.2	  328.0	.
833160	 1573.3	  605.2	  328.0	.
833162	 1572.7	  605.7	  326.0	.
833164	 1571.2	  606.6	  325.0	.
833166	 1571.1	  606.4	  324.0	.
833168	 1571.1	  607.2	  324.0	.
833170	 1571.5	  607.9	  323.0	.
833172	 1571.7	  608.5	  323.0	.
833174	 1571.8	  609.1	  323.0	.
833176	 1571.5	  611.0	  324.0	.
833178	 1571.4	  610.8	  324.0	.
833180	 1571.6	  611.5	  324.0	.
833182	 1571.1	  612.4	  324.0	.
833184	 1571.2	  612.0	  324.0	.
833186	 1571.5	  613.9	  323.0	.
833188	 1571.6	  615.8	  323.0	.
833190	 1571.8	  615.6	  323.0	.
833192	 1571.4	  615.8	  322.0	.
833194	 1572.2	  615.5	  323.0	.
833196	 1572.4	  614.9	  321.0	.
833198	 1572.3	  616.2	  320.0	.
833200	 1573.1	  616.6	  320.0	.
833202	 1572.9	  616.9	  320.0	.
833204	 1572.7	  616.4	  321.0	.
833206	 1573.0	  615.8	  321.0	.
833208	 1573.4	  614.4	  321.0	.
833210	 1574.0	  614.3	  321.0	.
833212	 1573.9	  614.4	  321.0	.
833214	 1573.5	  611.7	  321.0	.
833216	 1573.7	  612.2	  321.0	.
833218	 1573.1	  612.9	  322.0	.
833220	 1572.5	  612.5	  321.0	.
833222	 1572.5	  612.9	  322.0	.
833224	 1572.5	  613.3	  322.0	.
833226	 1571.8	  609.3	  323.0	.
833228	 1571.7	  608.0	  323.0	.
833230	 1571.7	  607.9	  323.0	.
833232	 1571.9	  607.9	  323.0	.
833234	 1571.4	  604.2	  323.0	.
833236	 1571.4	  603.6	  323.0	.
833238	 1571.3	  605.2	  322.0	.
833240	 1571.4	  606.9	  322.0	.
833242	 1571.6	  607.6	  323.0	.
833244	 1572.0	  608.5	  323.0	.
833246	 1572.6	  608.6	  321.0	.
833248	 1573.2	  608.8	  320.0	.
833250	 1573.2	  608.2	  320.0	.
833252	 1573.3	  607.7	  321.0	.
833254	 1573.4	  608.2	  320.0	.
833256	 1573.4	  607.2	  320.0	.
833258	 1573.7	  607.2	  319.0	.
833260	 1574.1	  607.3	  319.0	.
833262	 1573.2	  606.7	  319.0	.
833264	 1572.7	  607.9	  319.0	.
833266	 1573.4	  607.9	  319.0	.
833268	 1573.5	  607.9	  319.0	.
833270	 1573.4	  610.4	  319.0	.
833272	 1574.0	  610.0	  318.0	.
833274	 1574.2	  609.8	  318.0	.
833276	 1574.4	  610.6	  318.0	.
833278	 1573.5	  611.7	  317.0	.
833280	 1572.8	  607.8	  317.0	.
833282	 1572.6	  609.1	  317.0	.
833284	 1571.6	  610.6	  317.0	.
EFIX L   832926	833284	360	 1578.2	  614.2	    317
SSACC L  833286
833286	 1570.2	  609.6	  316.0	.
833288	 1567.5	  610.1	  316.0	.
833290	 1556.1	  613.4	  318.0	.
833292	 1535.9	  617.0	  317.0	.
833294	 1507.8	  623.0	  317.0	.
833296	 1470.1	  615.1	  317.0	.
833298	 1426.5	  611.5	  318.0	.
833300	 1379.4	  611.6	  320.0	.
833302	 1329.3	  619.8	  325.0	.
833304	 1281.4	  621.6	  326.0	.
833306	 1230.6	  624.5	  326.0	.
833308	 1180.6	  624.9	  326.0	.
833310	 1128.4	  625.4	  327.0	.
833312	 1075.5	  617.9	  326.0	.
833314	 1016.6	  622.5	  326.0	.
833316	  969.7	  624.2	  325.0	.
833318	  922.0	  623.5	  326.0	.
833320	  875.7	  623.7	  327.0	.
833322	  828.3	  622.7	  328.0	.
833324	  778.9	  623.7	  328.0	.
833326	  739.6	  624.5	  328.0	.
833328	  696.1	  621.3	  328.0	.
833330	  654.6	  620.5	  328.0	.
833332	  626.3	  617.9	  328.0	.
833334	  599.3	  618.4	  328.0	.
833336	  569.6	  620.2	  329.0	.
833338	  546.7	  621.1	  328.0	.
833340	  517.9	  622.8	  327.0	.
833342	  495.8	  623.8	  325.0	.
833344	  482.5	  624.7	  325.0	.
833346	  480.1	  623.1	  327.0	.
833348	  478.9	  621.4	  329.0	.
ESACC L  833286	833348	64	 1570.2	  609.6	  480.1	  623.1	  26.14	    675
SFIX L   833350
833350	  478.4	  622.2	  329.0	.
833352	  480.7	  622.0	  329.0	.
833354	  482.9	  621.9	  329.0	.
833356	  483.3	  622.4	  329.0	.
833358	  483.2	  623.0	  328.0	.
833360	  483.0	  623.8	  328.0	.
833362	  482.5	  624.2	  328.0	.
833364	  482.5	  625.8	  327.0	.
833366	  482.5	  626.2	  326.0	.
833368	  482.9	  625.6	  326.0	.
833370	  482.4	  625.1	  326.0	.
833372	  483.5	  625.0	  326.0	.
833374	  484.6	  624.6	  326.0	.
833376	  483.9	  623.2	  326.0	.
833378	  484.3	  623.7	  326.0	.
833380	  484.0	  623.8	  326.0	.
833382	  483.8	  623.7	  326.0	.
833384	  483.5	  623.5	  325.0	.
833386	  483.6	  623.9	  324.0	.
833388	  482.9	  623.0	  324.0	.
833390	  482.9	  622.5	  324.0	.
833392	  482.4	  622.4	  324.0	.
833394	  481.9	  622.2	  324.0	.
833396	  481.0	  621.9	  324.0	.
833398	  480.8	  621.6	  324.0	.
833400	  480.9	  622.3	  324.0	.
833402	  480.8	  620.7	  324.0	.
833404	  480.3	  620.6	  324.0	.
833406	  480.2	  620.8	  323.0	.
833408	  480.1	  619.6	  323.0	.
833410	  479.9	  618.4	  322.0	.
833412	  479.6	  617.3	  322.0	.
833414	  477.8	  618.1	  322.0	.
833416	  477.5	  616.9	  323.0	.
833418	  477.6	  615.6	  323.0	.
833420	  477.7	  615.5	  319.0	.
833422	  477.5	  615.8	  319.0	.
833424	  477.3	  616.0	  320.0	.
833426	  477.2	  616.6	  321.0	.
833428	  477.0	  616.0	  321.0	.
833430	  475.3	  616.7	  322.0	.
833432	  474.6	  617.0	  322.0	.
833434	  474.3	  617.1	  322.0	.
833436	  474.3	  616.3	  321.0	.
833438	  474.2	  615.5	  321.0	.
833440	  473.9	  614.8	  321.0	.
833442	  473.6	  614.1	  321.0	.
833444	  473.1	  612.8	  321.0	.
833446	  472.2	  611.6	  321.0	.
833448	  472.7	  611.3	  321.0	.
833450	  471.5	  611.6	  320.0	.
833452	  471.5	  611.8	  319.0	.
833454	  471.4	  612.1	  319.0	.
833456	  470.6	  612.2	  319.0	.
833458	  470.2	  612.4	  319.0	.
833460	  470.7	  611.8	  320.0	.
833462	  471.1	  611.4	  320.0	.
833464	  470.7	  611.8	  320.0	.
833466	  470.2	  612.4	  319.0	.
833468	  470.3	  612.3	  319.0	.
833470	  470.3	  612.4	  319.0	.
833472	  469.6	  613.1	  320.0	.
833474	  468.8	  613.1	  320.0	.
833476	  468.4	  611.0	  319.0	.
833478	  468.3	  610.1	  319.0	.
833480	  468.3	  610.0	  319.0	.
833482	  467.9	  609.9	  320.0	.
833484	  467.7	  609.6	  320.0	.
833486	  467.3	  609.8	  320.0	.
833488	  467.3	  609.0	  320.0	.
833490	  467.1	  608.8	  320.0	.
833492	  467.3	  608.7	  320.0	.
833494	  467.3	  608.7	  320.0	.
833496	  467.1	  608.1	  320.0	.
833498	  466.8	  608.1	  320.0	.
833500	  465.6	  608.1	  321.0	.
833502	  465.6	  608.1	  321.0	.
833504	  465.8	  608.1	  321.0	.
833506	  466.0	  608.6	  321.0	.
833508	  466.0	  610.3	  322.0	.
833510	  465.7	  610.3	  322.0	.
833512	  465.1	  609.5	  322.0	.
833514	  463.6	  608.7	  322.0	.
833516	  464.0	  608.5	  322.0	.
833518	  463.8	  608.3	  322.0	.
833520	  463.9	  608.3	  322.0	.
833522	  463.4	  608.3	  322.0	.
833524	  463.3	  606.8	  322.0	.
833526	  463.2	  607.0	  325.0	.
833528	  463.4	  607.2	  325.0	.
833530	  463.1	  606.4	  324.0	.
833532	  463.3	  607.2	  324.0	.
833534	  462.9	  607.3	  324.0	.
833536	  462.8	  607.1	  324.0	.
833538	  462.4	  607.1	  324.0	.
833540	  462.3	  607.2	  324.0	.
833542	  460.7	  605.0	  323.0	.
833544	  460.8	  604.8	  323.0	.
833546	  461.3	  605.1	  322.0	.
833548	  461.8	  604.6	  322.0	.
833550	  461.8	  604.1	  322.0	.
833552	  461.1	  603.4	  322.0	.
833554	  461.4	  603.1	  322.0	.
833556	  461.3	  603.0	  323.0	.
833558	  461.7	  604.0	  326.0	.
833560	  461.8	  603.9	  326.0	.
833562	  461.6	  604.3	  326.0	.
833564	  461.4	  604.8	  326.0	.
833566	  460.5	  603.4	  326.0	.
833568	  460.3	  603.4	  326.0	.
833570	  460.0	  603.5	  325.0	.
833572	  459.7	  603.4	  325.0	.
833574	  459.2	  603.2	  325.0	.
833576	  458.6	  602.9	  325.0	.
833578	  458.4	  602.3	  325.0	.
833580	  458.7	  602.0	  325.0	.
833582	  458.8	  602.4	  326.0	.
833584	  459.4	  602.4	  326.0	.
833586	  459.3	  602.6	  326.0	.
833588	  459.4	  602.2	  325.0	.
833590	  459.9	  602.0	  325.0	.
833592	  459.8	  602.0	  326.0	.
833594	  459.6	  602.1	  328.0	.
833596	  458.8	  602.3	  328.0	.
833598	  458.8	  602.4	  327.0	.
833600	  459.0	  602.7	  327.0	.
833602	  458.9	  602.9	  327.0	.
833604	  459.1	  603.2	  327.0	.
833606	  458.5	  602.9	  327.0	.
833608	  458.9	  602.5	  327.0	.
833610	  458.7	  602.5	  327.0	.
833612	  458.6	  602.8	  326.0	.
833614	  458.3	  603.0	  327.0	.
833616	  458.4	  603.7	  327.0	.
833618	  458.3	  604.1	  327.0	.
833620	  458.8	  603.6	  328.0	.
833622	  458.3	  603.1	  328.0	.
833624	  458.3	  603.2	  328.0	.
833626	  458.3	  603.1	  328.0	.
833628	  458.5	  601.1	  329.0	.
833630	  458.5	  601.1	  329.0	.
833632	  459.6	  601.1	  329.0	.
833634	  459.4	  601.1	  329.0	.
833636	  460.0	  599.8	  329.0	.
833638	  459.1	  598.3	  329.0	.
833640	  459.0	  598.1	  328.0	.
833642	  458.7	  598.2	  328.0	.
833644	  458.1	  596.6	  327.0	.
833646	  457.7	  594.9	  327.0	.
833648	  457.6	  595.4	  327.0	.
833650	  457.5	  595.6	  327.0	.
833652	  457.4	  594.1	  327.0	.
833654	  457.4	  594.8	  327.0	.
833656	  457.6	  594.7	  326.0	.
833658	  457.6	  594.4	  327.0	.
833660	  457.5	  594.6	  326.0	.
833662	  457.1	  593.5	  327.0	.
833664	  457.8	  592.4	  327.0	.
833666	  458.5	  592.2	  329.0	.
833668	  458.2	  593.4	  329.0	.
833670	  457.8	  593.5	  329.0	.
833672	  458.3	  593.7	  330.0	.
833674	  458.3	  593.7	  330.0	.
833676	  458.2	  593.3	  329.0	.
833678	  458.1	  594.3	  328.0	.
833680	  455.5	  595.6	  327.0	.
833682	  456.1	  594.1	  327.0	.
833684	  456.9	  594.0	  327.0	.
833686	  456.4	  594.1	  327.0	.
833688	  456.8	  594.2	  327.0	.
833690	  457.1	  594.4	  327.0	.
833692	  457.2	  596.6	  327.0	.
833694	  457.2	  595.9	  327.0	.
833696	  456.7	  595.1	  327.0	.
EFIX L   833350	833696	348	  467.0	  608.3	    324
SSACC L  833698
833698	  456.1	  591.7	  328.0	.
833700	  455.7	  589.9	  329.0	.
833702	  449.3	  588.1	  329.0	.
833704	  438.8	  586.0	  330.0	.
833706	  433.2	  575.5	  332.0	.
833708	  432.5	  574.1	  333.0	.
833710	  432.7	  574.1	  333.0	.
833712	  432.9	  573.9	  332.0	.
ESACC L  833698	833712	16	  456.1	  591.7	  432.7	  574.1	   0.73	     87
SFIX L   833714
833714	  433.9	  575.6	  332.0	.
833716	  434.2	  577.1	  332.0	.
833718	  435.0	  574.9	  332.0	.
833720	  434.4	  572.6	  332.0	.
833722	  434.3	  572.3	  333.0	.
833724	  434.2	  572.0	  333.0	.
833726	  433.4	  571.6	  334.0	.
833728	  433.2	  571.2	  334.0	.
833730	  433.1	  570.4	  334.0	.
833732	  433.3	  571.7	  333.0	.
833734	  433.5	  571.9	  334.0	.
833736	  432.8	  571.2	  334.0	.
833738	  432.7	  572.3	  334.0	.
833740	  432.5	  573.2	  334.0	.
833742	  433.6	  571.0	  334.0	.
833744	  434.7	  570.1	  334.0	.
833746	  435.8	  570.1	  333.0	.
833748	  435.7	  570.2	  334.0	.
833750	  435.5	  569.0	  334.0	.
833752	  435.4	  568.5	  336.0	.
833754	  435.4	  568.4	  336.0	.
833756	  435.6	  568.7	  335.0	.
833758	  435.6	  568.1	  335.0	.
833760	  435.6	  568.3	  334.0	.
833762	  435.3	  567.8	  334.0	.
833764	  435.1	  567.9	  335.0	.
833766	  434.5	  568.0	  335.0	.
833768	  434.1	  568.0	  335.0	.
833770	  433.6	  568.0	  335.0	.
833772	  433.7	  567.9	  336.0	.
833774	  432.8	  568.0	  336.0	.
833776	  432.8	  567.4	  334.0	.
833778	  432.7	  566.9	  334.0	.
833780	  432.6	  566.4	  334.0	.
833782	  432.2	  566.4	  335.0	.
833784	  432.1	  566.3	  335.0	.
833786	  431.9	  566.0	  335.0	.
833788	  431.6	  565.6	  335.0	.
833790	  431.8	  564.2	  337.0	.
833792	  431.3	  562.7	  337.0	.
833794	  430.7	  562.8	  337.0	.
833796	  430.9	  562.9	  337.0	.
833798	  430.9	  563.2	  337.0	.
833800	  431.0	  562.9	  336.0	.
833802	  430.9	  562.8	  336.0	.
833804	  431.1	  562.8	  336.0	.
833806	  431.1	  562.9	  336.0	.
833808	  430.5	  563.0	  336.0	.
833810	  430.1	  563.2	  335.0	.
833812	  429.9	  563.2	  335.0	.
833814	  429.8	  563.0	  336.0	.
833816	  430.0	  563.7	  337.0	.
833818	  430.0	  564.6	  337.0	.
833820	  430.5	  566.5	  338.0	.
833822	  430.7	  565.9	  339.0	.
833824	  430.2	  565.3	  339.0	.
833826	  429.6	  565.2	  338.0	.
833828	  430.0	  564.9	  338.0	.
833830	  430.0	  564.8	  337.0	.
833832	  430.5	  564.7	  337.0	.
833834	  429.9	  564.9	  338.0	.
833836	  429.8	  565.0	  338.0	.
833838	  429.7	  565.1	  338.0	.
833840	  429.9	  565.4	  338.0	.
833842	  429.7	  565.5	  338.0	.
833844	  429.7	  564.9	  338.0	.
833846	  429.3	  564.8	  338.0	.
833848	  428.4	  564.7	  338.0	.
833850	  428.4	  564.8	  338.0	.
833852	  428.6	  565.8	  337.0	.
833854	  427.9	  565.7	  338.0	.
833856	  427.3	  565.4	  338.0	.
833858	  427.2	  564.7	  338.0	.
833860	  427.3	  563.5	  338.0	.
833862	  427.4	  562.7	  338.0	.
833864	  427.5	  562.4	  337.0	.
833866	  427.6	  562.1	  337.0	.
833868	  428.2	  560.9	  336.0	.
833870	  428.7	  559.7	  336.0	.
MSG	833872 TRIAL 8 END
