MSG	898774 TRIAL 17 START
MSG	901066 DRIFTCORRECT L LEFT  at 960,540  OFFSET 0.74 deg.  13.6,-23.0 pix.
MSG	901827 RECCFG P 500 2 1 
MSG	901827 GAZE_COORDS 0.00 0.00 1919.00 1079.00
START	901828 	LEFT	SAMPLES	EVENTS
PRESCALER	1
VPRESCALER	1
PUPIL	AREA
EVENTS	GAZE	LEFT	RATE	 500.00	TRACKING	P	FILTER	2
SAMPLES	GAZE	LEFT	RATE	 500.00	TRACKING	P	FILTER	2
MSG	901828 !MODE RECORD P 500 2 1
901828	  948.8	  537.0	  417.0	.
901830	  948.7	  536.0	  417.0	.
901832	  948.9	  537.4	  416.0	.
901834	  949.2	  538.8	  415.0	.
SFIX L   901836
901836	  948.9	  538.7	  416.0	.
901838	  948.8	  538.6	  417.0	.
901840	  948.3	  540.3	  417.0	.
901842	  949.3	  541.9	  417.0	.
901844	  950.2	  543.5	  416.0	.
901846	  949.9	  544.4	  414.0	.
901848	  949.7	  545.2	  415.0	.
901850	  949.2	  545.2	  414.0	.
901852	  948.8	  545.1	  414.0	.
901854	  947.8	  545.3	  414.0	.
901856	  947.9	  545.2	  414.0	.
901858	  948.0	  545.3	  415.0	.
901860	  948.1	  545.2	  415.0	.
901862	  948.2	  547.6	  415.0	.
901864	  948.5	  550.5	  416.0	.
901866	  948.1	  550.7	  416.0	.
901868	  947.6	  550.6	  415.0	.
901870	  947.5	  551.3	  415.0	.
901872	  947.5	  551.8	  416.0	.
901874	  947.6	  553.3	  416.0	.
901876	  947.5	  553.0	  416.0	.
901878	  947.6	  554.2	  416.0	.
901880	  947.7	  555.4	  416.0	.
901882	  947.4	  555.4	  416.0	.
901884	  947.2	  555.3	  417.0	.
901886	  947.5	  554.7	  417.0	.
901888	  947.5	  554.0	  417.0	.
901890	  948.1	  554.1	  416.0	.
901892	  947.5	  553.8	  415.0	.
901894	  947.6	  553.4	  415.0	.
901896	  947.7	  552.5	  415.0	.
901898	  947.9	  552.7	  415.0	.
901900	  948.1	  552.6	  414.0	.
901902	  948.3	  552.6	  414.0	.
901904	  948.0	  552.4	  414.0	.
901906	  948.3	  552.2	  414.0	.
901908	  948.6	  552.0	  414.0	.
901910	  948.0	  551.9	  414.0	.
901912	  948.6	  551.7	  412.0	.
901914	  948.6	  550.7	  411.0	.
901916	  948.4	  550.6	  411.0	.
901918	  948.2	  550.5	  411.0	.
901920	  947.0	  547.4	  411.0	.
901922	  947.5	  547.2	  410.0	.
901924	  947.3	  547.1	  410.0	.
901926	  947.1	  547.5	  410.0	.
901928	  947.3	  547.9	  410.0	.
901930	  947.4	  547.0	  410.0	.
901932	  947.4	  547.5	  409.0	.
901934	  947.2	  547.4	  409.0	.
901936	  947.1	  548.1	  410.0	.
MSG	901938 Start Recording with 0
MSG	901938 SYNCTIME
901938	  947.1	  548.7	  410.0	.
901940	  947.2	  548.6	  411.0	.
901942	  947.1	  548.3	  411.0	.
901944	  946.9	  549.8	  410.0	.
901946	  946.4	  551.1	  409.0	.
901948	  945.9	  550.4	  408.0	.
901950	  946.3	  550.2	  407.0	.
MSG	901951 DSP: FIXATION
901952	  946.3	  550.0	  407.0	.
901954	  946.6	  550.4	  408.0	.
901956	  946.9	  550.7	  408.0	.
901958	  946.9	  550.5	  407.0	.
901960	  946.7	  551.0	  407.0	.
901962	  946.5	  551.4	  407.0	.
901964	  947.3	  551.3	  409.0	.
901966	  946.6	  550.9	  409.0	.
901968	  946.1	  551.4	  409.0	.
901970	  946.2	  551.2	  408.0	.
901972	  946.3	  551.0	  406.0	.
901974	  946.7	  550.6	  407.0	.
901976	  946.6	  550.5	  407.0	.
901978	  947.1	  550.4	  407.0	.
901980	  947.2	  550.6	  407.0	.
901982	  947.1	  551.0	  407.0	.
901984	  947.0	  550.8	  407.0	.
901986	  947.1	  551.8	  407.0	.
901988	  947.1	  551.2	  407.0	.
901990	  946.9	  550.8	  408.0	.
901992	  946.6	  550.7	  408.0	.
901994	  947.3	  550.5	  407.0	.
901996	  947.8	  550.1	  407.0	.
901998	  947.1	  550.5	  407.0	.
902000	  946.3	  550.3	  407.0	.
902002	  945.6	  550.3	  407.0	.
902004	  945.6	  550.4	  407.0	.
902006	  945.5	  550.4	  405.0	.
902008	  945.5	  550.3	  405.0	.
902010	  945.9	  551.1	  405.0	.
902012	  946.3	  551.8	  405.0	.
902014	  947.2	  551.6	  405.0	.
902016	  947.2	  551.5	  405.0	.
902018	  946.7	  551.1	  405.0	.
902020	  946.2	  550.7	  405.0	.
902022	  947.0	  550.5	  402.0	.
902024	  947.1	  550.4	  402.0	.
902026	  947.0	  550.0	  402.0	.
902028	  947.5	  549.8	  402.0	.
902030	  947.1	  550.1	  403.0	.
902032	  947.7	  550.1	  403.0	.
902034	  947.3	  549.9	  403.0	.
902036	  947.3	  549.5	  402.0	.
902038	  947.3	  550.0	  402.0	.
902040	  947.8	  549.9	  401.0	.
902042	  948.3	  549.7	  400.0	.
902044	  947.6	  549.7	  400.0	.
902046	  947.1	  550.1	  400.0	.
902048	  946.9	  549.5	  399.0	.
902050	  946.7	  548.9	  399.0	.
902052	  946.8	  548.2	  399.0	.
902054	  946.8	  547.9	  399.0	.
902056	  946.8	  547.5	  398.0	.
902058	  946.8	  546.8	  398.0	.
902060	  946.6	  548.1	  398.0	.
902062	  946.3	  547.6	  398.0	.
902064	  946.4	  547.7	  400.0	.
902066	  946.3	  547.6	  400.0	.
902068	  946.9	  547.5	  398.0	.
902070	  947.1	  547.4	  398.0	.
902072	  947.3	  547.4	  396.0	.
902074	  947.5	  547.4	  396.0	.
902076	  947.4	  547.1	  396.0	.
902078	  947.4	  547.6	  396.0	.
902080	  947.2	  547.7	  396.0	.
902082	  947.8	  547.5	  396.0	.
902084	  948.2	  547.3	  397.0	.
902086	  947.8	  547.3	  397.0	.
902088	  947.4	  548.0	  397.0	.
902090	  947.2	  547.8	  396.0	.
902092	  947.0	  547.9	  396.0	.
902094	  947.1	  547.9	  397.0	.
902096	  947.2	  547.9	  398.0	.
902098	  946.5	  548.3	  398.0	.
902100	  946.5	  548.6	  398.0	.
902102	  946.4	  548.5	  398.0	.
902104	  947.0	  548.4	  398.0	.
902106	  947.1	  548.4	  396.0	.
902108	  946.9	  548.5	  396.0	.
902110	  946.8	  549.1	  396.0	.
902112	  946.8	  549.6	  396.0	.
902114	  946.3	  549.7	  396.0	.
902116	  946.6	  549.7	  395.0	.
902118	  946.4	  549.9	  395.0	.
902120	  946.5	  549.6	  395.0	.
902122	  946.7	  549.4	  395.0	.
902124	  947.3	  548.8	  395.0	.
902126	  947.3	  548.8	  395.0	.
902128	  946.6	  549.4	  395.0	.
902130	  945.9	  549.4	  395.0	.
902132	  945.5	  549.9	  395.0	.
902134	  946.1	  550.4	  394.0	.
902136	  945.6	  549.8	  393.0	.
902138	  945.7	  550.3	  393.0	.
902140	  945.8	  550.7	  393.0	.
902142	  945.9	  550.7	  393.0	.
902144	  945.6	  550.7	  393.0	.
902146	  945.3	  550.8	  393.0	.
902148	  945.6	  550.4	  396.0	.
902150	  945.2	  550.6	  396.0	.
902152	  945.7	  550.1	  395.0	.
902154	  945.7	  550.1	  395.0	.
902156	  945.9	  550.1	  393.0	.
902158	  946.0	  549.8	  393.0	.
902160	  945.5	  549.6	  393.0	.
902162	  945.0	  549.1	  393.0	.
902164	  944.8	  549.0	  393.0	.
902166	  944.8	  549.2	  393.0	.
902168	  944.8	  549.1	  393.0	.
902170	  944.6	  549.2	  393.0	.
902172	  944.5	  549.2	  393.0	.
902174	  944.2	  549.2	  393.0	.
902176	  944.1	  549.3	  392.0	.
902178	  944.1	  549.5	  392.0	.
902180	  944.1	  549.8	  392.0	.
902182	  944.5	  550.1	  393.0	.
902184	  944.6	  549.9	  393.0	.
902186	  944.7	  550.2	  393.0	.
902188	  945.2	  550.5	  393.0	.
902190	  945.6	  550.3	  393.0	.
902192	  946.0	  551.2	  394.0	.
902194	  946.4	  551.0	  394.0	.
902196	  946.9	  550.8	  394.0	.
902198	  948.4	  551.0	  393.0	.
902200	  949.3	  551.3	  393.0	.
902202	  949.5	  550.1	  391.0	.
902204	  948.3	  550.5	  390.0	.
902206	  948.1	  550.8	  390.0	.
902208	  948.6	  551.1	  390.0	.
902210	  948.6	  551.5	  388.0	.
902212	  948.6	  551.5	  387.0	.
902214	  948.5	  551.7	  387.0	.
902216	  948.2	  551.9	  384.0	.
902218	  947.9	  550.9	  384.0	.
902220	  947.8	  551.1	  384.0	.
902222	  946.5	  551.2	  382.0	.
902224	  945.7	  551.2	  381.0	.
902226	  944.8	  551.1	  379.0	.
902228	  945.7	  552.4	  378.0	.
902230	  945.3	  553.9	  378.0	.
902232	  945.3	  553.9	  378.0	.
902234	  945.2	  553.8	  378.0	.
902236	  945.3	  553.6	  374.0	.
902238	  945.1	  552.6	  374.0	.
902240	  945.2	  552.2	  374.0	.
902242	  945.4	  552.3	  374.0	.
902244	  945.6	  551.7	  373.0	.
902246	  947.5	  552.2	  372.0	.
902248	  947.6	  551.3	  371.0	.
902250	  947.8	  551.8	  370.0	.
902252	  948.4	  552.2	  363.0	.
902254	  948.9	  551.7	  363.0	.
902256	  949.3	  552.4	  362.0	.
902258	  949.1	  553.2	  361.0	.
902260	  949.5	  553.4	  361.0	.
902262	  949.6	  552.8	  361.0	.
902264	  949.5	  554.1	  358.0	.
902266	  949.2	  554.4	  357.0	.
902268	  949.1	  554.1	  355.0	.
902270	  949.6	  554.2	  355.0	.
902272	  950.0	  553.9	  352.0	.
902274	  950.9	  553.8	  350.0	.
902276	  951.9	  553.8	  348.0	.
902278	  952.3	  552.8	  347.0	.
902280	  952.7	  552.4	  347.0	.
902282	  953.1	  552.3	  347.0	.
902284	  952.9	  552.5	  341.0	.
902286	  952.6	  551.7	  341.0	.
902288	  953.2	  552.2	  341.0	.
902290	  952.4	  552.0	  341.0	.
902292	  952.2	  552.1	  337.0	.
902294	  952.0	  552.0	  336.0	.
902296	  952.8	  551.9	  333.0	.
902298	  952.5	  553.5	  332.0	.
902300	  952.6	  555.1	  327.0	.
902302	  952.7	  556.3	  325.0	.
902304	  952.8	  557.5	  324.0	.
902306	  952.8	  558.7	  321.0	.
902308	  952.7	  559.0	  320.0	.
902310	  952.7	  559.2	  320.0	.
902312	  953.3	  559.0	  319.0	.
902314	  954.0	  559.4	  318.0	.
902316	  954.3	  559.6	  318.0	.
902318	  953.3	  559.9	  318.0	.
902320	  952.4	  560.6	  316.0	.
902322	  952.2	  560.5	  315.0	.
902324	  951.9	  560.5	  314.0	.
902326	  952.1	  560.5	  314.0	.
902328	  952.3	  560.5	  313.0	.
902330	  952.4	  560.2	  313.0	.
902332	  952.4	  559.9	  310.0	.
902334	  952.5	  559.8	  309.0	.
902336	  952.6	  559.7	  308.0	.
902338	  952.1	  559.3	  307.0	.
902340	  951.6	  559.1	  305.0	.
902342	  952.2	  558.7	  303.0	.
902344	  952.5	  556.3	  303.0	.
902346	  952.8	  555.8	  301.0	.
902348	  953.2	  556.3	  301.0	.
902350	  952.4	  557.1	  301.0	.
902352	  953.4	  556.9	  300.0	.
902354	  954.5	  556.8	  298.0	.
902356	  954.9	  556.8	  296.0	.
902358	  955.3	  556.3	  296.0	.
902360	  956.5	  556.9	  296.0	.
902362	  955.5	  557.9	  294.0	.
902364	  954.4	  558.2	  293.0	.
902366	  954.8	  558.0	  292.0	.
902368	  954.7	  558.0	  291.0	.
902370	  954.9	  557.9	  291.0	.
902372	  954.9	  558.4	  289.0	.
902374	  954.8	  558.1	  288.0	.
902376	  954.5	  558.2	  288.0	.
902378	  954.0	  558.2	  287.0	.
902380	  954.6	  558.5	  286.0	.
902382	  954.6	  558.2	  286.0	.
902384	  954.5	  558.7	  286.0	.
902386	  954.9	  559.2	  285.0	.
902388	  954.7	  559.2	  285.0	.
902390	  955.1	  559.0	  285.0	.
902392	  955.0	  558.2	  283.0	.
902394	  954.9	  558.5	  281.0	.
902396	  954.6	  557.8	  281.0	.
902398	  955.4	  557.8	  280.0	.
902400	  956.1	  557.8	  279.0	.
902402	  957.1	  557.5	  278.0	.
902404	  958.2	  558.3	  278.0	.
902406	  958.2	  558.4	  278.0	.
902408	  957.8	  558.5	  275.0	.
902410	  957.4	  558.3	  274.0	.
902412	  957.8	  558.1	  274.0	.
902414	  958.0	  557.9	  271.0	.
902416	  957.9	  557.9	  271.0	.
902418	  957.5	  557.9	  271.0	.
902420	  956.8	  557.8	  270.0	.
902422	  956.5	  557.9	  269.0	.
902424	  957.1	  557.8	  269.0	.
902426	  957.8	  557.7	  268.0	.
902428	  957.6	  557.2	  267.0	.
902430	  957.4	  556.8	  267.0	.
902432	  957.0	  555.8	  267.0	.
902434	  956.7	  554.1	  265.0	.
902436	  956.9	  552.3	  263.0	.
902438	  956.8	  553.3	  258.0	.
902440	  956.7	  552.5	  258.0	.
902442	  956.8	  552.6	  262.0	.
902444	  956.6	  552.5	  262.0	.
902446	  956.7	  552.4	  261.0	.
902448	  956.7	  552.1	  260.0	.
902450	  957.1	  553.1	  258.0	.
902452	  957.0	  552.9	  257.0	.
902454	  957.5	  552.7	  256.0	.
902456	  957.1	  552.6	  255.0	.
902458	  957.4	  551.2	  255.0	.
902460	  956.1	  552.5	  254.0	.
902462	  956.5	  553.6	  253.0	.
902464	  956.9	  554.0	  252.0	.
902466	  958.9	  553.7	  252.0	.
902468	  958.9	  554.0	  252.0	.
902470	  958.9	  554.4	  251.0	.
902472	  958.6	  554.1	  251.0	.
902474	  958.8	  553.8	  251.0	.
902476	  958.5	  554.6	  251.0	.
902478	  958.7	  554.8	  249.0	.
902480	  958.9	  554.7	  249.0	.
902482	  959.5	  554.5	  249.0	.
902484	  959.0	  553.2	  249.0	.
902486	  960.2	  552.6	  249.0	.
902488	  960.1	  552.9	  249.0	.
902490	  960.0	  552.5	  249.0	.
902492	  960.0	  552.9	  248.0	.
902494	  960.2	  552.5	  248.0	.
902496	  959.3	  552.2	  248.0	.
902498	  959.1	  551.7	  248.0	.
902500	  958.8	  552.0	  248.0	.
902502	  957.9	  552.1	  248.0	.
902504	  958.7	  554.2	  247.0	.
902506	  958.6	  555.1	  245.0	.
902508	  958.6	  556.0	  244.0	.
902510	  958.6	  556.4	  243.0	.
902512	  958.5	  556.8	  243.0	.
902514	  959.2	  557.1	  243.0	.
902516	  958.9	  557.4	  243.0	.
902518	  958.6	  557.6	  243.0	.
902520	  959.0	  557.4	  243.0	.
902522	  958.8	  559.8	  242.0	.
902524	  958.7	  562.2	  242.0	.
902526	  959.0	  561.6	  241.0	.
902528	  959.6	  562.3	  240.0	.
902530	  959.1	  563.2	  239.0	.
902532	  959.5	  563.4	  238.0	.
902534	  959.8	  563.6	  237.0	.
902536	  961.1	  564.1	  236.0	.
902538	  960.3	  565.0	  235.0	.
902540	  959.6	  565.5	  235.0	.
902542	  959.6	  565.9	  234.0	.
902544	  960.1	  566.0	  234.0	.
902546	  959.3	  565.2	  232.0	.
902548	  960.3	  565.9	  232.0	.
902550	  961.1	  564.9	  232.0	.
902552	  961.0	  564.0	  233.0	.
902554	  961.0	  565.0	  233.0	.
902556	  961.0	  566.0	  233.0	.
902558	  961.3	  568.5	  229.0	.
902560	  961.5	  568.5	  229.0	.
902562	  962.6	  566.7	  229.0	.
902564	  962.4	  565.7	  229.0	.
902566	  962.2	  566.3	  229.0	.
902568	  962.4	  566.9	  228.0	.
902570	  962.0	  567.0	  228.0	.
902572	  961.6	  567.1	  229.0	.
902574	  962.1	  567.7	  229.0	.
902576	  961.8	  568.0	  229.0	.
902578	  961.3	  566.6	  229.0	.
902580	  960.2	  567.2	  229.0	.
902582	  960.1	  566.9	  228.0	.
902584	  960.1	  567.1	  229.0	.
902586	  960.4	  567.0	  231.0	.
902588	  960.3	  566.9	  231.0	.
902590	  960.8	  566.5	  230.0	.
902592	  960.8	  567.4	  230.0	.
902594	  960.6	  566.0	  229.0	.
902596	  960.5	  564.7	  230.0	.
902598	  960.7	  565.6	  231.0	.
902600	  960.9	  566.5	  231.0	.
902602	  962.2	  567.4	  226.0	.
902604	  961.4	  567.9	  226.0	.
902606	  961.1	  568.2	  225.0	.
902608	  961.2	  568.4	  225.0	.
902610	  961.5	  568.8	  225.0	.
902612	  961.9	  569.2	  225.0	.
902614	  962.2	  570.1	  225.0	.
902616	  961.7	  569.6	  224.0	.
902618	  961.8	  569.0	  224.0	.
902620	  960.8	  569.6	  224.0	.
902622	  961.4	  568.6	  224.0	.
902624	  961.5	  567.7	  224.0	.
902626	  961.7	  568.8	  224.0	.
902628	  961.6	  568.9	  224.0	.
902630	  962.2	  568.5	  224.0	.
902632	  961.6	  568.3	  224.0	.
902634	  961.9	  567.7	  224.0	.
902636	  962.2	  567.0	  224.0	.
902638	  963.4	  566.8	  223.0	.
EFIX L   901836	902638	804	  951.7	  554.2	    339
SSACC L  902640
902640	  967.4	  566.2	  222.0	.
902642	  969.9	  562.7	  223.0	.
902644	  977.8	  558.3	  223.0	.
902646	  979.4	  555.1	  225.0	.
902648	  980.5	  552.0	  225.0	.
902650	  981.7	  549.2	  225.0	.
ESACC L  902640	902650	12	  967.4	  566.2	  980.5	  552.0	   0.52	     65
SFIX L   902652
902652	  982.9	  546.4	  225.0	.
902654	  982.5	  546.0	  224.0	.
902656	  982.0	  545.7	  224.0	.
902658	  981.3	  540.6	  223.0	.
902660	  980.8	  538.1	  223.0	.
902662	  980.6	  537.1	  221.0	.
902664	  980.4	  537.0	  221.0	.
902666	  979.9	  537.0	  224.0	.
902668	  979.5	  537.1	  224.0	.
902670	  979.5	  537.1	  224.0	.
902672	  978.0	  539.0	  222.0	.
902674	  977.9	  539.8	  222.0	.
902676	  977.7	  540.2	  222.0	.
902678	  975.5	  540.6	  223.0	.
902680	  974.9	  540.7	  222.0	.
902682	  974.5	  543.6	  222.0	.
902684	  974.6	  546.5	  222.0	.
902686	  974.6	  549.0	  222.0	.
902688	  973.9	  549.1	  222.0	.
902690	  973.8	  549.2	  223.0	.
902692	  974.0	  550.0	  223.0	.
902694	  972.9	  548.4	  223.0	.
902696	  973.5	  548.3	  223.0	.
902698	  973.0	  549.2	  222.0	.
902700	  973.3	  548.7	  222.0	.
902702	  972.7	  551.8	  224.0	.
902704	  972.2	  554.8	  224.0	.
902706	  972.2	  556.3	  222.0	.
902708	  972.2	  556.4	  222.0	.
902710	  972.3	  556.5	  222.0	.
902712	  972.5	  557.9	  222.0	.
902714	  972.5	  556.3	  222.0	.
902716	  972.7	  557.8	  222.0	.
902718	  972.9	  556.8	  221.0	.
902720	  973.1	  555.8	  221.0	.
902722	  973.4	  556.1	  221.0	.
902724	  973.7	  556.4	  222.0	.
902726	  974.0	  555.8	  222.0	.
902728	  974.3	  556.8	  222.0	.
902730	  974.5	  557.8	  222.0	.
902732	  974.6	  557.7	  221.0	.
902734	  975.4	  557.6	  221.0	.
902736	  976.4	  558.3	  221.0	.
902738	  975.5	  559.2	  220.0	.
902740	  975.5	  559.6	  220.0	.
902742	  975.6	  559.6	  220.0	.
902744	  975.5	  559.5	  220.0	.
902746	  975.3	  559.4	  222.0	.
902748	  975.0	  552.5	  222.0	.
902750	  975.2	  552.3	  222.0	.
902752	  975.2	  554.7	  221.0	.
902754	  975.9	  554.5	  223.0	.
902756	  976.2	  554.6	  223.0	.
902758	  976.2	  553.1	  223.0	.
902760	  976.2	  554.9	  222.0	.
902762	  976.1	  553.8	  223.0	.
902764	  976.2	  555.5	  223.0	.
902766	  976.3	  555.8	  222.0	.
902768	  975.1	  556.3	  222.0	.
902770	  973.9	  557.2	  222.0	.
902772	  974.1	  557.9	  222.0	.
902774	  974.2	  558.9	  223.0	.
902776	  974.4	  559.4	  222.0	.
902778	  974.7	  559.8	  222.0	.
902780	  974.5	  558.2	  222.0	.
902782	  974.4	  556.6	  223.0	.
902784	  975.2	  555.4	  223.0	.
902786	  975.4	  554.3	  225.0	.
902788	  975.3	  554.7	  227.0	.
902790	  975.2	  555.2	  227.0	.
902792	  975.2	  555.7	  228.0	.
902794	  975.7	  556.3	  228.0	.
902796	  975.4	  556.3	  228.0	.
902798	  975.9	  556.2	  228.0	.
902800	  975.2	  556.3	  227.0	.
902802	  974.5	  556.4	  227.0	.
902804	  974.3	  557.0	  227.0	.
902806	  975.0	  557.4	  227.0	.
902808	  975.4	  555.1	  227.0	.
902810	  976.9	  556.9	  227.0	.
902812	  977.2	  557.3	  227.0	.
902814	  977.6	  556.9	  228.0	.
902816	  977.7	  557.0	  228.0	.
902818	  976.1	  555.9	  228.0	.
902820	  975.4	  554.7	  228.0	.
902822	  974.9	  554.8	  228.0	.
902824	  975.9	  555.4	  229.0	.
902826	  975.7	  555.0	  229.0	.
902828	  976.3	  554.8	  230.0	.
902830	  975.6	  555.0	  230.0	.
902832	  974.9	  553.9	  230.0	.
902834	  975.4	  552.7	  231.0	.
902836	  975.6	  552.1	  232.0	.
902838	  975.6	  551.5	  233.0	.
902840	  975.8	  552.7	  233.0	.
902842	  975.7	  552.7	  233.0	.
902844	  975.5	  552.2	  233.0	.
902846	  975.7	  551.7	  233.0	.
902848	  974.4	  549.1	  233.0	.
902850	  973.3	  549.0	  233.0	.
902852	  972.4	  549.2	  233.0	.
902854	  972.5	  549.3	  233.0	.
902856	  972.4	  548.6	  234.0	.
902858	  972.1	  548.6	  235.0	.
902860	  971.9	  548.7	  235.0	.
902862	  971.1	  549.9	  235.0	.
902864	  971.0	  551.0	  235.0	.
902866	  971.2	  553.2	  236.0	.
902868	  971.3	  553.2	  236.0	.
902870	  971.4	  552.7	  236.0	.
902872	  972.0	  552.1	  237.0	.
902874	  972.0	  550.1	  237.0	.
902876	  972.2	  549.6	  238.0	.
902878	  972.3	  549.5	  239.0	.
902880	  972.1	  549.9	  239.0	.
902882	  972.5	  548.1	  239.0	.
902884	  972.8	  547.5	  239.0	.
902886	  972.9	  547.4	  239.0	.
902888	  973.1	  547.5	  239.0	.
902890	  973.8	  547.2	  241.0	.
902892	  972.9	  547.3	  241.0	.
902894	  972.7	  547.3	  242.0	.
902896	  972.4	  546.5	  242.0	.
902898	  972.1	  546.2	  244.0	.
902900	  971.9	  545.8	  244.0	.
902902	  971.9	  545.8	  244.0	.
902904	  971.9	  545.9	  243.0	.
902906	  971.5	  546.3	  243.0	.
902908	  971.1	  546.5	  243.0	.
902910	  971.3	  546.3	  243.0	.
902912	  971.6	  546.6	  244.0	.
902914	  971.0	  547.0	  245.0	.
902916	  970.7	  547.0	  245.0	.
902918	  970.6	  547.4	  245.0	.
902920	  970.4	  547.5	  245.0	.
902922	  970.4	  547.6	  245.0	.
902924	  970.4	  548.1	  245.0	.
902926	  970.5	  547.5	  245.0	.
902928	  970.6	  547.1	  246.0	.
902930	  970.7	  545.6	  246.0	.
902932	  970.7	  545.8	  246.0	.
902934	  970.7	  545.1	  247.0	.
902936	  970.6	  544.5	  247.0	.
902938	  971.1	  544.5	  247.0	.
902940	  971.7	  544.3	  247.0	.
902942	  970.8	  544.6	  247.0	.
902944	  969.9	  544.5	  248.0	.
902946	  969.6	  544.4	  248.0	.
902948	  970.0	  544.3	  248.0	.
902950	  970.2	  544.0	  248.0	.
902952	  970.3	  544.1	  249.0	.
902954	  970.8	  542.7	  250.0	.
902956	  971.3	  541.3	  250.0	.
902958	  969.2	  541.6	  250.0	.
902960	  969.0	  541.9	  251.0	.
902962	  968.9	  542.1	  251.0	.
902964	  968.7	  543.4	  251.0	.
902966	  968.9	  542.0	  251.0	.
902968	  969.2	  542.3	  251.0	.
902970	  969.3	  542.6	  251.0	.
902972	  968.6	  544.7	  252.0	.
902974	  967.9	  544.8	  252.0	.
902976	  969.1	  545.0	  253.0	.
902978	  970.5	  544.9	  253.0	.
902980	  970.7	  545.0	  253.0	.
902982	  970.5	  544.4	  255.0	.
902984	  970.3	  543.7	  255.0	.
902986	  969.7	  541.8	  256.0	.
902988	  970.1	  543.1	  256.0	.
902990	  970.2	  543.6	  256.0	.
902992	  969.9	  543.5	  257.0	.
902994	  969.8	  543.8	  258.0	.
902996	  969.4	  543.4	  258.0	.
902998	  969.0	  543.0	  259.0	.
903000	  969.0	  544.2	  260.0	.
903002	  969.0	  544.7	  260.0	.
903004	  968.2	  544.9	  260.0	.
903006	  968.6	  545.0	  260.0	.
903008	  968.9	  544.6	  260.0	.
903010	  968.9	  545.0	  260.0	.
903012	  968.9	  545.3	  260.0	.
903014	  968.3	  544.4	  261.0	.
903016	  967.8	  544.0	  261.0	.
903018	  967.9	  543.8	  261.0	.
903020	  967.9	  543.6	  261.0	.
903022	  968.0	  544.3	  262.0	.
903024	  966.8	  545.1	  262.0	.
903026	  966.4	  544.4	  262.0	.
903028	  966.4	  543.5	  262.0	.
903030	  966.5	  544.2	  262.0	.
903032	  966.6	  543.6	  262.0	.
903034	  966.4	  543.1	  261.0	.
903036	  966.4	  543.3	  261.0	.
903038	  966.4	  543.2	  262.0	.
903040	  966.5	  543.2	  262.0	.
903042	  966.4	  543.2	  264.0	.
903044	  966.5	  542.7	  264.0	.
903046	  966.6	  542.3	  264.0	.
903048	  967.0	  542.1	  265.0	.
903050	  967.5	  543.2	  265.0	.
903052	  967.6	  542.9	  265.0	.
903054	  967.5	  542.6	  265.0	.
903056	  968.1	  542.9	  265.0	.
903058	  968.6	  542.7	  266.0	.
903060	  968.1	  542.7	  266.0	.
903062	  967.7	  543.5	  266.0	.
903064	  968.4	  543.1	  266.0	.
903066	  969.0	  542.5	  265.0	.
903068	  969.6	  544.0	  265.0	.
903070	  969.4	  543.6	  266.0	.
903072	  969.3	  543.8	  266.0	.
903074	  968.4	  543.1	  266.0	.
903076	  968.4	  542.4	  266.0	.
903078	  968.3	  540.6	  267.0	.
903080	  968.5	  540.7	  268.0	.
903082	  968.5	  540.7	  269.0	.
903084	  968.8	  544.3	  270.0	.
903086	  969.0	  547.8	  272.0	.
903088	  969.0	  545.9	  272.0	.
903090	  969.4	  546.3	  273.0	.
903092	  969.5	  545.3	  273.0	.
903094	  969.5	  546.9	  273.0	.
903096	  969.5	  548.7	  274.0	.
903098	  969.3	  549.3	  274.0	.
903100	  969.9	  548.2	  274.0	.
903102	  969.8	  547.0	  274.0	.
903104	  970.0	  547.7	  272.0	.
903106	  970.4	  547.8	  272.0	.
903108	  970.0	  548.0	  272.0	.
903110	  970.8	  547.9	  272.0	.
903112	  970.1	  546.4	  272.0	.
903114	  969.4	  544.9	  272.0	.
903116	  969.4	  546.4	  273.0	.
903118	  969.3	  546.9	  274.0	.
903120	  969.4	  547.4	  276.0	.
903122	  969.4	  547.9	  276.0	.
903124	  968.8	  547.9	  276.0	.
903126	  968.2	  548.3	  275.0	.
903128	  968.5	  548.6	  274.0	.
903130	  968.5	  548.7	  274.0	.
903132	  968.6	  547.6	  274.0	.
903134	  968.9	  547.0	  274.0	.
903136	  969.2	  546.9	  274.0	.
903138	  969.2	  547.0	  275.0	.
903140	  969.5	  547.1	  275.0	.
903142	  969.3	  548.6	  276.0	.
903144	  969.3	  550.2	  276.0	.
903146	  969.1	  548.0	  276.0	.
903148	  969.2	  548.2	  276.0	.
903150	  968.7	  546.3	  276.0	.
903152	  968.6	  546.1	  276.0	.
903154	  968.5	  545.9	  276.0	.
903156	  968.1	  545.2	  276.0	.
903158	  967.7	  545.8	  277.0	.
903160	  967.8	  546.4	  277.0	.
903162	  967.9	  545.4	  277.0	.
903164	  968.1	  545.6	  277.0	.
903166	  967.9	  543.9	  276.0	.
903168	  968.5	  543.3	  276.0	.
903170	  967.9	  543.3	  276.0	.
903172	  967.9	  543.9	  276.0	.
903174	  967.6	  542.8	  276.0	.
903176	  968.5	  543.7	  276.0	.
903178	  968.6	  543.7	  276.0	.
903180	  968.7	  543.9	  276.0	.
903182	  968.9	  544.0	  277.0	.
903184	  968.8	  544.3	  277.0	.
903186	  968.8	  544.4	  278.0	.
903188	  968.5	  544.6	  279.0	.
903190	  969.1	  546.3	  279.0	.
903192	  968.3	  546.9	  280.0	.
903194	  968.0	  546.7	  280.0	.
903196	  968.0	  547.4	  281.0	.
903198	  967.3	  545.8	  281.0	.
903200	  966.7	  544.4	  278.0	.
903202	  967.0	  544.9	  278.0	.
903204	  967.3	  545.5	  277.0	.
903206	  967.9	  545.9	  278.0	.
903208	  968.9	  546.5	  278.0	.
903210	  969.1	  543.7	  278.0	.
903212	  969.0	  541.0	  278.0	.
903214	  969.0	  540.0	  277.0	.
903216	  967.0	  539.4	  277.0	.
903218	  966.7	  541.1	  277.0	.
903220	  966.9	  542.8	  278.0	.
903222	  966.2	  542.3	  277.0	.
903224	  967.2	  543.0	  278.0	.
903226	  967.2	  542.5	  278.0	.
903228	  967.1	  542.0	  278.0	.
903230	  967.3	  542.9	  278.0	.
903232	  967.3	  542.9	  279.0	.
903234	  967.3	  542.8	  279.0	.
903236	  967.2	  543.1	  279.0	.
903238	  967.2	  543.3	  278.0	.
903240	  967.2	  543.5	  278.0	.
903242	  970.1	  543.1	  279.0	.
903244	  969.6	  542.7	  278.0	.
903246	  969.4	  543.4	  278.0	.
903248	  969.4	  544.2	  278.0	.
903250	  969.1	  543.0	  278.0	.
903252	  969.0	  542.8	  277.0	.
903254	  968.4	  543.1	  277.0	.
903256	  968.8	  542.8	  277.0	.
903258	  968.8	  542.6	  278.0	.
903260	  968.7	  542.7	  278.0	.
903262	  969.0	  541.7	  278.0	.
903264	  968.7	  540.9	  278.0	.
903266	  969.5	  542.4	  278.0	.
903268	  969.8	  543.9	  278.0	.
903270	  969.9	  543.7	  277.0	.
903272	  969.9	  544.2	  277.0	.
903274	  970.0	  543.9	  277.0	.
903276	  970.0	  543.6	  276.0	.
903278	  969.9	  544.6	  277.0	.
903280	  970.2	  543.3	  277.0	.
903282	  969.1	  542.3	  276.0	.
903284	  969.3	  544.3	  277.0	.
903286	  969.6	  546.3	  277.0	.
903288	  970.8	  546.2	  279.0	.
903290	  970.8	  546.0	  279.0	.
903292	  970.0	  545.8	  279.0	.
903294	  969.4	  545.3	  279.0	.
903296	  968.8	  546.3	  277.0	.
903298	  968.8	  544.3	  277.0	.
903300	  968.9	  544.6	  277.0	.
903302	  969.5	  544.9	  277.0	.
903304	  969.6	  544.0	  277.0	.
903306	  969.7	  543.2	  277.0	.
903308	  970.9	  543.4	  274.0	.
903310	  970.3	  542.3	  274.0	.
903312	  969.6	  541.2	  273.0	.
903314	  968.2	  543.5	  274.0	.
903316	  967.5	  543.5	  274.0	.
903318	  966.8	  543.5	  274.0	.
903320	  967.0	  542.9	  274.0	.
903322	  967.0	  542.3	  274.0	.
903324	  966.9	  541.5	  274.0	.
903326	  967.3	  540.6	  274.0	.
903328	  967.6	  541.2	  274.0	.
903330	  967.6	  541.0	  274.0	.
903332	  967.3	  541.1	  272.0	.
903334	  967.2	  540.3	  271.0	.
903336	  967.3	  539.4	  271.0	.
903338	  967.5	  538.4	  271.0	.
903340	  967.6	  538.5	  271.0	.
903342	  967.3	  538.5	  271.0	.
903344	  967.1	  538.6	  271.0	.
903346	  966.9	  538.1	  272.0	.
903348	  966.7	  537.7	  272.0	.
903350	  966.2	  537.8	  272.0	.
903352	  965.9	  538.1	  272.0	.
903354	  965.1	  538.2	  272.0	.
903356	  964.5	  538.6	  272.0	.
903358	  964.9	  539.0	  273.0	.
903360	  965.4	  540.1	  273.0	.
903362	  964.7	  539.1	  273.0	.
903364	  965.1	  538.0	  273.0	.
903366	  964.8	  538.2	  273.0	.
903368	  964.6	  538.4	  273.0	.
903370	  964.4	  538.9	  273.0	.
903372	  964.8	  538.6	  273.0	.
903374	  964.6	  539.0	  273.0	.
903376	  964.5	  538.5	  273.0	.
903378	  964.6	  538.9	  273.0	.
903380	  964.5	  539.4	  273.0	.
903382	  964.3	  539.0	  273.0	.
903384	  964.3	  538.7	  273.0	.
903386	  964.3	  539.2	  272.0	.
903388	  964.0	  539.0	  272.0	.
903390	  964.1	  538.6	  272.0	.
903392	  964.4	  538.7	  273.0	.
903394	  964.8	  538.4	  274.0	.
903396	  964.1	  538.3	  274.0	.
903398	  963.3	  538.5	  274.0	.
903400	  963.1	  538.3	  274.0	.
903402	  963.3	  538.6	  271.0	.
903404	  963.6	  539.0	  271.0	.
903406	  963.4	  539.5	  271.0	.
903408	  964.2	  539.6	  271.0	.
903410	  964.1	  539.3	  271.0	.
903412	  964.2	  539.3	  271.0	.
903414	  965.1	  539.1	  271.0	.
903416	  966.0	  539.0	  271.0	.
903418	  965.8	  539.0	  272.0	.
903420	  965.5	  539.1	  272.0	.
903422	  964.8	  539.3	  272.0	.
903424	  964.7	  539.3	  271.0	.
903426	  964.7	  539.8	  271.0	.
903428	  964.7	  539.7	  272.0	.
903430	  965.0	  539.5	  272.0	.
903432	  965.1	  539.6	  272.0	.
903434	  965.2	  539.1	  272.0	.
903436	  965.2	  538.5	  271.0	.
903438	  965.5	  538.6	  271.0	.
903440	  965.7	  538.8	  270.0	.
903442	  965.9	  539.2	  270.0	.
903444	  965.9	  539.3	  270.0	.
903446	  965.9	  539.3	  270.0	.
903448	  966.3	  539.8	  272.0	.
903450	  966.0	  539.7	  272.0	.
903452	  965.9	  539.8	  272.0	.
903454	  965.9	  539.4	  272.0	.
903456	  966.2	  539.8	  272.0	.
903458	  966.5	  539.4	  272.0	.
903460	  966.2	  539.2	  271.0	.
903462	  966.8	  539.4	  271.0	.
903464	  966.7	  539.8	  271.0	.
903466	  966.6	  540.0	  271.0	.
903468	  965.6	  539.3	  271.0	.
903470	  965.6	  539.0	  271.0	.
903472	  965.7	  539.1	  271.0	.
903474	  965.5	  538.4	  271.0	.
903476	  965.4	  538.8	  272.0	.
903478	  965.5	  538.9	  272.0	.
903480	  965.5	  539.1	  272.0	.
903482	  965.5	  539.2	  272.0	.
903484	  966.1	  539.1	  272.0	.
903486	  966.7	  538.3	  272.0	.
903488	  966.8	  537.6	  274.0	.
903490	  966.8	  537.3	  274.0	.
903492	  966.8	  536.9	  275.0	.
903494	  966.8	  536.9	  275.0	.
903496	  966.3	  537.1	  274.0	.
903498	  965.8	  536.9	  272.0	.
903500	  964.9	  537.2	  272.0	.
903502	  964.8	  537.5	  272.0	.
903504	  964.7	  537.3	  272.0	.
903506	  964.7	  537.0	  272.0	.
903508	  964.8	  537.5	  272.0	.
903510	  964.8	  537.9	  272.0	.
903512	  964.9	  539.0	  272.0	.
903514	  964.0	  539.0	  272.0	.
903516	  964.7	  538.8	  272.0	.
903518	  964.5	  538.8	  272.0	.
903520	  964.4	  538.9	  272.0	.
903522	  964.0	  538.8	  272.0	.
903524	  964.2	  539.2	  272.0	.
903526	  964.4	  539.6	  272.0	.
903528	  964.6	  540.6	  272.0	.
903530	  964.6	  541.9	  273.0	.
903532	  964.3	  542.2	  273.0	.
903534	  963.0	  542.7	  273.0	.
903536	  962.0	  544.7	  273.0	.
903538	  961.6	  546.6	  274.0	.
903540	  961.5	  545.9	  273.0	.
903542	  962.0	  546.7	  274.0	.
903544	  962.7	  547.4	  273.0	.
903546	  962.8	  548.3	  273.0	.
903548	  962.9	  548.7	  273.0	.
903550	  963.4	  549.1	  274.0	.
903552	  963.4	  549.6	  276.0	.
903554	  963.6	  550.1	  276.0	.
903556	  963.0	  548.7	  274.0	.
903558	  962.3	  547.4	  273.0	.
903560	  962.5	  547.7	  274.0	.
903562	  962.4	  547.8	  274.0	.
903564	  962.4	  547.9	  274.0	.
903566	  962.8	  546.7	  274.0	.
903568	  963.3	  545.6	  274.0	.
903570	  962.9	  543.4	  273.0	.
903572	  963.1	  543.4	  273.0	.
903574	  962.9	  539.7	  273.0	.
903576	  962.8	  539.8	  273.0	.
903578	  963.1	  539.8	  273.0	.
903580	  963.0	  540.1	  273.0	.
903582	  963.8	  540.2	  273.0	.
903584	  963.9	  540.0	  275.0	.
903586	  963.6	  539.7	  275.0	.
903588	  963.4	  539.6	  276.0	.
903590	  962.6	  539.6	  276.0	.
903592	  963.2	  540.4	  276.0	.
903594	  962.9	  540.2	  276.0	.
903596	  962.8	  541.7	  278.0	.
903598	  961.9	  541.5	  278.0	.
903600	  962.1	  541.3	  275.0	.
903602	  962.5	  542.7	  272.0	.
903604	  962.8	  542.8	  272.0	.
903606	  963.0	  542.8	  277.0	.
903608	  963.1	  542.9	  277.0	.
903610	  963.1	  543.0	  276.0	.
903612	  963.3	  543.3	  276.0	.
903614	  962.8	  543.1	  276.0	.
903616	  962.4	  544.4	  275.0	.
903618	  963.2	  545.4	  275.0	.
903620	  963.7	  548.0	  275.0	.
903622	  963.9	  547.8	  275.0	.
903624	  964.0	  547.7	  275.0	.
903626	  964.2	  548.6	  275.0	.
903628	  964.5	  549.5	  276.0	.
903630	  964.3	  549.8	  276.0	.
903632	  964.0	  550.1	  276.0	.
903634	  964.2	  551.3	  277.0	.
903636	  964.0	  551.1	  276.0	.
903638	  964.3	  552.1	  276.0	.
903640	  964.2	  551.6	  276.0	.
903642	  965.0	  552.6	  276.0	.
903644	  965.2	  551.8	  276.0	.
903646	  965.3	  552.0	  276.0	.
903648	  964.8	  551.5	  278.0	.
903650	  965.2	  552.2	  278.0	.
903652	  964.7	  551.6	  278.0	.
903654	  964.9	  550.9	  277.0	.
903656	  964.1	  549.1	  277.0	.
903658	  964.8	  548.8	  276.0	.
903660	  963.6	  548.7	  276.0	.
903662	  964.1	  549.7	  276.0	.
903664	  964.5	  548.6	  277.0	.
903666	  964.2	  547.7	  276.0	.
903668	  964.0	  549.1	  277.0	.
903670	  964.3	  549.2	  276.0	.
903672	  964.0	  548.9	  275.0	.
903674	  964.1	  549.0	  276.0	.
903676	  964.0	  549.2	  277.0	.
903678	  964.1	  550.0	  279.0	.
903680	  964.2	  549.9	  279.0	.
903682	  963.8	  548.1	  279.0	.
903684	  963.5	  548.1	  279.0	.
903686	  963.6	  548.9	  280.0	.
903688	  963.0	  547.4	  280.0	.
903690	  962.4	  547.4	  280.0	.
903692	  962.2	  548.1	  280.0	.
903694	  961.9	  547.6	  280.0	.
903696	  961.9	  547.7	  280.0	.
903698	  962.8	  547.8	  280.0	.
903700	  963.8	  548.4	  281.0	.
903702	  963.9	  548.1	  281.0	.
903704	  964.0	  548.2	  281.0	.
903706	  964.0	  547.7	  281.0	.
903708	  963.6	  547.2	  280.0	.
903710	  964.1	  547.9	  279.0	.
903712	  963.7	  548.3	  279.0	.
903714	  963.9	  548.3	  279.0	.
903716	  963.6	  548.3	  279.0	.
903718	  963.4	  550.9	  280.0	.
903720	  962.5	  551.0	  280.0	.
903722	  962.6	  551.0	  279.0	.
903724	  962.7	  551.3	  279.0	.
903726	  962.7	  551.2	  279.0	.
903728	  962.8	  551.0	  278.0	.
903730	  962.3	  550.4	  278.0	.
903732	  962.4	  549.7	  278.0	.
903734	  962.4	  549.9	  278.0	.
903736	  963.0	  548.8	  278.0	.
903738	  962.6	  547.8	  278.0	.
903740	  963.2	  548.5	  277.0	.
903742	  962.3	  546.9	  277.0	.
903744	  962.2	  546.4	  277.0	.
903746	  962.3	  546.5	  277.0	.
903748	  962.2	  544.2	  277.0	.
903750	  961.7	  544.1	  277.0	.
903752	  962.5	  544.7	  277.0	.
903754	  962.4	  544.9	  278.0	.
903756	  962.8	  545.0	  278.0	.
903758	  962.5	  545.6	  277.0	.
903760	  963.0	  545.0	  277.0	.
903762	  962.2	  544.9	  278.0	.
903764	  962.0	  545.1	  279.0	.
903766	  961.6	  543.9	  279.0	.
903768	  961.1	  543.8	  278.0	.
903770	  961.0	  544.0	  278.0	.
903772	  960.9	  543.9	  277.0	.
903774	  961.4	  543.8	  278.0	.
903776	  962.0	  543.8	  278.0	.
903778	  961.6	  543.0	  278.0	.
903780	  961.5	  542.7	  278.0	.
903782	  961.6	  542.6	  278.0	.
903784	  961.9	  544.4	  279.0	.
903786	  962.1	  544.7	  279.0	.
903788	  962.4	  545.0	  280.0	.
903790	  963.2	  545.0	  280.0	.
903792	  963.1	  545.1	  280.0	.
903794	  963.1	  545.7	  281.0	.
903796	  962.9	  546.4	  282.0	.
903798	  962.6	  546.7	  281.0	.
903800	  962.1	  544.9	  281.0	.
903802	  962.0	  544.2	  280.0	.
903804	  962.2	  544.0	  278.0	.
903806	  962.6	  545.2	  278.0	.
903808	  962.5	  544.8	  279.0	.
903810	  962.7	  544.5	  280.0	.
903812	  963.0	  546.0	  281.0	.
903814	  963.4	  547.6	  281.0	.
903816	  964.0	  547.7	  281.0	.
903818	  964.2	  547.7	  281.0	.
903820	  964.5	  548.6	  281.0	.
903822	  964.1	  547.9	  280.0	.
903824	  963.8	  548.0	  281.0	.
903826	  963.7	  547.6	  281.0	.
903828	  963.8	  547.5	  281.0	.
903830	  963.8	  547.5	  281.0	.
903832	  963.9	  547.9	  281.0	.
903834	  963.7	  547.4	  280.0	.
903836	  964.3	  548.1	  280.0	.
903838	  963.8	  548.9	  280.0	.
903840	  963.9	  549.0	  280.0	.
903842	  963.8	  549.1	  280.0	.
903844	  963.7	  551.0	  281.0	.
903846	  963.4	  548.8	  281.0	.
903848	  963.3	  548.8	  281.0	.
903850	  963.0	  549.9	  281.0	.
903852	  963.0	  548.9	  281.0	.
903854	  963.0	  549.5	  281.0	.
903856	  963.0	  549.4	  281.0	.
903858	  962.8	  549.4	  281.0	.
903860	  963.2	  549.8	  282.0	.
903862	  963.1	  549.8	  282.0	.
903864	  963.4	  549.6	  282.0	.
903866	  963.5	  549.8	  282.0	.
903868	  963.7	  549.9	  282.0	.
903870	  963.6	  549.8	  282.0	.
903872	  963.6	  549.6	  282.0	.
903874	  962.5	  549.7	  282.0	.
903876	  962.3	  549.2	  282.0	.
903878	  962.0	  550.0	  282.0	.
903880	  962.3	  550.8	  283.0	.
903882	  961.9	  550.3	  283.0	.
903884	  962.0	  550.0	  283.0	.
903886	  962.1	  550.0	  283.0	.
903888	  961.7	  550.5	  284.0	.
903890	  962.2	  550.9	  285.0	.
903892	  962.8	  550.5	  285.0	.
903894	  962.5	  550.3	  285.0	.
903896	  962.4	  550.6	  285.0	.
903898	  961.6	  551.1	  285.0	.
903900	  961.8	  552.7	  286.0	.
903902	  961.8	  552.7	  286.0	.
903904	  961.7	  552.7	  286.0	.
903906	  961.4	  552.7	  286.0	.
903908	  961.6	  553.1	  285.0	.
903910	  961.8	  552.1	  285.0	.
903912	  961.8	  552.1	  285.0	.
903914	  961.4	  551.0	  284.0	.
903916	  961.7	  551.2	  284.0	.
903918	  961.8	  550.6	  284.0	.
903920	  961.8	  551.2	  284.0	.
903922	  962.3	  551.8	  285.0	.
903924	  962.4	  551.7	  285.0	.
903926	  962.2	  551.7	  285.0	.
903928	  962.2	  551.6	  285.0	.
903930	  962.0	  551.7	  285.0	.
903932	  961.0	  550.6	  285.0	.
903934	  961.2	  550.7	  285.0	.
903936	  960.6	  549.6	  284.0	.
903938	  960.0	  549.6	  284.0	.
903940	  960.0	  550.3	  284.0	.
903942	  960.0	  550.9	  284.0	.
903944	  960.1	  551.3	  284.0	.
903946	  959.9	  551.6	  285.0	.
903948	  960.0	  550.8	  285.0	.
903950	  959.9	  550.8	  285.0	.
903952	  959.9	  550.9	  285.0	.
903954	  959.8	  550.7	  285.0	.
903956	  959.5	  551.1	  285.0	.
903958	  959.0	  550.8	  286.0	.
903960	  958.9	  550.5	  287.0	.
903962	  958.8	  550.7	  287.0	.
903964	  958.7	  551.0	  287.0	.
903966	  958.7	  550.6	  287.0	.
903968	  958.9	  550.2	  287.0	.
903970	  957.7	  549.1	  287.0	.
903972	  958.4	  546.4	  287.0	.
903974	  959.2	  548.0	  283.0	.
903976	  960.9	  549.6	  283.0	.
903978	  960.3	  550.1	  284.0	.
903980	  959.9	  550.2	  285.0	.
903982	  958.1	  550.4	  285.0	.
903984	  958.0	  548.6	  285.0	.
903986	  958.7	  549.5	  285.0	.
903988	  958.8	  549.3	  288.0	.
903990	  958.7	  549.0	  289.0	.
903992	  958.6	  549.0	  290.0	.
903994	  958.6	  549.1	  290.0	.
903996	  958.5	  548.4	  289.0	.
903998	  958.4	  547.8	  289.0	.
904000	  959.3	  548.5	  289.0	.
904002	  959.4	  547.7	  288.0	.
904004	  959.3	  548.8	  287.0	.
904006	  959.4	  549.8	  287.0	.
904008	  959.4	  549.5	  287.0	.
904010	  959.4	  550.4	  287.0	.
904012	  959.1	  549.1	  286.0	.
904014	  959.0	  547.8	  285.0	.
904016	  959.1	  547.7	  285.0	.
904018	  959.3	  547.9	  285.0	.
904020	  958.6	  548.1	  286.0	.
904022	  957.9	  548.9	  286.0	.
904024	  958.2	  549.6	  288.0	.
904026	  958.0	  549.6	  288.0	.
904028	  958.6	  550.1	  287.0	.
904030	  958.4	  549.9	  286.0	.
904032	  958.9	  550.3	  286.0	.
904034	  959.1	  550.5	  286.0	.
904036	  959.3	  550.6	  286.0	.
904038	  959.7	  550.6	  286.0	.
904040	  959.7	  550.5	  286.0	.
904042	  959.8	  551.4	  286.0	.
904044	  960.1	  551.1	  287.0	.
904046	  960.5	  550.8	  288.0	.
904048	  960.5	  549.4	  288.0	.
904050	  960.6	  549.2	  287.0	.
904052	  961.1	  549.1	  287.0	.
904054	  961.7	  549.0	  286.0	.
904056	  960.8	  549.6	  286.0	.
904058	  960.4	  550.1	  287.0	.
904060	  960.2	  550.4	  288.0	.
904062	  960.4	  550.0	  288.0	.
904064	  960.6	  550.8	  286.0	.
904066	  961.3	  550.6	  285.0	.
904068	  962.0	  550.5	  285.0	.
904070	  961.9	  550.7	  286.0	.
904072	  962.1	  549.8	  285.0	.
904074	  962.4	  550.0	  286.0	.
904076	  962.6	  550.2	  286.0	.
904078	  962.6	  549.1	  286.0	.
904080	  962.6	  549.2	  286.0	.
904082	  963.1	  549.3	  286.0	.
904084	  963.4	  549.5	  286.0	.
904086	  963.5	  549.6	  287.0	.
904088	  963.4	  549.7	  287.0	.
904090	  965.2	  551.8	  287.0	.
904092	  964.9	  552.2	  288.0	.
904094	  964.8	  552.0	  288.0	.
904096	  965.1	  551.7	  288.0	.
904098	  965.1	  551.1	  288.0	.
904100	  964.8	  550.7	  288.0	.
904102	  965.1	  550.2	  287.0	.
904104	  964.6	  549.7	  286.0	.
904106	  964.4	  549.9	  285.0	.
904108	  964.6	  548.9	  285.0	.
904110	  965.1	  547.9	  284.0	.
904112	  964.7	  548.7	  284.0	.
904114	  964.6	  549.4	  284.0	.
904116	  964.3	  548.3	  284.0	.
904118	  964.1	  548.5	  284.0	.
904120	  964.5	  548.6	  284.0	.
904122	  964.2	  548.2	  284.0	.
904124	  965.0	  548.8	  284.0	.
904126	  964.6	  548.9	  284.0	.
904128	  964.5	  548.7	  284.0	.
904130	  964.5	  548.4	  284.0	.
904132	  964.2	  545.3	  283.0	.
904134	  964.2	  545.3	  283.0	.
904136	  964.4	  545.3	  282.0	.
904138	  964.7	  544.9	  282.0	.
904140	  963.6	  544.7	  282.0	.
904142	  963.3	  546.8	  282.0	.
904144	  963.2	  546.7	  282.0	.
904146	  963.1	  546.6	  282.0	.
904148	  963.3	  547.8	  282.0	.
904150	  963.1	  549.1	  283.0	.
904152	  962.9	  547.2	  286.0	.
904154	  963.1	  548.5	  286.0	.
904156	  962.4	  547.5	  286.0	.
904158	  961.8	  547.1	  286.0	.
904160	  963.2	  546.7	  285.0	.
904162	  963.5	  547.1	  284.0	.
904164	  963.5	  547.6	  283.0	.
904166	  963.5	  548.7	  282.0	.
904168	  963.0	  547.7	  282.0	.
904170	  962.8	  546.6	  280.0	.
904172	  962.7	  546.7	  279.0	.
904174	  962.8	  546.9	  279.0	.
904176	  963.6	  547.2	  281.0	.
904178	  963.9	  546.7	  280.0	.
904180	  964.2	  547.2	  281.0	.
904182	  964.6	  547.8	  282.0	.
904184	  964.9	  548.1	  282.0	.
904186	  964.3	  548.6	  283.0	.
904188	  963.6	  549.2	  283.0	.
904190	  964.1	  549.4	  284.0	.
904192	  964.3	  549.6	  285.0	.
904194	  964.3	  548.5	  284.0	.
904196	  963.5	  549.0	  284.0	.
904198	  962.6	  548.1	  284.0	.
904200	  962.8	  547.8	  284.0	.
904202	  962.9	  547.9	  284.0	.
904204	  962.9	  546.9	  284.0	.
904206	  962.6	  545.9	  282.0	.
904208	  963.0	  545.6	  281.0	.
904210	  963.3	  545.7	  281.0	.
904212	  963.7	  545.6	  282.0	.
904214	  963.9	  546.1	  282.0	.
904216	  963.8	  544.0	  281.0	.
904218	  963.4	  542.0	  280.0	.
904220	  963.9	  540.5	  279.0	.
904222	  963.8	  540.0	  278.0	.
904224	  963.9	  539.4	  276.0	.
904226	  964.0	  539.6	  276.0	.
904228	  964.4	  539.8	  277.0	.
904230	  963.8	  540.1	  278.0	.
904232	  963.2	  540.4	  278.0	.
904234	  963.6	  541.8	  278.0	.
904236	  963.8	  540.9	  277.0	.
904238	  964.1	  540.0	  277.0	.
904240	  964.1	  540.1	  277.0	.
904242	  964.1	  540.1	  277.0	.
904244	  964.7	  540.1	  277.0	.
904246	  965.2	  539.7	  277.0	.
904248	  964.7	  539.9	  277.0	.
904250	  965.7	  540.0	  277.0	.
904252	  966.0	  540.7	  278.0	.
904254	  966.4	  542.1	  279.0	.
904256	  966.8	  542.0	  279.0	.
904258	  966.8	  542.0	  278.0	.
904260	  966.7	  542.2	  278.0	.
904262	  966.7	  542.5	  279.0	.
904264	  966.7	  543.0	  278.0	.
904266	  966.2	  543.6	  278.0	.
904268	  965.6	  543.8	  278.0	.
904270	  965.7	  543.9	  279.0	.
904272	  965.9	  546.1	  281.0	.
904274	  966.0	  546.8	  281.0	.
904276	  965.9	  545.5	  281.0	.
904278	  965.7	  546.3	  280.0	.
904280	  966.4	  546.9	  277.0	.
904282	  966.4	  546.7	  277.0	.
904284	  966.3	  546.4	  277.0	.
904286	  966.2	  546.9	  277.0	.
904288	  966.5	  547.3	  278.0	.
904290	  966.2	  546.4	  278.0	.
904292	  966.2	  545.4	  279.0	.
904294	  966.3	  545.1	  279.0	.
904296	  965.5	  544.8	  279.0	.
904298	  966.5	  545.5	  279.0	.
904300	  966.2	  543.9	  279.0	.
904302	  966.0	  542.4	  279.0	.
904304	  965.8	  541.8	  278.0	.
904306	  966.2	  541.2	  278.0	.
904308	  966.4	  539.5	  276.0	.
904310	  965.6	  539.4	  276.0	.
904312	  965.7	  539.2	  276.0	.
904314	  965.9	  539.2	  276.0	.
904316	  965.9	  539.2	  276.0	.
904318	  965.4	  539.3	  276.0	.
904320	  965.4	  539.3	  276.0	.
904322	  965.7	  541.4	  276.0	.
904324	  966.1	  543.5	  276.0	.
904326	  966.5	  543.0	  276.0	.
904328	  966.7	  542.6	  276.0	.
904330	  967.0	  543.6	  276.0	.
904332	  967.8	  544.6	  276.0	.
904334	  968.1	  544.6	  276.0	.
904336	  968.2	  544.7	  276.0	.
904338	  966.6	  545.5	  276.0	.
904340	  966.3	  546.2	  275.0	.
904342	  966.1	  549.1	  275.0	.
904344	  966.0	  549.3	  275.0	.
904346	  966.2	  549.3	  275.0	.
904348	  966.7	  552.1	  275.0	.
904350	  967.3	  551.0	  274.0	.
904352	  966.3	  550.2	  275.0	.
904354	  965.4	  550.3	  275.0	.
904356	  965.5	  550.3	  277.0	.
904358	  965.7	  551.9	  277.0	.
904360	  966.0	  552.6	  277.0	.
904362	  966.3	  553.2	  277.0	.
904364	  966.5	  554.3	  277.0	.
904366	  967.3	  553.6	  277.0	.
904368	  968.0	  553.5	  275.0	.
904370	  968.3	  553.7	  275.0	.
904372	  968.5	  554.0	  275.0	.
904374	  969.1	  556.3	  276.0	.
904376	  969.5	  556.7	  276.0	.
904378	  970.4	  556.6	  276.0	.
904380	  971.3	  556.3	  276.0	.
904382	  972.1	  555.9	  275.0	.
904384	  971.7	  555.4	  275.0	.
904386	  971.7	  554.8	  275.0	.
904388	  971.7	  555.1	  275.0	.
904390	  971.8	  553.7	  275.0	.
904392	  971.7	  553.5	  275.0	.
904394	  971.5	  553.7	  275.0	.
904396	  971.7	  553.2	  275.0	.
904398	  972.1	  553.5	  275.0	.
904400	  972.9	  553.8	  275.0	.
904402	  972.3	  553.5	  275.0	.
904404	  972.0	  553.2	  274.0	.
904406	  971.8	  551.9	  273.0	.
904408	  971.7	  552.8	  272.0	.
904410	  971.5	  553.0	  272.0	.
904412	  971.4	  553.3	  272.0	.
904414	  970.8	  554.9	  273.0	.
904416	  970.1	  556.7	  273.0	.
904418	  970.0	  555.6	  273.0	.
904420	  969.8	  554.6	  273.0	.
904422	  970.5	  554.0	  273.0	.
904424	  970.7	  554.4	  273.0	.
904426	  970.9	  553.6	  272.0	.
904428	  970.4	  553.4	  272.0	.
904430	  971.1	  553.3	  272.0	.
904432	  971.5	  555.9	  273.0	.
904434	  971.6	  556.6	  275.0	.
904436	  971.6	  557.4	  275.0	.
904438	  972.6	  557.2	  275.0	.
904440	  972.3	  557.9	  275.0	.
904442	  972.9	  557.6	  273.0	.
904444	  973.0	  557.3	  273.0	.
904446	  972.9	  556.9	  273.0	.
904448	  972.7	  557.3	  274.0	.
904450	  972.7	  557.8	  274.0	.
904452	  972.5	  557.7	  274.0	.
904454	  972.0	  558.5	  273.0	.
904456	  971.8	  559.3	  273.0	.
904458	  971.8	  559.6	  272.0	.
904460	  971.2	  559.3	  271.0	.
904462	  971.4	  559.0	  271.0	.
904464	  970.7	  557.2	  271.0	.
904466	  970.1	  556.7	  271.0	.
904468	  970.0	  557.8	  271.0	.
904470	  970.6	  557.8	  272.0	.
904472	  971.0	  557.6	  272.0	.
904474	  971.1	  557.8	  272.0	.
904476	  971.1	  557.9	  272.0	.
904478	  971.1	  558.0	  272.0	.
904480	  971.1	  558.1	  273.0	.
904482	  971.5	  557.8	  273.0	.
904484	  971.7	  557.5	  272.0	.
904486	  971.7	  556.5	  272.0	.
904488	  971.5	  556.0	  271.0	.
904490	  971.6	  556.6	  271.0	.
904492	  971.5	  555.4	  272.0	.
904494	  971.6	  555.5	  272.0	.
904496	  971.5	  555.5	  273.0	.
904498	  971.8	  554.2	  273.0	.
904500	  972.0	  554.5	  272.0	.
904502	  972.3	  554.9	  272.0	.
904504	  972.4	  555.7	  272.0	.
904506	  972.4	  556.0	  270.0	.
904508	  972.8	  556.2	  268.0	.
904510	  971.6	  555.2	  268.0	.
904512	  970.4	  554.2	  268.0	.
904514	  970.2	  550.7	  268.0	.
904516	  970.2	  550.8	  267.0	.
904518	  970.1	  550.5	  267.0	.
904520	  970.2	  552.2	  268.0	.
904522	  970.5	  553.0	  268.0	.
904524	  970.3	  553.4	  268.0	.
904526	  970.6	  553.1	  268.0	.
904528	  970.5	  553.0	  266.0	.
904530	  970.4	  552.9	  266.0	.
904532	  970.8	  552.7	  266.0	.
904534	  971.2	  552.6	  266.0	.
904536	  970.2	  552.1	  266.0	.
904538	  969.8	  552.0	  267.0	.
904540	  969.4	  551.8	  266.0	.
904542	  969.1	  550.4	  266.0	.
904544	  969.9	  549.8	  266.0	.
904546	  970.2	  551.9	  267.0	.
904548	  970.2	  551.4	  266.0	.
904550	  970.2	  551.5	  266.0	.
904552	  970.2	  550.8	  266.0	.
904554	  970.0	  550.3	  267.0	.
904556	  969.6	  549.1	  267.0	.
904558	  969.6	  549.1	  266.0	.
904560	  969.2	  550.0	  266.0	.
904562	  969.0	  551.0	  266.0	.
904564	  969.0	  551.6	  266.0	.
904566	  969.2	  552.2	  267.0	.
904568	  969.0	  551.0	  267.0	.
904570	  968.4	  549.8	  266.0	.
904572	  968.5	  549.9	  266.0	.
904574	  968.6	  549.0	  265.0	.
904576	  968.8	  548.0	  264.0	.
904578	  969.0	  548.9	  264.0	.
904580	  968.6	  548.7	  263.0	.
904582	  968.9	  548.7	  262.0	.
904584	  969.0	  548.3	  262.0	.
904586	  969.8	  548.5	  262.0	.
904588	  969.5	  547.7	  262.0	.
904590	  969.3	  547.0	  266.0	.
904592	  969.2	  546.1	  266.0	.
904594	  969.1	  545.9	  266.0	.
904596	  968.9	  545.8	  266.0	.
904598	  968.9	  545.8	  265.0	.
904600	  968.7	  546.3	  264.0	.
904602	  970.4	  546.4	  262.0	.
904604	  970.4	  546.6	  260.0	.
904606	  970.8	  547.5	  260.0	.
904608	  971.0	  547.8	  260.0	.
904610	  971.3	  547.5	  260.0	.
904612	  971.9	  547.0	  261.0	.
904614	  971.9	  546.0	  261.0	.
904616	  971.9	  546.7	  261.0	.
904618	  972.3	  547.5	  261.0	.
904620	  972.4	  547.6	  260.0	.
904622	  972.5	  547.9	  260.0	.
904624	  972.4	  548.2	  259.0	.
904626	  973.1	  548.2	  259.0	.
904628	  973.0	  548.1	  259.0	.
904630	  973.1	  548.0	  258.0	.
904632	  973.8	  548.7	  257.0	.
904634	  974.0	  548.7	  256.0	.
904636	  973.4	  548.6	  256.0	.
904638	  973.1	  550.2	  256.0	.
904640	  972.7	  550.3	  256.0	.
904642	  972.6	  550.6	  256.0	.
904644	  972.6	  550.8	  256.0	.
904646	  972.8	  551.3	  256.0	.
904648	  972.6	  551.5	  256.0	.
904650	  972.6	  551.9	  256.0	.
904652	  972.7	  551.6	  256.0	.
904654	  972.7	  551.5	  256.0	.
904656	  972.7	  551.0	  256.0	.
904658	  972.2	  552.2	  256.0	.
904660	  972.5	  553.1	  256.0	.
904662	  972.1	  552.9	  256.0	.
904664	  971.6	  552.5	  256.0	.
904666	  972.0	  551.3	  256.0	.
904668	  971.8	  551.5	  256.0	.
904670	  972.1	  551.4	  256.0	.
904672	  971.6	  551.3	  255.0	.
904674	  971.2	  551.7	  255.0	.
904676	  971.1	  551.3	  255.0	.
904678	  971.0	  551.1	  255.0	.
904680	  971.2	  551.5	  254.0	.
904682	  970.6	  551.3	  254.0	.
904684	  970.6	  550.8	  255.0	.
904686	  970.5	  549.8	  255.0	.
904688	  970.6	  550.1	  255.0	.
904690	  970.5	  550.1	  255.0	.
904692	  970.8	  549.9	  255.0	.
904694	  970.5	  549.8	  255.0	.
904696	  970.3	  549.6	  254.0	.
904698	  969.5	  549.1	  254.0	.
904700	  968.7	  549.2	  254.0	.
904702	  969.2	  549.1	  254.0	.
904704	  969.9	  549.6	  254.0	.
904706	  969.5	  549.4	  254.0	.
904708	  970.1	  549.2	  254.0	.
904710	  970.6	  549.4	  253.0	.
904712	  972.0	  549.0	  253.0	.
904714	  972.1	  548.9	  253.0	.
904716	  972.4	  548.8	  254.0	.
904718	  972.0	  548.5	  254.0	.
904720	  971.8	  548.4	  254.0	.
904722	  970.3	  548.4	  253.0	.
904724	  970.1	  548.3	  253.0	.
904726	  970.2	  548.4	  253.0	.
904728	  970.4	  548.2	  253.0	.
904730	  969.7	  548.2	  253.0	.
904732	  969.2	  548.0	  253.0	.
904734	  968.8	  548.1	  254.0	.
904736	  968.6	  548.1	  253.0	.
904738	  969.5	  548.8	  252.0	.
904740	  969.5	  549.7	  251.0	.
904742	  969.3	  549.3	  251.0	.
904744	  968.9	  549.0	  251.0	.
904746	  968.8	  548.6	  251.0	.
904748	  968.9	  548.3	  251.0	.
904750	  969.0	  548.2	  252.0	.
904752	  969.2	  548.7	  252.0	.
904754	  968.6	  548.5	  252.0	.
904756	  968.7	  548.2	  252.0	.
904758	  968.8	  548.9	  252.0	.
904760	  969.5	  548.7	  252.0	.
904762	  969.9	  548.7	  252.0	.
904764	  970.5	  548.8	  250.0	.
904766	  969.4	  548.2	  250.0	.
904768	  968.4	  547.6	  251.0	.
904770	  969.4	  548.3	  251.0	.
904772	  970.3	  547.5	  251.0	.
904774	  970.6	  547.3	  251.0	.
904776	  970.8	  547.4	  252.0	.
904778	  970.0	  547.5	  253.0	.
904780	  969.3	  547.8	  253.0	.
904782	  968.9	  548.0	  252.0	.
904784	  969.7	  547.5	  252.0	.
904786	  970.4	  547.4	  252.0	.
904788	  970.5	  547.0	  251.0	.
904790	  970.5	  547.6	  251.0	.
904792	  970.5	  547.6	  252.0	.
904794	  971.2	  547.5	  253.0	.
904796	  972.0	  547.3	  253.0	.
904798	  972.7	  547.9	  253.0	.
904800	  972.9	  548.6	  253.0	.
904802	  972.8	  548.6	  252.0	.
904804	  972.9	  549.2	  251.0	.
904806	  973.0	  549.8	  250.0	.
904808	  973.0	  549.8	  250.0	.
904810	  972.6	  549.3	  250.0	.
904812	  973.0	  548.6	  251.0	.
904814	  972.7	  548.6	  251.0	.
904816	  972.5	  548.7	  251.0	.
904818	  973.0	  548.8	  251.0	.
904820	  973.4	  548.4	  251.0	.
904822	  973.5	  548.7	  251.0	.
904824	  973.5	  549.0	  252.0	.
904826	  973.2	  548.5	  252.0	.
904828	  973.9	  548.9	  251.0	.
904830	  972.7	  548.2	  251.0	.
904832	  972.4	  547.8	  251.0	.
904834	  972.3	  547.6	  251.0	.
904836	  972.2	  547.4	  251.0	.
904838	  972.1	  546.5	  250.0	.
904840	  972.1	  547.0	  250.0	.
904842	  972.2	  547.5	  250.0	.
904844	  972.6	  547.5	  250.0	.
904846	  972.7	  548.4	  251.0	.
904848	  972.6	  548.3	  251.0	.
904850	  973.0	  548.2	  251.0	.
904852	  973.2	  548.4	  250.0	.
904854	  974.1	  548.5	  250.0	.
904856	  973.1	  548.4	  250.0	.
904858	  973.3	  548.5	  252.0	.
904860	  973.5	  547.9	  252.0	.
904862	  973.0	  547.8	  251.0	.
904864	  972.5	  547.9	  251.0	.
904866	  972.6	  548.1	  251.0	.
904868	  972.6	  548.3	  251.0	.
904870	  972.6	  547.9	  251.0	.
904872	  973.1	  549.1	  250.0	.
904874	  972.9	  550.3	  250.0	.
904876	  972.7	  549.9	  250.0	.
904878	  972.7	  549.4	  251.0	.
904880	  972.4	  548.5	  251.0	.
904882	  972.2	  547.2	  252.0	.
904884	  972.1	  547.1	  252.0	.
904886	  972.1	  547.3	  253.0	.
904888	  972.0	  547.5	  253.0	.
904890	  970.4	  548.3	  253.0	.
904892	  970.6	  547.3	  252.0	.
904894	  970.3	  548.5	  252.0	.
904896	  970.8	  549.4	  252.0	.
904898	  970.0	  548.8	  252.0	.
904900	  970.4	  548.9	  252.0	.
904902	  970.9	  548.6	  253.0	.
904904	  970.8	  548.6	  253.0	.
904906	  970.8	  548.6	  252.0	.
904908	  971.7	  548.4	  252.0	.
904910	  972.1	  548.3	  252.0	.
904912	  972.3	  548.2	  252.0	.
904914	  973.4	  548.8	  252.0	.
904916	  973.8	  548.7	  252.0	.
904918	  974.1	  548.3	  252.0	.
904920	  974.2	  548.3	  252.0	.
904922	  974.0	  548.0	  252.0	.
904924	  974.0	  547.7	  252.0	.
904926	  974.1	  547.6	  252.0	.
904928	  974.4	  547.6	  252.0	.
904930	  974.5	  547.2	  251.0	.
904932	  974.5	  546.8	  250.0	.
904934	  974.6	  546.7	  250.0	.
904936	  974.5	  547.0	  250.0	.
904938	  974.5	  547.3	  251.0	.
904940	  974.2	  546.8	  251.0	.
904942	  974.2	  546.9	  249.0	.
904944	  974.1	  547.0	  249.0	.
904946	  973.5	  547.3	  250.0	.
904948	  972.8	  547.4	  251.0	.
904950	  973.2	  547.3	  251.0	.
904952	  973.5	  547.1	  251.0	.
904954	  973.6	  547.6	  251.0	.
904956	  973.5	  547.8	  251.0	.
904958	  973.7	  547.8	  251.0	.
904960	  973.7	  547.7	  251.0	.
904962	  974.9	  547.6	  250.0	.
904964	  973.8	  547.9	  250.0	.
904966	  973.5	  548.0	  250.0	.
904968	  973.4	  548.1	  251.0	.
904970	  974.0	  548.0	  251.0	.
904972	  974.0	  547.9	  250.0	.
904974	  974.2	  547.9	  250.0	.
904976	  973.3	  547.8	  250.0	.
904978	  972.6	  548.2	  250.0	.
904980	  971.1	  548.6	  250.0	.
904982	  971.1	  548.6	  249.0	.
904984	  971.1	  548.4	  249.0	.
904986	  971.1	  548.3	  251.0	.
904988	  971.1	  548.3	  251.0	.
904990	  969.9	  548.0	  251.0	.
904992	  970.4	  547.9	  252.0	.
904994	  970.9	  547.8	  252.0	.
904996	  971.2	  547.6	  252.0	.
904998	  971.6	  547.4	  252.0	.
905000	  971.8	  547.4	  251.0	.
MSG	905001 DSP: STIM
905002	  971.2	  547.5	  251.0	.
905004	  971.6	  547.6	  250.0	.
905006	  971.1	  547.2	  251.0	.
905008	  970.4	  547.1	  252.0	.
905010	  971.9	  546.7	  252.0	.
905012	  971.6	  546.8	  252.0	.
905014	  971.8	  545.5	  251.0	.
905016	  972.1	  544.9	  251.0	.
905018	  972.0	  545.2	  251.0	.
905020	  972.0	  545.6	  251.0	.
905022	  972.0	  546.0	  251.0	.
905024	  971.4	  545.7	  251.0	.
905026	  971.7	  545.4	  251.0	.
905028	  971.9	  545.3	  251.0	.
905030	  971.9	  545.2	  251.0	.
905032	  971.3	  545.9	  250.0	.
905034	  971.9	  545.9	  250.0	.
905036	  972.0	  546.0	  250.0	.
905038	  972.0	  546.0	  250.0	.
905040	  972.0	  546.0	  250.0	.
905042	  972.0	  545.9	  250.0	.
905044	  971.5	  546.1	  250.0	.
905046	  971.9	  546.0	  250.0	.
905048	  971.2	  546.3	  250.0	.
905050	  970.5	  546.5	  251.0	.
905052	  970.4	  546.6	  252.0	.
905054	  970.2	  545.7	  252.0	.
905056	  970.4	  546.0	  252.0	.
905058	  970.1	  546.1	  251.0	.
905060	  969.8	  546.1	  251.0	.
905062	  969.6	  546.3	  251.0	.
905064	  969.4	  546.5	  251.0	.
905066	  969.4	  546.6	  251.0	.
905068	  969.3	  546.6	  252.0	.
905070	  969.2	  546.7	  253.0	.
905072	  969.4	  546.7	  253.0	.
905074	  969.5	  546.6	  254.0	.
905076	  969.4	  546.8	  254.0	.
905078	  969.3	  547.0	  254.0	.
905080	  969.1	  547.0	  254.0	.
905082	  968.9	  546.9	  254.0	.
905084	  967.7	  546.9	  254.0	.
905086	  967.4	  546.3	  254.0	.
905088	  967.1	  545.6	  256.0	.
905090	  966.3	  545.1	  256.0	.
905092	  965.9	  544.7	  256.0	.
905094	  965.7	  545.3	  256.0	.
905096	  966.2	  544.0	  257.0	.
905098	  966.0	  544.0	  257.0	.
905100	  966.2	  543.9	  257.0	.
905102	  966.2	  543.8	  257.0	.
905104	  966.1	  543.6	  257.0	.
905106	  966.6	  543.6	  256.0	.
905108	  966.6	  542.8	  256.0	.
905110	  966.3	  542.0	  256.0	.
905112	  966.9	  542.2	  257.0	.
905114	  966.4	  541.8	  259.0	.
905116	  966.4	  541.9	  259.0	.
905118	  966.5	  541.7	  259.0	.
905120	  966.6	  542.0	  259.0	.
905122	  965.8	  542.2	  260.0	.
905124	  965.9	  542.3	  260.0	.
905126	  966.0	  543.0	  259.0	.
905128	  965.3	  543.2	  257.0	.
905130	  964.6	  543.4	  257.0	.
905132	  964.4	  542.5	  261.0	.
905134	  964.5	  541.7	  261.0	.
905136	  964.1	  541.4	  260.0	.
905138	  963.9	  541.7	  260.0	.
905140	  964.2	  541.8	  260.0	.
905142	  964.6	  542.4	  259.0	.
905144	  964.9	  543.2	  259.0	.
905146	  964.7	  543.5	  259.0	.
905148	  964.5	  543.6	  260.0	.
905150	  963.8	  543.7	  260.0	.
905152	  963.6	  544.8	  260.0	.
905154	  964.1	  545.7	  259.0	.
905156	  964.5	  545.6	  260.0	.
905158	  964.0	  546.6	  260.0	.
905160	  964.3	  547.5	  260.0	.
905162	  964.5	  549.4	  260.0	.
905164	  964.4	  550.4	  260.0	.
905166	  964.4	  550.9	  260.0	.
905168	  964.4	  551.0	  261.0	.
905170	  964.2	  551.1	  261.0	.
905172	  964.0	  551.4	  263.0	.
905174	  963.5	  551.6	  263.0	.
905176	  963.8	  553.6	  265.0	.
905178	  963.7	  555.6	  265.0	.
905180	  963.6	  556.7	  265.0	.
905182	  963.8	  557.8	  265.0	.
905184	  964.2	  560.0	  265.0	.
905186	  965.0	  560.0	  265.0	.
905188	  965.3	  559.9	  266.0	.
905190	  965.3	  559.8	  268.0	.
905192	  965.8	  559.2	  268.0	.
905194	  965.9	  558.7	  268.0	.
905196	  965.8	  557.9	  268.0	.
905198	  965.8	  557.0	  268.0	.
905200	  965.5	  555.0	  268.0	.
905202	  965.9	  554.1	  268.0	.
905204	  966.2	  553.2	  268.0	.
905206	  966.0	  552.9	  268.0	.
905208	  965.9	  552.7	  268.0	.
905210	  965.5	  552.6	  268.0	.
905212	  964.7	  551.0	  268.0	.
905214	  964.1	  551.1	  268.0	.
EFIX L   902652	905214	2564	  967.8	  547.4	    265
SSACC L  905216
905216	  962.6	  551.4	  268.0	.
905218	  961.1	  550.4	  268.0	.
905220	  948.0	  551.2	  267.0	.
905222	  925.0	  551.7	  267.0	.
905224	  901.6	  555.0	  267.0	.
905226	  873.0	  558.8	  267.0	.
905228	  837.9	  563.3	  269.0	.
905230	  804.0	  567.2	  269.0	.
905232	  767.5	  570.7	  269.0	.
905234	  730.0	  569.5	  270.0	.
905236	  695.9	  571.9	  272.0	.
905238	  661.0	  575.2	  271.0	.
905240	  625.1	  577.6	  271.0	.
905242	  588.9	  578.2	  271.0	.
905244	  552.6	  579.5	  270.0	.
905246	  525.6	  580.6	  270.0	.
905248	  498.1	  582.5	  270.0	.
905250	  474.9	  583.9	  270.0	.
905252	  454.5	  585.0	  270.0	.
905254	  444.7	  585.2	  271.0	.
905256	  435.5	  585.2	  272.0	.
905258	  436.3	  584.7	  273.0	.
ESACC L  905216	905258	44	  962.6	  551.4	  435.5	  585.2	  12.95	    436
SFIX L   905260
905260	  435.9	  584.9	  274.0	.
905262	  436.1	  585.1	  274.0	.
905264	  435.4	  585.3	  274.0	.
905266	  435.6	  585.4	  276.0	.
905268	  434.7	  585.4	  277.0	.
905270	  433.9	  585.6	  277.0	.
905272	  434.3	  585.6	  276.0	.
905274	  434.5	  586.6	  275.0	.
905276	  434.6	  586.1	  275.0	.
905278	  436.0	  586.3	  275.0	.
905280	  435.2	  586.0	  275.0	.
905282	  435.4	  585.7	  275.0	.
905284	  434.7	  585.9	  275.0	.
905286	  434.2	  586.1	  275.0	.
905288	  433.6	  586.4	  275.0	.
905290	  433.0	  586.5	  276.0	.
905292	  433.4	  585.9	  276.0	.
905294	  433.0	  585.8	  277.0	.
905296	  433.2	  585.6	  277.0	.
905298	  433.4	  584.0	  278.0	.
905300	  434.2	  583.8	  278.0	.
905302	  434.2	  583.7	  278.0	.
905304	  434.3	  584.0	  278.0	.
905306	  433.5	  583.4	  277.0	.
905308	  433.6	  583.9	  276.0	.
905310	  433.6	  584.1	  276.0	.
905312	  432.9	  584.2	  276.0	.
905314	  432.2	  583.2	  277.0	.
905316	  432.3	  583.3	  277.0	.
905318	  432.1	  583.2	  277.0	.
905320	  431.9	  583.4	  277.0	.
905322	  431.7	  583.5	  278.0	.
905324	  431.6	  583.5	  278.0	.
905326	  431.2	  583.1	  278.0	.
905328	  430.9	  583.2	  278.0	.
905330	  430.1	  582.6	  278.0	.
905332	  429.4	  582.6	  278.0	.
905334	  430.0	  582.5	  279.0	.
905336	  430.1	  582.0	  280.0	.
905338	  430.3	  582.5	  280.0	.
905340	  430.0	  583.1	  280.0	.
905342	  429.7	  583.2	  280.0	.
905344	  429.8	  583.1	  280.0	.
905346	  429.8	  582.9	  280.0	.
905348	  429.8	  582.5	  280.0	.
905350	  429.7	  582.2	  279.0	.
905352	  429.6	  582.6	  279.0	.
905354	  429.5	  583.0	  280.0	.
905356	  429.5	  583.0	  280.0	.
905358	  429.5	  583.0	  280.0	.
905360	  429.6	  583.0	  279.0	.
905362	  429.6	  583.0	  279.0	.
905364	  429.4	  583.0	  279.0	.
905366	  429.5	  581.4	  279.0	.
905368	  429.6	  581.4	  279.0	.
905370	  429.6	  582.2	  279.0	.
905372	  429.7	  583.0	  280.0	.
905374	  429.7	  583.0	  280.0	.
905376	  430.0	  582.0	  280.0	.
905378	  430.2	  582.6	  280.0	.
905380	  430.2	  582.7	  281.0	.
905382	  430.3	  582.9	  282.0	.
905384	  430.7	  583.2	  282.0	.
905386	  430.4	  583.1	  282.0	.
905388	  430.0	  583.2	  282.0	.
905390	  428.8	  583.0	  281.0	.
905392	  428.4	  583.2	  281.0	.
905394	  428.2	  583.4	  281.0	.
905396	  428.7	  583.4	  281.0	.
905398	  429.4	  583.4	  282.0	.
905400	  429.6	  583.0	  282.0	.
905402	  429.8	  582.6	  283.0	.
905404	  430.6	  583.0	  283.0	.
905406	  430.7	  583.4	  283.0	.
905408	  430.8	  583.2	  283.0	.
905410	  430.5	  583.2	  282.0	.
905412	  430.2	  583.2	  282.0	.
905414	  429.9	  583.4	  281.0	.
905416	  429.7	  583.0	  281.0	.
905418	  429.7	  582.7	  281.0	.
905420	  429.7	  582.3	  281.0	.
905422	  429.6	  582.0	  282.0	.
905424	  429.3	  581.0	  282.0	.
905426	  429.3	  581.3	  283.0	.
905428	  429.9	  581.6	  283.0	.
905430	  430.0	  582.5	  283.0	.
905432	  430.0	  582.7	  284.0	.
905434	  430.3	  582.9	  284.0	.
905436	  430.5	  583.5	  284.0	.
905438	  432.3	  583.6	  284.0	.
905440	  432.8	  583.3	  283.0	.
905442	  432.9	  583.0	  284.0	.
905444	  432.7	  583.1	  284.0	.
905446	  432.5	  582.7	  284.0	.
905448	  433.1	  582.2	  284.0	.
905450	  432.7	  582.6	  284.0	.
905452	  432.3	  582.9	  285.0	.
905454	  432.3	  583.7	  285.0	.
905456	  433.5	  583.9	  285.0	.
905458	  434.1	  583.4	  285.0	.
905460	  434.2	  583.0	  285.0	.
905462	  433.8	  583.5	  286.0	.
905464	  433.8	  583.5	  288.0	.
905466	  434.0	  583.5	  288.0	.
905468	  433.9	  584.0	  288.0	.
905470	  433.9	  584.1	  288.0	.
905472	  433.5	  584.2	  288.0	.
905474	  433.5	  583.4	  287.0	.
905476	  433.4	  583.1	  287.0	.
905478	  433.4	  583.0	  287.0	.
905480	  433.2	  583.5	  287.0	.
905482	  432.2	  584.2	  287.0	.
905484	  431.8	  584.5	  287.0	.
905486	  431.9	  584.5	  287.0	.
905488	  431.9	  582.1	  290.0	.
905490	  432.4	  582.6	  291.0	.
905492	  432.4	  583.1	  291.0	.
905494	  432.4	  583.3	  292.0	.
905496	  432.9	  583.1	  292.0	.
905498	  432.2	  583.1	  295.0	.
905500	  432.3	  583.0	  295.0	.
905502	  431.4	  583.1	  295.0	.
905504	  430.7	  583.6	  291.0	.
905506	  430.1	  584.3	  291.0	.
905508	  430.7	  584.6	  292.0	.
905510	  431.0	  584.8	  292.0	.
905512	  431.3	  584.8	  291.0	.
905514	  431.1	  585.2	  291.0	.
905516	  431.5	  585.4	  292.0	.
905518	  430.6	  585.3	  292.0	.
905520	  430.8	  585.6	  292.0	.
905522	  431.2	  586.1	  292.0	.
905524	  431.9	  586.4	  292.0	.
905526	  432.1	  586.2	  292.0	.
EFIX L   905260	905526	268	  431.7	  583.6	    282
SSACC L  905528
905528	  433.5	  585.8	  292.0	.
905530	  442.7	  587.5	  292.0	.
905532	  466.4	  588.4	  294.0	.
905534	  489.6	  587.5	  296.0	.
905536	  517.4	  586.2	  296.0	.
905538	  554.2	  588.4	  296.0	.
905540	  603.3	  590.6	  297.0	.
905542	  645.2	  593.6	  299.0	.
905544	  695.6	  596.7	  299.0	.
905546	  743.9	  600.3	  300.0	.
905548	  803.3	  603.9	  298.0	.
905550	  849.7	  608.6	  297.0	.
905552	  898.4	  610.8	  297.0	.
905554	  949.8	  628.2	  298.0	.
905556	 1006.8	  622.8	  298.0	.
905558	 1059.9	  625.6	  298.0	.
905560	 1107.2	  625.2	  298.0	.
905562	 1154.9	  625.3	  298.0	.
905564	 1206.4	  620.1	  298.0	.
905566	 1253.5	  617.2	  298.0	.
905568	 1305.5	  621.2	  300.0	.
905570	 1351.5	  625.2	  300.0	.
905572	 1397.3	  627.1	  298.0	.
905574	 1429.3	  628.1	  297.0	.
905576	 1461.4	  626.1	  295.0	.
905578	 1490.0	  625.8	  291.0	.
905580	 1512.0	  630.0	  290.0	.
905582	 1537.8	  624.4	  290.0	.
905584	 1553.7	  621.7	  290.0	.
905586	 1555.4	  621.4	  292.0	.
905588	 1555.8	  620.2	  292.0	.
905590	 1554.4	  619.5	  295.0	.
ESACC L  905528	905590	64	  433.5	  585.8	 1555.8	  620.2	  26.77	    658
SFIX L   905592
905592	 1553.0	  615.6	  296.0	.
905594	 1547.5	  614.9	  296.0	.
905596	 1546.6	  612.7	  296.0	.
905598	 1545.7	  612.6	  296.0	.
905600	 1545.9	  612.6	  296.0	.
905602	 1546.4	  612.5	  297.0	.
905604	 1547.2	  612.4	  297.0	.
905606	 1547.5	  611.6	  296.0	.
905608	 1548.0	  611.7	  296.0	.
905610	 1549.3	  610.7	  296.0	.
905612	 1549.9	  611.6	  296.0	.
905614	 1550.0	  611.2	  296.0	.
905616	 1549.5	  611.8	  296.0	.
905618	 1548.7	  612.3	  296.0	.
905620	 1548.8	  611.1	  296.0	.
905622	 1548.8	  609.9	  296.0	.
905624	 1547.9	  609.0	  296.0	.
905626	 1548.1	  608.7	  295.0	.
905628	 1547.2	  609.6	  295.0	.
905630	 1546.1	  609.3	  295.0	.
905632	 1545.4	  609.0	  295.0	.
905634	 1544.7	  608.9	  297.0	.
905636	 1544.9	  608.5	  298.0	.
905638	 1544.7	  607.9	  299.0	.
905640	 1544.7	  607.9	  299.0	.
905642	 1544.6	  607.7	  299.0	.
905644	 1544.8	  609.2	  299.0	.
905646	 1543.9	  609.2	  299.0	.
905648	 1543.8	  609.1	  299.0	.
905650	 1543.5	  608.6	  300.0	.
905652	 1542.6	  608.5	  300.0	.
905654	 1542.7	  607.8	  301.0	.
905656	 1542.9	  607.2	  301.0	.
905658	 1542.7	  606.0	  301.0	.
905660	 1542.6	  605.0	  301.0	.
905662	 1542.5	  604.5	  302.0	.
905664	 1542.4	  604.1	  304.0	.
905666	 1542.2	  603.2	  304.0	.
905668	 1542.0	  603.4	  304.0	.
905670	 1540.9	  602.7	  304.0	.
905672	 1540.7	  603.9	  304.0	.
905674	 1540.6	  605.0	  304.0	.
905676	 1540.3	  606.4	  304.0	.
905678	 1540.0	  607.7	  304.0	.
905680	 1539.8	  607.0	  304.0	.
905682	 1539.6	  606.2	  305.0	.
905684	 1539.9	  604.1	  306.0	.
905686	 1540.0	  603.6	  306.0	.
905688	 1540.0	  603.2	  306.0	.
905690	 1539.8	  601.0	  308.0	.
905692	 1539.5	  600.5	  309.0	.
905694	 1539.2	  599.9	  309.0	.
905696	 1538.8	  599.3	  308.0	.
905698	 1539.3	  599.3	  308.0	.
905700	 1539.6	  599.4	  308.0	.
905702	 1540.1	  600.3	  308.0	.
905704	 1540.0	  600.6	  308.0	.
905706	 1540.0	  600.5	  308.0	.
905708	 1539.8	  601.0	  308.0	.
905710	 1539.8	  601.5	  308.0	.
905712	 1539.0	  600.8	  308.0	.
905714	 1539.1	  600.5	  308.0	.
905716	 1538.9	  600.5	  308.0	.
905718	 1539.0	  600.6	  309.0	.
905720	 1538.8	  599.9	  309.0	.
905722	 1539.0	  599.8	  309.0	.
905724	 1538.4	  599.9	  308.0	.
905726	 1538.3	  599.4	  308.0	.
905728	 1538.0	  599.2	  308.0	.
905730	 1535.7	  599.9	  309.0	.
905732	 1535.1	  600.1	  308.0	.
905734	 1535.4	  599.7	  308.0	.
905736	 1535.5	  599.5	  309.0	.
905738	 1535.7	  599.3	  310.0	.
905740	 1535.4	  598.8	  311.0	.
905742	 1535.4	  599.7	  311.0	.
905744	 1536.2	  600.2	  310.0	.
905746	 1537.3	  602.2	  310.0	.
905748	 1536.5	  603.0	  310.0	.
905750	 1536.5	  603.0	  310.0	.
905752	 1536.4	  602.4	  309.0	.
905754	 1535.7	  602.1	  309.0	.
905756	 1534.8	  600.8	  310.0	.
905758	 1534.3	  599.5	  310.0	.
905760	 1533.9	  599.1	  311.0	.
905762	 1533.3	  598.8	  311.0	.
905764	 1532.7	  598.6	  311.0	.
905766	 1533.3	  599.0	  311.0	.
905768	 1533.2	  599.0	  311.0	.
905770	 1533.5	  600.3	  311.0	.
905772	 1533.7	  599.8	  311.0	.
905774	 1534.2	  599.5	  311.0	.
EFIX L   905592	905774	184	 1541.2	  604.7	    304
SSACC L  905776
905776	 1537.5	  598.4	  312.0	.
905778	 1545.7	  594.9	  312.0	.
905780	 1554.5	  592.2	  312.0	.
905782	 1562.9	  589.7	  312.0	.
905784	 1571.7	  588.1	  313.0	.
905786	 1572.7	  588.0	  312.0	.
905788	 1573.2	  587.7	  312.0	.
905790	 1571.6	  588.2	  312.0	.
ESACC L  905776	905790	16	 1537.5	  598.4	 1573.2	  587.7	   0.91	    109
SFIX L   905792
905792	 1569.8	  587.1	  312.0	.
905794	 1567.6	  588.1	  312.0	.
905796	 1565.3	  587.5	  312.0	.
905798	 1564.1	  587.5	  312.0	.
905800	 1563.9	  587.1	  312.0	.
905802	 1564.1	  587.2	  313.0	.
905804	 1563.9	  587.5	  313.0	.
905806	 1563.8	  588.7	  308.0	.
905808	 1564.1	  588.5	  308.0	.
905810	 1564.3	  588.3	  309.0	.
905812	 1564.3	  587.7	  309.0	.
905814	 1563.6	  587.4	  309.0	.
905816	 1563.7	  587.0	  309.0	.
905818	 1563.3	  586.4	  309.0	.
905820	 1562.9	  586.5	  310.0	.
905822	 1562.0	  586.8	  310.0	.
905824	 1562.4	  586.4	  310.0	.
905826	 1562.7	  586.0	  310.0	.
905828	 1563.6	  586.0	  311.0	.
905830	 1563.7	  585.3	  311.0	.
905832	 1563.5	  585.8	  311.0	.
905834	 1563.8	  585.8	  310.0	.
905836	 1562.9	  586.1	  309.0	.
905838	 1562.5	  586.2	  309.0	.
905840	 1562.6	  586.6	  309.0	.
905842	 1562.6	  586.8	  309.0	.
905844	 1562.5	  586.9	  309.0	.
905846	 1562.3	  586.9	  309.0	.
905848	 1562.1	  586.9	  309.0	.
905850	 1562.4	  586.7	  310.0	.
905852	 1562.7	  586.5	  310.0	.
905854	 1562.8	  586.7	  310.0	.
905856	 1562.9	  586.4	  310.0	.
905858	 1563.2	  586.1	  310.0	.
905860	 1563.3	  585.4	  310.0	.
905862	 1563.2	  584.9	  311.0	.
905864	 1563.8	  584.9	  310.0	.
905866	 1563.6	  584.1	  310.0	.
905868	 1563.5	  583.4	  310.0	.
905870	 1563.6	  583.3	  310.0	.
905872	 1563.7	  583.2	  310.0	.
905874	 1563.7	  583.6	  310.0	.
905876	 1563.9	  584.1	  310.0	.
905878	 1563.9	  585.8	  310.0	.
905880	 1564.2	  585.7	  310.0	.
905882	 1563.7	  586.2	  309.0	.
905884	 1563.1	  585.4	  309.0	.
905886	 1562.9	  584.4	  310.0	.
905888	 1563.0	  584.3	  310.0	.
905890	 1562.7	  584.3	  311.0	.
905892	 1562.4	  584.2	  311.0	.
905894	 1562.7	  583.9	  311.0	.
905896	 1562.6	  583.4	  311.0	.
905898	 1562.9	  583.9	  311.0	.
905900	 1562.9	  584.7	  311.0	.
905902	 1562.8	  583.5	  311.0	.
905904	 1562.6	  582.3	  311.0	.
905906	 1563.0	  581.9	  311.0	.
905908	 1562.9	  581.7	  309.0	.
905910	 1562.9	  581.5	  309.0	.
905912	 1562.5	  581.7	  308.0	.
905914	 1562.9	  581.0	  308.0	.
905916	 1563.4	  580.9	  309.0	.
905918	 1563.7	  581.0	  309.0	.
905920	 1563.6	  581.2	  309.0	.
905922	 1563.4	  580.7	  310.0	.
905924	 1563.6	  581.4	  310.0	.
905926	 1563.8	  581.5	  307.0	.
905928	 1563.7	  581.6	  307.0	.
905930	 1563.7	  582.6	  309.0	.
905932	 1563.5	  582.4	  309.0	.
905934	 1563.2	  582.3	  309.0	.
905936	 1563.1	  583.5	  308.0	.
905938	 1563.0	  583.5	  308.0	.
905940	 1563.0	  583.4	  308.0	.
905942	 1563.3	  583.9	  308.0	.
905944	 1563.3	  582.9	  308.0	.
905946	 1563.3	  582.0	  307.0	.
905948	 1563.3	  581.4	  307.0	.
905950	 1563.0	  581.0	  308.0	.
905952	 1562.8	  580.5	  307.0	.
905954	 1563.2	  580.5	  307.0	.
905956	 1563.2	  580.6	  307.0	.
905958	 1563.2	  580.0	  308.0	.
905960	 1563.0	  580.5	  309.0	.
905962	 1562.6	  580.3	  309.0	.
905964	 1562.8	  580.5	  309.0	.
905966	 1562.7	  580.9	  309.0	.
905968	 1562.7	  581.8	  309.0	.
905970	 1562.7	  581.8	  309.0	.
905972	 1562.7	  582.2	  309.0	.
905974	 1562.5	  582.1	  309.0	.
905976	 1562.7	  581.8	  309.0	.
905978	 1562.1	  581.7	  309.0	.
905980	 1561.5	  581.7	  309.0	.
905982	 1561.2	  581.6	  309.0	.
905984	 1560.9	  582.1	  309.0	.
905986	 1560.3	  581.5	  309.0	.
905988	 1560.3	  581.6	  310.0	.
905990	 1560.2	  581.9	  310.0	.
905992	 1560.6	  581.2	  310.0	.
905994	 1560.1	  581.2	  309.0	.
905996	 1560.1	  581.2	  309.0	.
905998	 1560.1	  581.1	  309.0	.
906000	 1559.5	  581.7	  310.0	.
906002	 1559.9	  581.9	  309.0	.
906004	 1559.5	  582.9	  309.0	.
906006	 1559.9	  584.3	  308.0	.
906008	 1560.4	  584.8	  308.0	.
906010	 1560.2	  584.8	  307.0	.
906012	 1560.2	  585.0	  307.0	.
906014	 1560.2	  585.1	  307.0	.
906016	 1559.4	  585.6	  307.0	.
906018	 1558.7	  586.9	  307.0	.
906020	 1559.5	  587.1	  307.0	.
906022	 1558.6	  587.8	  307.0	.
906024	 1558.7	  589.0	  307.0	.
906026	 1559.0	  589.7	  307.0	.
906028	 1559.1	  589.7	  311.0	.
906030	 1559.1	  589.7	  311.0	.
906032	 1560.5	  589.7	  311.0	.
906034	 1560.4	  589.7	  311.0	.
906036	 1560.9	  590.6	  309.0	.
906038	 1561.4	  591.5	  309.0	.
906040	 1561.7	  591.5	  309.0	.
906042	 1561.9	  590.4	  309.0	.
906044	 1562.2	  589.3	  309.0	.
906046	 1562.2	  588.3	  309.0	.
906048	 1562.1	  588.2	  309.0	.
906050	 1562.3	  588.4	  308.0	.
906052	 1562.4	  588.1	  309.0	.
906054	 1562.8	  587.8	  308.0	.
906056	 1562.7	  587.2	  308.0	.
906058	 1562.6	  586.1	  309.0	.
906060	 1563.3	  585.9	  310.0	.
906062	 1563.3	  585.9	  310.0	.
906064	 1563.3	  585.4	  310.0	.
906066	 1562.6	  586.0	  310.0	.
906068	 1562.6	  586.1	  310.0	.
906070	 1562.5	  586.2	  310.0	.
906072	 1562.0	  586.4	  310.0	.
906074	 1561.9	  585.9	  310.0	.
906076	 1561.8	  585.4	  310.0	.
906078	 1559.9	  586.3	  310.0	.
906080	 1559.4	  586.8	  310.0	.
906082	 1559.6	  587.8	  312.0	.
906084	 1559.5	  588.0	  312.0	.
906086	 1559.4	  588.1	  312.0	.
906088	 1559.2	  588.0	  313.0	.
906090	 1559.0	  588.8	  315.0	.
906092	 1559.3	  589.6	  315.0	.
906094	 1557.4	  590.2	  314.0	.
906096	 1556.9	  590.4	  313.0	.
906098	 1556.4	  591.6	  313.0	.
906100	 1555.7	  592.0	  310.0	.
906102	 1556.8	  591.4	  308.0	.
906104	 1558.0	  590.8	  308.0	.
906106	 1557.6	  591.3	  309.0	.
906108	 1557.2	  591.6	  310.0	.
906110	 1557.2	  592.5	  310.0	.
906112	 1557.2	  592.5	  310.0	.
906114	 1557.1	  592.9	  310.0	.
906116	 1557.2	  593.1	  310.0	.
906118	 1556.4	  594.1	  311.0	.
906120	 1557.0	  593.5	  312.0	.
906122	 1557.7	  593.8	  311.0	.
906124	 1557.8	  593.5	  310.0	.
906126	 1557.8	  594.2	  310.0	.
906128	 1557.5	  595.0	  311.0	.
906130	 1557.0	  594.8	  314.0	.
906132	 1557.4	  594.3	  314.0	.
906134	 1556.7	  594.1	  313.0	.
906136	 1556.1	  593.8	  313.0	.
906138	 1556.6	  592.4	  313.0	.
906140	 1556.5	  592.7	  313.0	.
906142	 1556.1	  592.0	  313.0	.
906144	 1556.4	  592.4	  313.0	.
906146	 1556.4	  591.4	  313.0	.
906148	 1556.0	  591.3	  313.0	.
906150	 1555.6	  591.3	  313.0	.
906152	 1555.7	  590.5	  313.0	.
906154	 1554.9	  591.1	  315.0	.
906156	 1555.1	  590.8	  315.0	.
906158	 1555.3	  590.7	  315.0	.
906160	 1555.3	  590.8	  315.0	.
906162	 1555.3	  591.1	  315.0	.
906164	 1555.3	  589.9	  315.0	.
906166	 1555.2	  588.9	  315.0	.
906168	 1555.3	  589.7	  316.0	.
906170	 1555.5	  590.7	  316.0	.
906172	 1555.3	  593.3	  316.0	.
906174	 1555.1	  592.9	  316.0	.
906176	 1554.9	  592.7	  316.0	.
906178	 1553.5	  593.3	  315.0	.
EFIX L   905792	906178	388	 1561.1	  586.5	    310
SSACC L  906180
906180	 1551.9	  592.5	  315.0	.
906182	 1550.7	  591.7	  315.0	.
906184	 1530.4	  595.3	  315.0	.
906186	 1520.5	  596.4	  317.0	.
906188	 1493.0	  603.0	  318.0	.
906190	 1460.0	  605.7	  319.0	.
906192	 1425.9	  607.5	  324.0	.
906194	 1383.4	  606.9	  327.0	.
906196	 1346.7	  607.2	  330.0	.
906198	 1302.8	  597.5	  330.0	.
906200	 1258.3	  585.1	  330.0	.
906202	 1220.3	  590.7	  330.0	.
906204	 1181.4	  595.9	  331.0	.
906206	 1146.3	  590.7	  331.0	.
906208	 1114.1	  590.8	  331.0	.
906210	 1084.5	  585.8	  331.0	.
906212	 1058.2	  586.1	  331.0	.
906214	 1027.2	  588.9	  331.0	.
906216	 1009.1	  586.7	  331.0	.
906218	  991.2	  584.8	  330.0	.
906220	  978.4	  586.4	  330.0	.
906222	  970.7	  587.2	  330.0	.
906224	  969.8	  586.2	  330.0	.
906226	  970.0	  586.2	  331.0	.
ESACC L  906180	906226	48	 1551.9	  592.5	  969.8	  586.2	  14.41	    534
SFIX L   906228
906228	  970.1	  586.2	  331.0	.
906230	  969.8	  583.1	  331.0	.
MSG	906232 TRIAL 17 END
