MSG	915447 TRIAL 19 START
MSG	916740 DRIFTCORRECT L LEFT  at 960,540  OFFSET 0.71 deg.  8.7,-23.9 pix.
MSG	917487 RECCFG P 500 2 1 
MSG	917487 GAZE_COORDS 0.00 0.00 1919.00 1079.00
START	917488 	LEFT	SAMPLES	EVENTS
PRESCALER	1
VPRESCALER	1
PUPIL	AREA
EVENTS	GAZE	LEFT	RATE	 500.00	TRACKING	P	FILTER	2
SAMPLES	GAZE	LEFT	RATE	 500.00	TRACKING	P	FILTER	2
MSG	917488 !MODE RECORD P 500 2 1
917488	  851.5	  494.8	  407.0	.
917490	  850.8	  494.6	  407.0	.
917492	  850.1	  494.6	  407.0	.
917494	  850.8	  493.3	  408.0	.
SFIX L   917496
917496	  850.8	  492.9	  409.0	.
917498	  850.4	  493.0	  416.0	.
917500	  850.8	  489.5	  416.0	.
917502	  850.7	  490.0	  415.0	.
917504	  850.5	  490.4	  415.0	.
917506	  851.2	  492.0	  415.0	.
917508	  851.8	  492.1	  415.0	.
917510	  852.2	  491.7	  415.0	.
917512	  852.7	  491.1	  416.0	.
917514	  852.9	  489.9	  417.0	.
917516	  853.0	  492.1	  416.0	.
917518	  852.9	  489.7	  418.0	.
917520	  852.8	  487.2	  417.0	.
917522	  851.3	  490.4	  417.0	.
917524	  852.2	  493.2	  415.0	.
917526	  852.4	  491.1	  415.0	.
917528	  852.3	  491.8	  415.0	.
917530	  852.8	  489.0	  415.0	.
917532	  851.4	  488.0	  415.0	.
917534	  851.5	  487.7	  415.0	.
917536	  851.6	  487.2	  415.0	.
917538	  851.4	  484.8	  415.0	.
917540	  851.5	  488.2	  413.0	.
917542	  851.5	  488.8	  414.0	.
917544	  850.7	  489.4	  415.0	.
917546	  849.9	  493.1	  414.0	.
917548	  849.9	  492.1	  416.0	.
917550	  849.8	  492.9	  416.0	.
917552	  848.4	  493.8	  416.0	.
917554	  849.3	  490.9	  416.0	.
917556	  849.6	  490.2	  415.0	.
917558	  849.7	  490.6	  415.0	.
917560	  849.9	  489.5	  415.0	.
917562	  849.9	  488.5	  417.0	.
917564	  850.0	  492.2	  414.0	.
917566	  849.9	  495.9	  415.0	.
917568	  849.6	  494.9	  415.0	.
917570	  849.7	  496.4	  415.0	.
917572	  849.8	  494.7	  416.0	.
917574	  850.3	  492.9	  416.0	.
917576	  849.2	  494.2	  416.0	.
917578	  847.9	  494.8	  417.0	.
917580	  846.9	  494.8	  420.0	.
917582	  846.5	  496.0	  421.0	.
917584	  846.5	  493.9	  422.0	.
917586	  846.3	  491.9	  424.0	.
917588	  845.0	  494.0	  427.0	.
917590	  844.8	  492.8	  427.0	.
917592	  844.9	  492.7	  427.0	.
917594	  843.8	  493.4	  427.0	.
917596	  844.6	  492.1	  426.0	.
MSG	917598 Start Recording with 0
MSG	917598 SYNCTIME
917598	  844.3	  490.9	  426.0	.
917600	  844.4	  493.2	  426.0	.
917602	  844.0	  492.9	  426.0	.
917604	  843.9	  492.6	  427.0	.
917606	  842.2	  495.0	  426.0	.
917608	  842.8	  492.4	  427.0	.
917610	  843.1	  490.0	  427.0	.
917612	  842.9	  488.8	  427.0	.
917614	  843.4	  487.6	  426.0	.
917616	  843.1	  485.3	  427.0	.
MSG	917618 DSP: FIXATION
917618	  842.6	  485.8	  425.0	.
917620	  843.4	  484.9	  424.0	.
917622	  843.2	  484.1	  424.0	.
917624	  843.6	  484.8	  424.0	.
917626	  843.7	  482.2	  425.0	.
917628	  844.3	  479.6	  426.0	.
917630	  844.2	  480.0	  426.0	.
917632	  844.2	  479.8	  426.0	.
917634	  844.3	  479.5	  426.0	.
917636	  844.4	  482.7	  426.0	.
917638	  844.3	  482.1	  425.0	.
917640	  844.2	  486.5	  425.0	.
917642	  843.6	  486.7	  421.0	.
917644	  844.2	  484.6	  423.0	.
917646	  843.9	  482.6	  425.0	.
917648	  843.8	  485.3	  425.0	.
917650	  844.8	  483.1	  426.0	.
917652	  844.4	  482.9	  426.0	.
917654	  843.9	  482.8	  426.0	.
917656	  844.4	  481.7	  427.0	.
917658	  845.0	  480.7	  428.0	.
917660	  844.0	  481.4	  427.0	.
917662	  844.3	  479.5	  427.0	.
917664	  843.9	  477.6	  427.0	.
917666	  843.5	  473.3	  428.0	.
917668	  843.5	  473.3	  428.0	.
917670	  841.6	  476.0	  426.0	.
917672	  841.6	  478.3	  426.0	.
917674	  842.4	  478.4	  426.0	.
917676	  842.0	  477.3	  425.0	.
917678	  842.1	  478.0	  426.0	.
917680	  842.2	  478.6	  426.0	.
917682	  842.5	  478.3	  426.0	.
917684	  842.5	  480.0	  425.0	.
917686	  842.6	  478.7	  425.0	.
917688	  843.8	  478.0	  425.0	.
917690	  845.1	  477.6	  426.0	.
917692	  845.0	  477.6	  426.0	.
917694	  844.9	  476.1	  426.0	.
917696	  843.8	  478.3	  426.0	.
917698	  843.8	  475.9	  426.0	.
917700	  843.8	  473.4	  427.0	.
917702	  843.8	  471.8	  430.0	.
917704	  843.7	  470.9	  430.0	.
917706	  843.4	  470.6	  429.0	.
917708	  843.0	  473.4	  429.0	.
917710	  844.3	  470.4	  426.0	.
917712	  843.4	  469.7	  426.0	.
917714	  843.9	  470.0	  425.0	.
917716	  843.0	  470.4	  424.0	.
917718	  842.1	  470.6	  422.0	.
917720	  841.9	  476.4	  422.0	.
917722	  841.7	  473.7	  422.0	.
917724	  841.5	  471.0	  423.0	.
917726	  841.5	  470.5	  424.0	.
917728	  841.5	  470.0	  425.0	.
917730	  840.8	  467.4	  425.0	.
917732	  840.2	  467.7	  425.0	.
917734	  840.3	  466.6	  421.0	.
917736	  840.0	  467.9	  420.0	.
917738	  839.7	  469.2	  419.0	.
917740	  838.9	  469.8	  418.0	.
917742	  838.8	  469.9	  417.0	.
917744	  838.8	  470.0	  416.0	.
917746	  837.4	  469.5	  415.0	.
917748	  837.1	  470.4	  414.0	.
917750	  836.7	  471.3	  414.0	.
917752	  837.5	  468.7	  415.0	.
917754	  836.8	  469.8	  415.0	.
917756	  836.2	  470.8	  415.0	.
917758	  838.6	  466.1	  418.0	.
917760	  838.1	  467.3	  417.0	.
917762	  837.6	  468.6	  416.0	.
917764	  839.5	  466.2	  417.0	.
917766	  839.5	  467.6	  417.0	.
917768	  839.7	  468.8	  417.0	.
917770	  837.9	  473.7	  417.0	.
917772	  836.9	  474.6	  416.0	.
917774	  836.6	  475.5	  415.0	.
917776	  836.5	  477.3	  414.0	.
917778	  835.9	  477.1	  414.0	.
917780	  835.6	  476.9	  414.0	.
917782	  836.2	  475.7	  414.0	.
EFIX L   917496	917782	288	  844.8	  482.7	    421
SSACC L  917784
917784	  837.0	  474.4	  414.0	.
917786	  840.6	  477.1	  413.0	.
917788	  845.7	  476.3	  411.0	.
917790	  853.1	  475.2	  411.0	.
917792	  870.6	  475.1	  411.0	.
917794	  882.9	  471.2	  412.0	.
917796	  899.2	  466.8	  414.0	.
917798	  910.4	  467.7	  412.0	.
917800	  920.3	  464.7	  411.0	.
917802	  922.9	  462.7	  412.0	.
917804	  924.4	  462.8	  411.0	.
917806	  925.7	  461.7	  411.0	.
ESACC L  917784	917806	24	  837.0	  474.4	  924.4	  462.8	   2.24	    174
SFIX L   917808
917808	  926.3	  460.8	  411.0	.
917810	  926.2	  459.9	  411.0	.
917812	  926.9	  459.0	  411.0	.
917814	  925.8	  455.8	  411.0	.
917816	  925.1	  457.6	  410.0	.
917818	  922.7	  459.5	  410.0	.
917820	  922.9	  458.4	  408.0	.
917822	  923.3	  461.7	  406.0	.
917824	  924.7	  460.4	  405.0	.
917826	  924.9	  459.2	  406.0	.
917828	  925.0	  458.6	  406.0	.
917830	  926.4	  457.7	  407.0	.
917832	  926.7	  460.6	  406.0	.
917834	  926.2	  463.5	  404.0	.
917836	  926.6	  461.3	  403.0	.
917838	  926.9	  461.9	  403.0	.
917840	  926.9	  462.9	  403.0	.
917842	  927.8	  459.9	  403.0	.
917844	  929.0	  457.2	  405.0	.
917846	  927.8	  459.1	  402.0	.
EFIX L   917808	917846	40	  926.0	  459.7	    407
SSACC L  917848
917848	  930.0	  454.9	  405.0	.
917850	  929.5	  459.7	  402.0	.
917852	  929.2	  464.7	  400.0	.
917854	  929.0	  471.3	  393.0	.
917856	  928.9	  478.0	  392.0	.
917858	  927.4	  480.4	  392.0	.
917860	  927.6	  479.6	  391.0	.
917862	  927.8	  478.6	  392.0	.
917864	  927.6	  480.4	  392.0	.
917866	  927.8	  480.6	  391.0	.
917868	  926.6	  481.1	  391.0	.
917870	  926.4	  494.0	  391.0	.
917872	  926.5	  499.9	  386.0	.
917874	  926.8	  495.3	  387.0	.
ESACC L  917848	917874	28	  930.0	  454.9	  926.5	  499.9	   1.28	     82
SFIX L   917876
917876	  927.2	  499.8	  383.0	.
917878	  927.4	  500.0	  382.0	.
917880	  928.1	  498.0	  381.0	.
917882	  928.2	  502.6	  381.0	.
917884	  929.7	  507.2	  375.0	.
917886	  930.2	  510.9	  370.0	.
917888	  930.7	  514.6	  370.0	.
917890	  931.2	  515.1	  370.0	.
917892	  931.7	  515.8	  369.0	.
917894	  932.7	  521.5	  369.0	.
917896	  933.5	  522.8	  368.0	.
917898	  934.1	  524.0	  367.0	.
917900	  934.5	  525.0	  366.0	.
917902	  934.1	  523.5	  366.0	.
917904	  934.3	  524.0	  366.0	.
917906	  934.7	  524.3	  365.0	.
917908	  935.9	  526.6	  365.0	.
917910	  936.0	  528.7	  364.0	.
917912	  936.0	  528.4	  363.0	.
917914	  935.8	  528.1	  362.0	.
917916	  935.8	  527.4	  361.0	.
917918	  936.0	  527.4	  361.0	.
917920	  936.4	  527.4	  361.0	.
917922	  936.7	  527.3	  358.0	.
917924	  936.8	  527.4	  358.0	.
917926	  937.0	  526.3	  358.0	.
917928	  937.6	  526.7	  351.0	.
917930	  938.0	  526.3	  350.0	.
917932	  938.2	  526.4	  350.0	.
917934	  939.6	  526.4	  350.0	.
917936	  940.8	  526.1	  348.0	.
917938	  941.3	  525.9	  348.0	.
917940	  941.5	  525.4	  348.0	.
917942	  941.6	  524.7	  346.0	.
917944	  941.8	  526.1	  345.0	.
917946	  942.1	  527.4	  345.0	.
917948	  943.4	  527.7	  342.0	.
917950	  943.8	  527.4	  342.0	.
917952	  943.9	  527.1	  341.0	.
917954	  943.8	  526.7	  340.0	.
917956	  943.5	  526.8	  339.0	.
917958	  943.3	  526.8	  338.0	.
917960	  942.9	  526.8	  338.0	.
917962	  943.2	  526.7	  338.0	.
917964	  943.2	  526.3	  338.0	.
917966	  943.2	  527.2	  336.0	.
917968	  942.8	  526.6	  336.0	.
917970	  942.6	  527.2	  335.0	.
917972	  942.9	  527.5	  335.0	.
917974	  942.5	  527.4	  334.0	.
917976	  942.0	  527.5	  333.0	.
917978	  942.2	  527.5	  333.0	.
917980	  942.1	  527.8	  333.0	.
917982	  942.4	  531.3	  329.0	.
917984	  941.9	  531.1	  329.0	.
917986	  941.9	  530.9	  328.0	.
917988	  941.8	  531.1	  328.0	.
917990	  942.2	  530.7	  327.0	.
917992	  942.4	  531.1	  327.0	.
917994	  942.7	  531.5	  327.0	.
917996	  943.1	  532.0	  325.0	.
917998	  943.6	  531.4	  325.0	.
918000	  944.4	  531.5	  325.0	.
918002	  945.3	  531.0	  324.0	.
918004	  945.5	  530.4	  323.0	.
918006	  945.9	  531.6	  321.0	.
918008	  947.2	  530.5	  321.0	.
918010	  947.9	  530.6	  321.0	.
918012	  948.3	  530.8	  320.0	.
918014	  949.1	  531.9	  319.0	.
918016	  949.0	  532.0	  319.0	.
918018	  950.0	  533.0	  318.0	.
918020	  950.0	  532.4	  316.0	.
918022	  949.7	  531.9	  315.0	.
918024	  950.1	  531.8	  314.0	.
918026	  949.7	  529.9	  312.0	.
918028	  949.2	  528.0	  312.0	.
918030	  949.0	  526.5	  311.0	.
918032	  948.8	  525.1	  309.0	.
918034	  948.8	  526.0	  309.0	.
918036	  948.7	  526.9	  308.0	.
918038	  948.6	  527.1	  306.0	.
918040	  948.3	  526.2	  306.0	.
918042	  948.9	  525.7	  306.0	.
918044	  948.3	  525.3	  302.0	.
918046	  947.9	  526.5	  301.0	.
918048	  948.2	  527.0	  300.0	.
918050	  948.3	  527.2	  300.0	.
918052	  948.2	  527.3	  300.0	.
918054	  948.2	  527.4	  296.0	.
918056	  948.7	  528.2	  295.0	.
918058	  948.1	  527.7	  294.0	.
918060	  948.2	  527.2	  292.0	.
918062	  947.9	  525.8	  291.0	.
918064	  948.3	  525.9	  291.0	.
918066	  947.8	  526.1	  290.0	.
918068	  948.1	  526.2	  290.0	.
918070	  948.4	  526.1	  290.0	.
918072	  948.3	  526.6	  290.0	.
918074	  948.2	  526.6	  289.0	.
918076	  948.1	  526.6	  288.0	.
918078	  948.0	  528.1	  287.0	.
918080	  948.2	  528.5	  285.0	.
918082	  948.5	  528.7	  283.0	.
918084	  948.6	  530.4	  283.0	.
918086	  948.6	  532.0	  283.0	.
918088	  948.7	  532.2	  283.0	.
918090	  948.8	  532.4	  283.0	.
918092	  949.0	  532.7	  282.0	.
918094	  948.9	  532.0	  282.0	.
918096	  949.0	  533.4	  282.0	.
918098	  949.0	  532.9	  282.0	.
918100	  949.0	  534.2	  281.0	.
918102	  949.3	  535.4	  279.0	.
918104	  949.4	  536.4	  279.0	.
918106	  949.5	  536.6	  279.0	.
918108	  949.5	  536.8	  279.0	.
918110	  949.5	  536.5	  279.0	.
918112	  949.6	  537.2	  278.0	.
918114	  950.2	  537.9	  278.0	.
918116	  950.4	  539.5	  276.0	.
918118	  950.2	  541.2	  274.0	.
918120	  949.9	  541.5	  273.0	.
918122	  949.8	  541.9	  273.0	.
918124	  949.1	  542.4	  272.0	.
918126	  949.1	  542.8	  272.0	.
918128	  948.9	  542.7	  272.0	.
918130	  949.4	  543.1	  272.0	.
918132	  949.4	  543.3	  272.0	.
918134	  949.5	  543.6	  271.0	.
918136	  949.4	  543.9	  270.0	.
918138	  949.4	  544.3	  270.0	.
918140	  949.5	  545.2	  270.0	.
918142	  949.3	  544.3	  268.0	.
918144	  949.9	  545.2	  267.0	.
918146	  950.0	  546.1	  267.0	.
918148	  949.8	  546.1	  267.0	.
918150	  949.8	  546.7	  266.0	.
918152	  950.5	  547.3	  265.0	.
918154	  951.3	  547.6	  266.0	.
918156	  952.0	  547.3	  265.0	.
918158	  951.7	  547.7	  266.0	.
918160	  951.4	  548.1	  266.0	.
918162	  950.9	  549.1	  266.0	.
918164	  950.4	  550.7	  266.0	.
918166	  950.0	  550.4	  264.0	.
918168	  949.6	  550.8	  263.0	.
918170	  949.4	  551.2	  263.0	.
918172	  949.8	  550.3	  263.0	.
918174	  950.4	  550.2	  262.0	.
918176	  951.6	  550.5	  262.0	.
918178	  951.1	  549.9	  262.0	.
918180	  950.5	  551.1	  262.0	.
918182	  951.8	  552.0	  261.0	.
918184	  952.9	  551.3	  261.0	.
918186	  952.9	  550.8	  261.0	.
918188	  952.8	  550.2	  258.0	.
918190	  953.6	  550.1	  258.0	.
918192	  954.2	  549.6	  258.0	.
918194	  954.8	  549.8	  258.0	.
918196	  955.1	  550.0	  257.0	.
918198	  955.1	  549.8	  257.0	.
918200	  954.9	  549.6	  256.0	.
918202	  955.7	  549.2	  256.0	.
918204	  955.0	  549.1	  256.0	.
918206	  955.4	  548.9	  257.0	.
918208	  955.4	  548.7	  258.0	.
918210	  955.9	  549.5	  258.0	.
918212	  955.7	  550.5	  258.0	.
918214	  955.8	  549.2	  258.0	.
918216	  955.5	  549.5	  258.0	.
918218	  955.5	  549.8	  256.0	.
918220	  955.8	  549.4	  255.0	.
918222	  956.5	  549.3	  252.0	.
918224	  957.5	  549.3	  250.0	.
918226	  957.5	  548.4	  250.0	.
918228	  957.2	  547.5	  250.0	.
918230	  958.0	  548.0	  250.0	.
918232	  958.6	  547.9	  250.0	.
918234	  960.9	  547.5	  250.0	.
918236	  962.9	  547.9	  250.0	.
918238	  963.9	  548.5	  252.0	.
918240	  969.4	  546.7	  252.0	.
918242	  973.1	  545.3	  251.0	.
918244	  973.5	  544.5	  250.0	.
918246	  973.5	  543.8	  248.0	.
918248	  973.3	  543.1	  248.0	.
918250	  973.5	  542.3	  248.0	.
918252	  972.8	  542.3	  248.0	.
918254	  972.4	  542.4	  249.0	.
918256	  972.0	  543.1	  249.0	.
918258	  971.9	  543.9	  249.0	.
918260	  972.3	  543.9	  248.0	.
918262	  972.9	  543.9	  246.0	.
918264	  972.9	  544.1	  246.0	.
918266	  973.2	  544.5	  246.0	.
918268	  972.1	  543.6	  245.0	.
918270	  972.9	  544.6	  245.0	.
918272	  973.1	  544.6	  245.0	.
918274	  973.4	  544.7	  245.0	.
918276	  972.5	  544.3	  245.0	.
918278	  972.3	  544.6	  245.0	.
918280	  972.2	  544.7	  245.0	.
918282	  971.8	  544.8	  244.0	.
918284	  972.0	  544.6	  244.0	.
918286	  971.4	  543.7	  244.0	.
918288	  970.9	  542.6	  244.0	.
918290	  970.6	  541.7	  244.0	.
918292	  970.2	  541.3	  244.0	.
918294	  969.8	  541.3	  244.0	.
918296	  969.3	  541.3	  243.0	.
918298	  969.8	  541.1	  243.0	.
918300	  969.7	  541.1	  243.0	.
918302	  969.6	  541.3	  244.0	.
918304	  969.0	  541.5	  244.0	.
918306	  969.4	  541.5	  241.0	.
918308	  969.4	  540.7	  241.0	.
918310	  969.3	  541.1	  240.0	.
918312	  968.8	  540.6	  241.0	.
918314	  968.4	  540.9	  240.0	.
918316	  968.1	  541.2	  240.0	.
918318	  967.9	  541.5	  239.0	.
918320	  967.8	  541.6	  239.0	.
918322	  967.1	  542.1	  239.0	.
918324	  966.5	  542.5	  239.0	.
918326	  964.7	  543.2	  239.0	.
918328	  964.4	  543.3	  238.0	.
918330	  964.0	  543.3	  238.0	.
918332	  964.3	  543.5	  238.0	.
918334	  963.5	  543.0	  238.0	.
918336	  963.5	  543.0	  237.0	.
918338	  963.3	  542.9	  236.0	.
918340	  963.3	  542.7	  236.0	.
918342	  963.2	  542.8	  237.0	.
918344	  963.5	  542.8	  237.0	.
918346	  963.2	  542.9	  236.0	.
918348	  963.2	  542.7	  236.0	.
918350	  962.7	  542.7	  237.0	.
918352	  962.9	  542.6	  237.0	.
918354	  962.9	  542.5	  236.0	.
918356	  963.0	  542.5	  236.0	.
918358	  962.3	  542.0	  236.0	.
918360	  962.5	  541.3	  236.0	.
918362	  962.7	  541.1	  236.0	.
918364	  961.9	  541.2	  236.0	.
918366	  961.7	  540.5	  235.0	.
918368	  962.2	  540.2	  235.0	.
918370	  962.5	  540.1	  234.0	.
918372	  961.8	  540.1	  234.0	.
918374	  961.6	  539.8	  234.0	.
918376	  961.6	  539.6	  234.0	.
918378	  961.7	  539.5	  234.0	.
918380	  961.8	  538.4	  235.0	.
918382	  962.0	  538.1	  235.0	.
918384	  962.1	  537.8	  234.0	.
918386	  961.9	  534.1	  234.0	.
918388	  962.1	  533.2	  233.0	.
918390	  961.8	  533.1	  232.0	.
918392	  961.9	  534.0	  232.0	.
918394	  962.0	  534.9	  232.0	.
918396	  961.8	  534.6	  233.0	.
918398	  962.0	  534.7	  233.0	.
918400	  961.4	  532.9	  233.0	.
918402	  961.6	  530.9	  233.0	.
918404	  961.3	  529.3	  233.0	.
918406	  961.6	  529.5	  233.0	.
918408	  960.4	  526.9	  233.0	.
918410	  960.6	  526.6	  232.0	.
918412	  960.7	  526.2	  232.0	.
918414	  960.4	  521.9	  231.0	.
918416	  960.0	  517.4	  230.0	.
918418	  960.9	  517.2	  230.0	.
918420	  960.4	  514.0	  230.0	.
918422	  961.0	  512.5	  230.0	.
EFIX L   917876	918422	548	  953.1	  535.8	    282
SSACC L  918424
918424	  961.4	  510.9	  234.0	.
918426	  961.5	  501.4	  238.0	.
918428	  961.1	  491.8	  239.0	.
918430	  960.8	  484.3	  239.0	.
918432	  960.8	  488.3	  238.0	.
918434	  960.9	  492.3	  237.0	.
918436	  961.1	  502.5	  233.0	.
918438	  961.1	  511.3	  228.0	.
918440	  962.9	  539.3	  215.0	.
918442	  963.4	  544.0	  206.0	.
918444	  966.0	  583.9	  190.0	.
918446	  964.4	  588.6	  184.0	.
918448	  965.1	  624.3	  167.0	.
918450	  963.7	  635.0	  160.0	.
918452	  963.4	  637.7	  158.0	I
918454	  963.1	  640.4	  157.0	.
918456	  962.8	  643.1	  155.0	I
918458	  962.2	  645.7	  154.0	.
918460	  962.2	  645.7	  154.0	I
SBLINK L 918462
918462	   .	   .	    0.0	.
918464	   .	   .	    0.0	I
918466	   .	   .	    0.0	.
918468	   .	   .	    0.0	I
918470	   .	   .	    0.0	.
918472	   .	   .	    0.0	I
918474	   .	   .	    0.0	.
918476	   .	   .	    0.0	I
918478	   .	   .	    0.0	.
918480	   .	   .	    0.0	I
918482	   .	   .	    0.0	.
918484	   .	   .	    0.0	I
918486	   .	   .	    0.0	.
918488	   .	   .	    0.0	I
918490	   .	   .	    0.0	.
918492	   .	   .	    0.0	I
918494	   .	   .	    0.0	.
918496	   .	   .	    0.0	I
918498	   .	   .	    0.0	.
918500	   .	   .	    0.0	I
918502	   .	   .	    0.0	.
918504	   .	   .	    0.0	I
918506	   .	   .	    0.0	.
918508	   .	   .	    0.0	I
918510	   .	   .	    0.0	.
918512	   .	   .	    0.0	I
918514	   .	   .	    0.0	.
918516	   .	   .	    0.0	I
918518	   .	   .	    0.0	.
918520	   .	   .	    0.0	I
918522	   .	   .	    0.0	.
918524	   .	   .	    0.0	I
918526	   .	   .	    0.0	.
918528	   .	   .	    0.0	I
918530	   .	   .	    0.0	.
918532	   .	   .	    0.0	I
918534	   .	   .	    0.0	.
918536	   .	   .	    0.0	I
918538	   .	   .	    0.0	.
918540	   .	   .	    0.0	I
918542	   .	   .	    0.0	.
918544	   .	   .	    0.0	I
918546	   .	   .	    0.0	.
918548	   .	   .	    0.0	I
918550	   .	   .	    0.0	.
918552	   .	   .	    0.0	I
918554	   .	   .	    0.0	.
918556	   .	   .	    0.0	I
918558	   .	   .	    0.0	.
918560	   .	   .	    0.0	I
918562	   .	   .	    0.0	.
918564	   .	   .	    0.0	I
918566	   .	   .	    0.0	.
918568	   .	   .	    0.0	I
918570	   .	   .	    0.0	.
918572	   .	   .	    0.0	I
EBLINK L 918462	918572	112
918574	  914.2	  625.7	  164.0	.
918576	  912.8	  620.9	  167.0	I
918578	  911.4	  616.2	  170.0	.
918580	  914.3	  617.9	  169.0	.
918582	  912.9	  610.2	  175.0	.
918584	  912.1	  594.6	  186.0	.
918586	  912.0	  585.9	  191.0	.
918588	  912.4	  581.5	  194.0	.
918590	  913.8	  576.8	  196.0	.
918592	  914.5	  576.3	  196.0	.
918594	  914.0	  566.4	  201.0	.
918596	  913.7	  556.6	  207.0	.
918598	  913.5	  552.8	  214.0	.
918600	  913.6	  549.0	  214.0	.
918602	  913.5	  544.5	  217.0	.
918604	  913.6	  540.0	  218.0	.
918606	  911.7	  523.7	  223.0	.
918608	  911.3	  521.5	  226.0	.
918610	  910.5	  514.5	  232.0	.
ESACC L  918424	918610	188	  961.4	  510.9	  911.3	  521.5	   1.31	    293
SFIX L   918612
918612	  912.6	  504.2	  233.0	.
918614	  913.6	  505.1	  233.0	.
918616	  914.0	  506.1	  233.0	.
918618	  914.1	  501.9	  234.0	.
918620	  914.1	  497.6	  236.0	.
918622	  913.5	  493.5	  239.0	.
918624	  913.0	  491.7	  243.0	.
918626	  911.9	  490.0	  245.0	.
918628	  911.9	  488.9	  245.0	.
918630	  911.7	  487.8	  246.0	.
918632	  913.1	  478.2	  251.0	.
918634	  914.5	  468.6	  257.0	.
918636	  915.1	  466.1	  258.0	.
918638	  914.3	  465.1	  259.0	.
918640	  913.7	  466.7	  257.0	.
918642	  911.3	  468.5	  256.0	.
918644	  911.8	  474.8	  255.0	.
918646	  912.2	  477.3	  255.0	.
918648	  911.6	  478.1	  255.0	.
918650	  911.0	  478.9	  254.0	.
918652	  910.6	  482.6	  253.0	.
918654	  910.7	  482.2	  254.0	.
918656	  910.8	  481.8	  255.0	.
918658	  910.1	  477.7	  256.0	.
918660	  910.5	  479.7	  255.0	.
918662	  910.9	  481.7	  255.0	.
918664	  912.0	  480.3	  255.0	.
918666	  911.4	  486.1	  253.0	.
918668	  911.8	  491.9	  251.0	.
918670	  912.0	  488.7	  251.0	.
918672	  913.2	  488.2	  251.0	.
918674	  913.4	  488.4	  251.0	.
918676	  913.3	  488.7	  251.0	.
918678	  913.1	  489.6	  251.0	.
918680	  912.7	  491.6	  250.0	.
918682	  914.1	  489.2	  252.0	.
918684	  914.1	  490.0	  252.0	.
918686	  914.4	  490.8	  252.0	.
EFIX L   918612	918686	76	  912.6	  485.7	    249
SSACC L  918688
918688	  914.2	  492.5	  252.0	.
918690	  914.1	  494.2	  251.0	.
918692	  913.9	  508.7	  250.0	.
918694	  914.1	  523.1	  249.0	.
918696	  913.2	  523.6	  248.0	.
918698	  913.1	  524.9	  245.0	.
ESACC L  918688	918698	12	  914.2	  492.5	  913.2	  523.6	   0.88	    109
SFIX L   918700
918700	  912.8	  526.2	  243.0	.
918702	  912.7	  526.5	  243.0	.
918704	  912.2	  528.6	  243.0	.
918706	  911.9	  530.8	  244.0	.
918708	  911.6	  533.0	  244.0	.
918710	  911.9	  532.7	  244.0	.
918712	  912.0	  533.1	  244.0	.
918714	  912.3	  533.5	  245.0	.
918716	  912.4	  534.6	  245.0	.
918718	  912.6	  535.0	  245.0	.
918720	  912.4	  535.3	  245.0	.
918722	  912.6	  537.7	  245.0	.
918724	  912.8	  538.2	  244.0	.
918726	  912.3	  538.1	  245.0	.
EFIX L   918700	918726	28	  912.3	  532.7	    244
SSACC L  918728
918728	  913.3	  539.2	  245.0	.
918730	  914.5	  539.6	  247.0	.
918732	  917.1	  539.4	  247.0	.
918734	  927.8	  538.0	  248.0	.
918736	  935.6	  538.6	  248.0	.
918738	  946.6	  536.5	  248.0	.
918740	  950.7	  535.9	  248.0	.
918742	  955.1	  535.4	  248.0	.
ESACC L  918728	918742	16	  913.3	  539.2	  950.7	  535.9	   0.95	    108
SFIX L   918744
918744	  959.5	  535.5	  248.0	.
918746	  960.1	  535.5	  248.0	.
918748	  960.3	  536.8	  249.0	.
918750	  960.5	  537.0	  249.0	.
918752	  959.9	  537.2	  249.0	.
918754	  959.5	  536.6	  248.0	.
918756	  958.2	  537.1	  248.0	.
918758	  958.0	  537.6	  248.0	.
918760	  956.8	  538.4	  248.0	.
918762	  957.0	  539.0	  248.0	.
918764	  957.1	  539.5	  248.0	.
918766	  956.4	  539.7	  249.0	.
918768	  956.4	  539.6	  250.0	.
918770	  955.6	  540.5	  251.0	.
918772	  954.7	  539.9	  251.0	.
918774	  954.7	  540.0	  252.0	.
918776	  955.1	  540.1	  252.0	.
918778	  955.5	  539.7	  252.0	.
918780	  956.1	  540.6	  253.0	.
918782	  956.3	  541.5	  253.0	.
918784	  956.1	  541.1	  253.0	.
918786	  956.1	  540.8	  254.0	.
918788	  956.1	  540.2	  254.0	.
918790	  955.6	  539.8	  254.0	.
918792	  955.2	  539.6	  254.0	.
918794	  954.9	  539.5	  253.0	.
918796	  954.6	  539.5	  253.0	.
918798	  954.3	  540.6	  256.0	.
918800	  954.0	  541.7	  256.0	.
918802	  953.8	  540.5	  256.0	.
918804	  953.9	  540.5	  257.0	.
918806	  954.0	  540.5	  258.0	.
918808	  954.4	  541.9	  258.0	.
918810	  954.7	  542.8	  258.0	.
918812	  954.4	  543.9	  258.0	.
918814	  954.0	  543.1	  258.0	.
918816	  953.8	  543.2	  258.0	.
918818	  953.5	  543.3	  258.0	.
918820	  953.8	  543.3	  259.0	.
918822	  954.1	  543.8	  260.0	.
918824	  953.7	  544.1	  263.0	.
918826	  954.0	  544.1	  263.0	.
918828	  954.3	  544.2	  263.0	.
918830	  954.4	  544.3	  264.0	.
918832	  954.4	  544.1	  263.0	.
918834	  954.4	  544.5	  265.0	.
918836	  953.0	  544.9	  266.0	.
918838	  952.6	  544.9	  269.0	.
918840	  952.6	  544.9	  269.0	.
918842	  952.6	  544.8	  269.0	.
918844	  950.6	  545.2	  269.0	.
918846	  950.8	  545.2	  269.0	.
918848	  950.7	  546.4	  269.0	.
918850	  950.6	  546.5	  269.0	.
918852	  950.6	  546.6	  269.0	.
918854	  949.7	  547.3	  270.0	.
918856	  948.8	  546.8	  270.0	.
918858	  948.9	  546.2	  271.0	.
918860	  948.0	  544.4	  271.0	.
918862	  948.2	  545.0	  270.0	.
918864	  948.6	  545.0	  270.0	.
918866	  948.8	  545.1	  270.0	.
918868	  949.0	  546.0	  270.0	.
918870	  948.9	  544.3	  270.0	.
918872	  948.6	  543.5	  271.0	.
918874	  948.6	  542.7	  273.0	.
918876	  948.6	  543.8	  274.0	.
918878	  948.5	  542.6	  274.0	.
918880	  948.3	  542.0	  276.0	.
918882	  948.5	  541.8	  276.0	.
918884	  948.1	  543.1	  276.0	.
918886	  947.8	  544.6	  274.0	.
918888	  946.8	  546.1	  273.0	.
918890	  947.0	  546.7	  274.0	.
918892	  947.1	  546.2	  274.0	.
918894	  947.6	  546.6	  274.0	.
918896	  947.6	  546.5	  275.0	.
918898	  947.6	  546.4	  276.0	.
918900	  948.0	  546.3	  276.0	.
918902	  948.2	  547.9	  276.0	.
918904	  948.0	  548.0	  277.0	.
918906	  947.8	  548.2	  277.0	.
918908	  947.7	  549.3	  280.0	.
918910	  947.7	  550.6	  280.0	.
918912	  947.5	  550.6	  279.0	.
918914	  947.3	  550.4	  279.0	.
918916	  947.2	  550.3	  276.0	.
918918	  947.1	  550.4	  277.0	.
918920	  946.8	  550.4	  277.0	.
918922	  946.6	  552.1	  278.0	.
918924	  946.9	  553.6	  278.0	.
918926	  947.2	  553.6	  278.0	.
918928	  947.9	  553.3	  278.0	.
918930	  947.9	  553.5	  279.0	.
918932	  947.8	  553.6	  279.0	.
918934	  947.7	  554.1	  279.0	.
918936	  947.0	  554.6	  279.0	.
918938	  946.9	  554.6	  279.0	.
918940	  946.8	  555.3	  279.0	.
918942	  946.7	  554.8	  279.0	.
918944	  947.3	  554.7	  279.0	.
918946	  947.3	  553.1	  280.0	.
918948	  947.3	  553.1	  283.0	.
918950	  946.7	  553.3	  283.0	.
918952	  946.9	  554.0	  282.0	.
918954	  947.3	  554.8	  280.0	.
918956	  947.2	  554.9	  279.0	.
918958	  947.0	  554.3	  279.0	.
918960	  947.0	  553.7	  278.0	.
918962	  947.0	  553.1	  278.0	.
918964	  946.8	  552.5	  278.0	.
918966	  947.5	  552.2	  278.0	.
918968	  947.5	  552.4	  278.0	.
918970	  947.1	  552.3	  278.0	.
918972	  947.0	  553.1	  278.0	.
918974	  947.1	  552.4	  277.0	.
918976	  947.0	  552.2	  277.0	.
918978	  947.0	  552.0	  278.0	.
918980	  947.0	  552.9	  278.0	.
918982	  946.8	  552.9	  278.0	.
918984	  946.7	  552.9	  277.0	.
918986	  946.8	  554.9	  277.0	.
918988	  946.9	  554.6	  277.0	.
918990	  946.9	  555.5	  277.0	.
918992	  945.6	  555.9	  278.0	.
918994	  945.6	  556.2	  278.0	.
918996	  945.6	  556.9	  277.0	.
918998	  945.6	  556.8	  277.0	.
919000	  945.9	  557.0	  277.0	.
919002	  945.9	  557.0	  277.0	.
919004	  945.9	  557.0	  277.0	.
919006	  946.0	  556.9	  277.0	.
919008	  946.1	  556.8	  277.0	.
919010	  946.4	  556.5	  277.0	.
919012	  946.4	  556.5	  277.0	.
919014	  946.5	  556.6	  277.0	.
919016	  947.4	  556.4	  277.0	.
919018	  947.4	  556.9	  277.0	.
919020	  947.3	  557.2	  277.0	.
919022	  946.8	  556.8	  277.0	.
919024	  946.0	  556.2	  277.0	.
919026	  946.5	  557.0	  277.0	.
919028	  946.8	  557.2	  277.0	.
919030	  947.5	  557.4	  277.0	.
919032	  947.6	  557.0	  277.0	.
919034	  947.9	  557.0	  277.0	.
919036	  947.2	  556.2	  277.0	.
919038	  946.6	  556.5	  277.0	.
919040	  946.9	  556.5	  277.0	.
919042	  947.2	  556.0	  277.0	.
919044	  947.4	  556.5	  277.0	.
919046	  947.6	  556.2	  277.0	.
919048	  947.2	  556.1	  277.0	.
919050	  946.9	  556.1	  276.0	.
919052	  946.8	  555.1	  276.0	.
919054	  946.7	  555.3	  276.0	.
919056	  946.5	  555.5	  276.0	.
919058	  946.2	  555.0	  276.0	.
919060	  945.8	  555.2	  276.0	.
919062	  945.6	  555.4	  275.0	.
919064	  945.7	  555.5	  275.0	.
919066	  945.5	  555.8	  275.0	.
919068	  945.4	  555.7	  275.0	.
919070	  945.3	  555.8	  274.0	.
919072	  945.6	  555.8	  274.0	.
919074	  945.2	  555.8	  275.0	.
919076	  944.9	  556.2	  275.0	.
919078	  944.9	  556.6	  274.0	.
919080	  944.9	  556.9	  274.0	.
919082	  944.4	  556.7	  274.0	.
919084	  944.1	  557.0	  274.0	.
919086	  943.9	  557.4	  273.0	.
919088	  943.9	  558.4	  274.0	.
919090	  943.7	  558.5	  274.0	.
919092	  943.9	  558.4	  274.0	.
919094	  943.7	  558.4	  273.0	.
919096	  944.0	  557.6	  273.0	.
919098	  943.6	  557.8	  273.0	.
919100	  943.3	  557.9	  274.0	.
919102	  943.6	  558.8	  273.0	.
919104	  942.6	  558.9	  274.0	.
919106	  942.7	  558.6	  274.0	.
919108	  942.6	  558.3	  274.0	.
919110	  942.5	  558.5	  274.0	.
919112	  942.6	  558.5	  273.0	.
919114	  942.6	  558.4	  273.0	.
919116	  942.6	  558.5	  273.0	.
919118	  943.5	  557.5	  274.0	.
919120	  943.9	  556.5	  274.0	.
919122	  944.1	  555.8	  274.0	.
919124	  944.1	  555.9	  274.0	.
919126	  944.0	  555.3	  274.0	.
919128	  943.7	  554.7	  275.0	.
919130	  943.6	  553.4	  275.0	.
919132	  943.5	  553.3	  275.0	.
919134	  943.6	  553.2	  276.0	.
919136	  943.7	  554.0	  276.0	.
919138	  943.7	  554.1	  274.0	.
919140	  943.6	  553.8	  274.0	.
919142	  943.4	  554.2	  274.0	.
919144	  943.2	  554.6	  274.0	.
919146	  942.9	  555.7	  273.0	.
919148	  943.4	  556.2	  273.0	.
919150	  943.8	  556.4	  273.0	.
919152	  944.9	  556.4	  274.0	.
919154	  944.9	  556.4	  274.0	.
919156	  945.0	  556.4	  274.0	.
919158	  944.9	  556.5	  274.0	.
919160	  945.1	  556.3	  274.0	.
919162	  945.1	  556.3	  274.0	.
919164	  944.9	  556.3	  274.0	.
919166	  944.5	  556.0	  274.0	.
919168	  944.5	  555.5	  274.0	.
919170	  944.3	  556.2	  274.0	.
919172	  944.0	  556.5	  275.0	.
919174	  944.6	  556.8	  275.0	.
919176	  944.4	  556.6	  274.0	.
919178	  944.3	  557.7	  274.0	.
919180	  944.4	  557.2	  274.0	.
919182	  944.3	  556.8	  274.0	.
919184	  944.3	  557.7	  274.0	.
919186	  943.8	  558.0	  274.0	.
919188	  943.2	  558.3	  274.0	.
919190	  943.6	  558.9	  274.0	.
919192	  943.7	  559.1	  274.0	.
919194	  943.8	  559.4	  274.0	.
919196	  943.5	  559.4	  275.0	.
919198	  944.0	  558.6	  276.0	.
919200	  943.9	  557.8	  276.0	.
919202	  944.0	  557.2	  275.0	.
919204	  943.9	  557.3	  274.0	.
919206	  943.8	  557.4	  274.0	.
919208	  943.6	  557.3	  274.0	.
919210	  943.5	  557.1	  274.0	.
919212	  943.4	  556.7	  274.0	.
919214	  943.2	  556.7	  274.0	.
919216	  942.9	  556.7	  274.0	.
919218	  943.2	  556.7	  274.0	.
919220	  943.4	  556.7	  275.0	.
919222	  943.3	  556.4	  275.0	.
919224	  943.1	  556.1	  274.0	.
919226	  943.8	  556.0	  274.0	.
919228	  944.5	  555.8	  276.0	.
919230	  944.9	  556.3	  279.0	.
919232	  945.3	  557.1	  279.0	.
919234	  945.3	  556.7	  279.0	.
919236	  944.3	  557.2	  278.0	.
919238	  944.3	  556.9	  278.0	.
919240	  944.3	  557.0	  278.0	.
919242	  944.4	  557.1	  278.0	.
919244	  944.6	  557.4	  278.0	.
919246	  943.9	  557.0	  278.0	.
919248	  943.2	  556.6	  278.0	.
919250	  943.0	  557.7	  276.0	.
919252	  942.7	  557.3	  276.0	.
919254	  942.6	  556.9	  276.0	.
919256	  942.6	  556.8	  276.0	.
919258	  942.6	  557.0	  276.0	.
919260	  942.6	  556.5	  276.0	.
919262	  942.7	  556.0	  276.0	.
919264	  942.3	  555.6	  276.0	.
919266	  941.9	  555.2	  274.0	.
919268	  942.0	  555.2	  274.0	.
919270	  942.3	  554.9	  275.0	.
919272	  941.5	  555.3	  275.0	.
919274	  941.2	  555.6	  275.0	.
919276	  941.0	  555.8	  274.0	.
919278	  940.8	  555.9	  274.0	.
919280	  940.8	  557.6	  274.0	.
919282	  940.7	  557.6	  274.0	.
919284	  940.7	  557.5	  274.0	.
919286	  940.7	  557.9	  274.0	.
919288	  941.1	  558.2	  275.0	.
919290	  940.4	  558.3	  275.0	.
919292	  940.9	  558.6	  275.0	.
919294	  940.7	  558.7	  275.0	.
919296	  940.8	  558.8	  275.0	.
919298	  941.3	  560.5	  275.0	.
919300	  941.2	  559.9	  275.0	.
919302	  941.1	  559.8	  275.0	.
919304	  941.1	  559.9	  275.0	.
919306	  940.9	  559.9	  275.0	.
919308	  940.2	  560.1	  275.0	.
919310	  939.3	  560.3	  276.0	.
919312	  939.9	  560.0	  276.0	.
919314	  940.2	  559.8	  276.0	.
919316	  940.4	  559.2	  275.0	.
919318	  940.1	  557.8	  275.0	.
919320	  940.1	  558.6	  274.0	.
919322	  939.7	  559.5	  274.0	.
919324	  939.7	  560.5	  275.0	.
919326	  939.5	  560.8	  276.0	.
919328	  939.5	  561.1	  277.0	.
919330	  939.2	  562.9	  279.0	.
919332	  940.1	  563.2	  279.0	.
919334	  940.1	  563.7	  278.0	.
919336	  940.7	  563.4	  278.0	.
919338	  940.4	  564.0	  278.0	.
919340	  940.4	  563.8	  278.0	.
919342	  940.2	  563.6	  278.0	.
919344	  938.5	  563.0	  278.0	.
919346	  938.3	  561.6	  275.0	.
919348	  939.2	  561.3	  275.0	.
919350	  938.9	  561.1	  275.0	.
919352	  939.3	  561.9	  275.0	.
919354	  939.3	  562.6	  276.0	.
919356	  939.4	  561.7	  278.0	.
919358	  940.2	  562.0	  278.0	.
919360	  941.1	  560.8	  278.0	.
919362	  942.7	  559.5	  278.0	.
919364	  943.6	  556.8	  277.0	.
919366	  944.5	  554.4	  277.0	.
919368	  948.9	  552.2	  276.0	.
919370	  948.9	  552.2	  276.0	.
919372	  949.1	  551.9	  276.0	.
919374	  948.6	  551.6	  276.0	.
919376	  948.1	  550.5	  276.0	.
919378	  948.0	  549.9	  276.0	.
919380	  947.3	  549.6	  276.0	.
919382	  947.0	  548.7	  276.0	.
919384	  946.8	  548.4	  276.0	.
919386	  946.3	  548.0	  275.0	.
919388	  945.9	  547.7	  275.0	.
919390	  946.1	  548.1	  275.0	.
919392	  946.5	  548.2	  275.0	.
919394	  947.5	  548.1	  275.0	.
919396	  947.4	  548.2	  275.0	.
919398	  947.1	  548.0	  275.0	.
919400	  947.2	  548.1	  275.0	.
919402	  947.1	  548.2	  276.0	.
919404	  947.2	  548.6	  277.0	.
919406	  946.5	  548.7	  277.0	.
919408	  946.4	  548.7	  277.0	.
919410	  946.6	  549.2	  277.0	.
919412	  946.8	  549.4	  276.0	.
919414	  947.2	  549.5	  276.0	.
919416	  947.2	  549.0	  278.0	.
919418	  947.2	  549.2	  278.0	.
919420	  947.2	  548.9	  278.0	.
919422	  947.2	  549.2	  278.0	.
919424	  947.2	  549.0	  278.0	.
919426	  947.2	  548.7	  278.0	.
919428	  945.0	  549.4	  279.0	.
919430	  945.1	  549.5	  280.0	.
919432	  945.3	  549.5	  280.0	.
919434	  945.3	  549.5	  279.0	.
919436	  945.4	  550.7	  279.0	.
919438	  946.0	  550.4	  279.0	.
919440	  945.8	  550.2	  279.0	.
919442	  945.8	  550.2	  279.0	.
919444	  945.9	  550.6	  279.0	.
919446	  946.0	  550.6	  279.0	.
919448	  946.0	  550.7	  279.0	.
919450	  947.3	  550.5	  278.0	.
919452	  948.2	  550.4	  278.0	.
919454	  947.6	  550.2	  279.0	.
919456	  946.9	  550.0	  279.0	.
919458	  947.1	  549.8	  279.0	.
919460	  947.3	  549.6	  279.0	.
919462	  947.1	  549.9	  279.0	.
919464	  947.1	  549.4	  278.0	.
919466	  947.1	  551.1	  278.0	.
919468	  947.3	  551.3	  278.0	.
919470	  947.6	  551.3	  278.0	.
919472	  947.5	  551.1	  278.0	.
919474	  947.6	  551.0	  278.0	.
919476	  947.7	  551.0	  278.0	.
919478	  947.9	  551.0	  278.0	.
919480	  948.1	  550.5	  278.0	.
919482	  948.4	  550.5	  279.0	.
919484	  948.1	  550.6	  278.0	.
919486	  947.8	  550.1	  279.0	.
919488	  947.6	  550.1	  279.0	.
919490	  947.6	  550.1	  279.0	.
919492	  947.6	  549.9	  280.0	.
919494	  947.7	  549.9	  280.0	.
919496	  948.4	  549.7	  280.0	.
919498	  948.5	  549.6	  280.0	.
919500	  948.0	  549.5	  279.0	.
919502	  948.3	  550.3	  279.0	.
919504	  948.4	  550.3	  279.0	.
919506	  948.0	  550.0	  279.0	.
919508	  947.7	  550.1	  279.0	.
919510	  947.5	  549.3	  279.0	.
919512	  947.7	  549.3	  282.0	.
919514	  948.0	  549.4	  282.0	.
919516	  947.9	  549.1	  281.0	.
919518	  947.8	  548.9	  281.0	.
919520	  947.7	  549.1	  280.0	.
919522	  947.7	  547.8	  280.0	.
919524	  947.3	  547.5	  281.0	.
919526	  948.2	  547.5	  283.0	.
919528	  948.2	  546.8	  284.0	.
919530	  948.5	  549.1	  284.0	.
919532	  950.2	  551.0	  284.0	.
919534	  950.2	  550.4	  285.0	.
919536	  949.9	  550.6	  285.0	.
919538	  949.7	  550.8	  284.0	.
919540	  946.9	  550.4	  284.0	.
919542	  947.3	  550.6	  284.0	.
919544	  947.6	  550.7	  284.0	.
919546	  947.4	  551.8	  284.0	.
919548	  947.3	  551.4	  283.0	.
919550	  947.3	  553.0	  283.0	.
919552	  948.3	  551.4	  283.0	.
919554	  947.4	  551.3	  282.0	.
919556	  948.2	  551.4	  283.0	.
919558	  948.9	  549.6	  283.0	.
919560	  948.3	  548.1	  283.0	.
919562	  947.9	  549.6	  283.0	.
919564	  946.7	  551.3	  283.0	.
919566	  946.6	  551.2	  284.0	.
919568	  946.9	  553.0	  284.0	.
919570	  947.1	  551.3	  284.0	.
919572	  947.1	  550.5	  284.0	.
919574	  946.9	  549.8	  284.0	.
919576	  947.7	  551.3	  284.0	.
919578	  948.1	  551.5	  284.0	.
919580	  948.2	  551.9	  284.0	.
919582	  948.3	  551.9	  285.0	.
919584	  947.8	  550.2	  285.0	.
919586	  947.3	  549.6	  285.0	.
919588	  947.8	  549.5	  285.0	.
919590	  948.0	  550.3	  284.0	.
919592	  948.2	  551.2	  284.0	.
919594	  948.4	  551.4	  284.0	.
919596	  948.4	  550.9	  284.0	.
919598	  948.3	  550.4	  283.0	.
919600	  948.5	  549.4	  283.0	.
919602	  948.4	  549.1	  284.0	.
919604	  948.9	  549.0	  284.0	.
919606	  948.7	  548.9	  284.0	.
919608	  948.2	  544.8	  284.0	.
919610	  947.3	  545.3	  285.0	.
919612	  947.2	  544.8	  285.0	.
919614	  947.2	  545.3	  285.0	.
919616	  946.9	  545.9	  285.0	.
919618	  946.6	  547.6	  285.0	.
919620	  946.6	  547.8	  284.0	.
919622	  946.2	  548.5	  284.0	.
919624	  945.7	  548.6	  283.0	.
919626	  945.7	  548.6	  282.0	.
919628	  945.2	  549.2	  282.0	.
919630	  946.3	  549.5	  284.0	.
919632	  946.4	  546.9	  286.0	.
919634	  946.3	  544.4	  288.0	.
919636	  946.5	  543.9	  287.0	.
919638	  947.9	  544.0	  287.0	.
919640	  948.6	  544.1	  288.0	.
919642	  948.7	  546.7	  287.0	.
919644	  948.5	  547.0	  286.0	.
919646	  948.2	  547.2	  286.0	.
919648	  949.1	  546.9	  286.0	.
919650	  948.3	  547.8	  287.0	.
919652	  947.5	  548.6	  286.0	.
919654	  946.8	  548.6	  287.0	.
919656	  947.4	  549.0	  287.0	.
919658	  947.6	  549.4	  287.0	.
919660	  947.9	  549.3	  288.0	.
919662	  947.2	  549.4	  288.0	.
919664	  947.2	  553.6	  288.0	.
919666	  947.3	  554.7	  288.0	.
919668	  947.2	  554.5	  288.0	.
919670	  947.6	  554.4	  288.0	.
919672	  948.1	  554.3	  288.0	.
919674	  947.9	  554.4	  288.0	.
919676	  948.3	  554.3	  288.0	.
919678	  947.8	  554.1	  288.0	.
919680	  947.2	  553.8	  288.0	.
919682	  946.8	  554.8	  288.0	.
919684	  946.8	  554.2	  290.0	.
919686	  946.8	  553.8	  292.0	.
919688	  946.9	  553.1	  292.0	.
919690	  947.0	  552.5	  291.0	.
919692	  946.5	  549.1	  291.0	.
919694	  946.9	  548.0	  291.0	.
919696	  946.3	  548.2	  290.0	.
919698	  945.5	  546.9	  290.0	.
919700	  945.1	  545.4	  290.0	.
919702	  944.7	  545.8	  289.0	.
919704	  945.1	  546.0	  288.0	.
919706	  945.5	  546.8	  288.0	.
919708	  946.7	  546.2	  288.0	.
919710	  946.0	  546.0	  288.0	.
919712	  947.0	  545.5	  288.0	.
919714	  946.8	  545.2	  289.0	.
919716	  946.9	  546.5	  289.0	.
919718	  947.3	  547.8	  289.0	.
919720	  947.7	  549.0	  291.0	.
919722	  947.6	  550.3	  291.0	.
919724	  948.6	  552.7	  292.0	.
919726	  948.9	  552.4	  293.0	.
919728	  949.1	  553.7	  293.0	.
919730	  948.9	  555.1	  293.0	.
919732	  949.0	  555.1	  294.0	.
919734	  948.5	  555.3	  293.0	.
919736	  948.0	  556.9	  293.0	.
919738	  948.1	  557.3	  293.0	.
919740	  947.7	  557.7	  293.0	.
919742	  947.3	  557.5	  293.0	.
919744	  946.6	  559.3	  293.0	.
919746	  946.6	  559.9	  293.0	.
919748	  946.7	  560.4	  292.0	.
919750	  946.9	  560.5	  292.0	.
919752	  947.0	  560.3	  293.0	.
919754	  947.1	  561.1	  293.0	.
919756	  947.1	  561.3	  293.0	.
919758	  947.4	  561.1	  294.0	.
919760	  947.6	  560.9	  294.0	.
919762	  947.8	  560.9	  293.0	.
919764	  947.8	  560.9	  293.0	.
919766	  947.8	  560.3	  293.0	.
919768	  950.2	  560.2	  294.0	.
919770	  950.4	  560.4	  294.0	.
919772	  950.3	  560.5	  294.0	.
919774	  950.3	  558.9	  294.0	.
919776	  950.3	  558.9	  294.0	.
919778	  950.4	  558.9	  294.0	.
919780	  950.5	  559.5	  294.0	.
919782	  949.8	  560.3	  294.0	.
919784	  950.2	  559.3	  294.0	.
919786	  950.2	  559.2	  294.0	.
919788	  950.2	  559.0	  294.0	.
919790	  950.6	  558.2	  294.0	.
919792	  951.0	  557.9	  295.0	.
919794	  950.7	  557.7	  295.0	.
919796	  950.9	  557.9	  295.0	.
919798	  950.6	  557.8	  295.0	.
919800	  950.2	  558.3	  294.0	.
919802	  950.5	  558.6	  294.0	.
919804	  950.5	  556.1	  295.0	.
919806	  950.7	  555.8	  295.0	.
919808	  950.7	  556.7	  295.0	.
919810	  950.6	  556.3	  296.0	.
919812	  950.4	  557.7	  297.0	.
919814	  950.2	  559.0	  297.0	.
919816	  950.5	  559.6	  296.0	.
919818	  950.6	  558.9	  296.0	.
919820	  950.6	  558.8	  296.0	.
919822	  950.7	  559.0	  296.0	.
919824	  950.4	  557.7	  296.0	.
919826	  950.3	  558.4	  297.0	.
919828	  950.9	  557.3	  297.0	.
919830	  950.7	  558.2	  297.0	.
919832	  951.7	  558.7	  297.0	.
919834	  951.4	  559.1	  298.0	.
919836	  951.2	  559.4	  298.0	.
919838	  951.3	  559.9	  298.0	.
919840	  951.2	  559.3	  298.0	.
919842	  951.0	  558.9	  298.0	.
919844	  950.8	  559.2	  299.0	.
919846	  950.7	  557.6	  300.0	.
919848	  950.4	  558.7	  300.0	.
919850	  950.2	  559.9	  299.0	.
919852	  949.4	  560.6	  299.0	.
919854	  949.3	  560.8	  299.0	.
919856	  949.3	  560.9	  298.0	.
919858	  949.8	  561.9	  298.0	.
919860	  950.1	  561.0	  298.0	.
919862	  951.0	  560.7	  298.0	.
919864	  951.2	  560.8	  299.0	.
919866	  951.2	  560.9	  299.0	.
919868	  950.9	  560.9	  299.0	.
919870	  950.6	  560.4	  299.0	.
919872	  950.1	  560.6	  298.0	.
919874	  950.4	  560.8	  299.0	.
919876	  950.0	  560.5	  299.0	.
919878	  949.6	  561.3	  298.0	.
919880	  949.7	  560.6	  299.0	.
919882	  949.6	  560.1	  299.0	.
919884	  949.6	  559.9	  299.0	.
919886	  949.9	  559.8	  299.0	.
919888	  949.7	  559.9	  299.0	.
919890	  949.9	  559.7	  299.0	.
919892	  950.3	  560.7	  300.0	.
919894	  949.7	  559.6	  301.0	.
919896	  949.3	  560.5	  301.0	.
919898	  950.0	  561.3	  300.0	.
919900	  949.9	  561.4	  299.0	.
919902	  949.7	  561.1	  299.0	.
919904	  949.7	  561.6	  299.0	.
919906	  949.7	  559.5	  299.0	.
919908	  949.4	  558.7	  299.0	.
919910	  949.1	  558.7	  298.0	.
919912	  949.1	  558.7	  298.0	.
919914	  949.0	  558.0	  298.0	.
919916	  949.6	  559.2	  298.0	.
919918	  948.7	  560.0	  297.0	.
919920	  948.5	  560.6	  298.0	.
919922	  948.6	  560.8	  298.0	.
919924	  948.7	  560.1	  298.0	.
919926	  948.7	  559.6	  299.0	.
919928	  948.7	  559.3	  300.0	.
919930	  949.2	  559.0	  301.0	.
919932	  949.1	  557.0	  300.0	.
919934	  949.1	  556.8	  300.0	.
919936	  949.3	  556.6	  300.0	.
919938	  948.8	  552.5	  301.0	.
919940	  948.8	  554.3	  299.0	.
919942	  949.4	  556.0	  300.0	.
919944	  949.8	  555.5	  300.0	.
919946	  950.0	  556.7	  300.0	.
919948	  950.0	  556.9	  300.0	.
919950	  950.0	  557.0	  300.0	.
919952	  949.4	  557.1	  300.0	.
919954	  949.2	  557.0	  296.0	.
919956	  948.9	  557.9	  296.0	.
919958	  949.5	  558.7	  297.0	.
919960	  949.8	  556.3	  298.0	.
919962	  949.3	  555.5	  299.0	.
919964	  949.4	  555.3	  298.0	.
919966	  949.1	  555.2	  298.0	.
919968	  948.9	  554.8	  298.0	.
919970	  948.9	  554.7	  298.0	.
919972	  948.8	  554.5	  299.0	.
919974	  948.1	  555.5	  298.0	.
919976	  947.3	  556.5	  298.0	.
919978	  947.5	  557.7	  297.0	.
919980	  947.5	  558.8	  297.0	.
919982	  947.4	  560.0	  297.0	.
919984	  947.5	  559.9	  297.0	.
919986	  947.7	  559.9	  297.0	.
919988	  948.4	  559.7	  297.0	.
919990	  948.4	  559.3	  297.0	.
919992	  948.2	  559.1	  297.0	.
919994	  948.1	  559.0	  297.0	.
919996	  948.4	  558.8	  297.0	.
919998	  948.0	  558.7	  297.0	.
920000	  948.2	  559.6	  297.0	.
920002	  948.2	  559.3	  297.0	.
920004	  948.1	  559.0	  297.0	.
920006	  948.6	  558.8	  297.0	.
920008	  949.0	  558.5	  297.0	.
920010	  948.5	  558.3	  297.0	.
920012	  947.9	  558.3	  297.0	.
920014	  947.4	  558.4	  296.0	.
920016	  947.5	  559.0	  296.0	.
920018	  947.7	  559.6	  296.0	.
920020	  948.3	  559.1	  296.0	.
920022	  948.5	  558.9	  296.0	.
920024	  949.5	  558.6	  296.0	.
920026	  950.7	  558.4	  297.0	.
920028	  950.4	  556.9	  299.0	.
920030	  950.4	  557.0	  299.0	.
920032	  950.0	  556.9	  299.0	.
920034	  950.2	  559.9	  299.0	.
920036	  950.0	  559.5	  299.0	.
920038	  949.9	  559.2	  299.0	.
920040	  949.7	  556.7	  299.0	.
920042	  949.7	  557.3	  299.0	.
920044	  950.3	  557.7	  299.0	.
920046	  950.2	  558.7	  298.0	.
920048	  949.8	  558.8	  297.0	.
920050	  949.2	  559.1	  297.0	.
920052	  948.8	  558.5	  295.0	.
920054	  948.8	  560.0	  295.0	.
920056	  949.1	  561.5	  295.0	.
920058	  949.4	  561.2	  295.0	.
920060	  950.2	  561.0	  295.0	.
920062	  950.2	  560.3	  295.0	.
920064	  949.8	  559.4	  295.0	.
920066	  949.6	  559.9	  295.0	.
920068	  949.1	  559.5	  295.0	.
920070	  948.6	  559.3	  296.0	.
920072	  949.0	  560.2	  296.0	.
920074	  948.5	  560.7	  296.0	.
920076	  948.5	  560.8	  296.0	.
920078	  948.6	  561.0	  296.0	.
920080	  948.7	  559.5	  296.0	.
920082	  948.7	  558.1	  295.0	.
920084	  948.4	  558.9	  295.0	.
920086	  948.0	  558.8	  296.0	.
920088	  948.1	  559.0	  297.0	.
920090	  948.0	  559.0	  296.0	.
920092	  947.6	  559.0	  296.0	.
920094	  947.1	  558.9	  296.0	.
920096	  946.0	  558.9	  295.0	.
920098	  946.1	  558.8	  294.0	.
920100	  945.0	  559.1	  294.0	.
920102	  945.5	  559.1	  294.0	.
920104	  946.0	  559.3	  295.0	.
920106	  946.3	  560.4	  296.0	.
920108	  946.6	  560.2	  296.0	.
920110	  946.0	  560.1	  295.0	.
920112	  945.5	  560.2	  295.0	.
920114	  944.1	  560.3	  295.0	.
920116	  943.9	  560.4	  295.0	.
920118	  943.9	  560.4	  295.0	.
920120	  944.4	  559.7	  295.0	.
920122	  944.8	  559.5	  295.0	.
920124	  944.9	  559.5	  295.0	.
920126	  944.9	  559.5	  296.0	.
920128	  945.5	  559.4	  296.0	.
920130	  945.6	  559.3	  297.0	.
920132	  945.5	  559.5	  297.0	.
920134	  945.7	  559.3	  297.0	.
920136	  946.1	  559.2	  297.0	.
920138	  946.8	  558.8	  297.0	.
920140	  947.2	  559.6	  298.0	.
920142	  946.5	  560.4	  298.0	.
920144	  946.6	  560.5	  297.0	.
920146	  946.6	  560.0	  297.0	.
920148	  946.6	  559.6	  296.0	.
920150	  946.5	  558.6	  296.0	.
920152	  946.7	  558.3	  296.0	.
920154	  945.9	  558.5	  295.0	.
920156	  945.7	  558.6	  295.0	.
920158	  946.0	  556.4	  295.0	.
920160	  946.0	  556.4	  295.0	.
920162	  946.0	  557.2	  295.0	.
920164	  946.2	  558.2	  295.0	.
920166	  946.4	  558.2	  295.0	.
920168	  946.7	  558.2	  295.0	.
920170	  946.5	  558.4	  295.0	.
920172	  946.4	  558.6	  294.0	.
920174	  946.2	  558.6	  294.0	.
920176	  946.5	  558.7	  294.0	.
920178	  945.5	  558.7	  295.0	.
920180	  946.1	  558.7	  295.0	.
920182	  945.7	  558.7	  295.0	.
920184	  945.4	  558.5	  295.0	.
920186	  945.7	  558.1	  295.0	.
920188	  945.7	  557.5	  294.0	.
920190	  945.6	  557.6	  294.0	.
920192	  946.4	  557.1	  294.0	.
920194	  947.1	  557.2	  294.0	.
920196	  947.1	  557.4	  296.0	.
920198	  947.2	  558.2	  296.0	.
920200	  947.3	  559.3	  296.0	.
920202	  947.4	  560.3	  295.0	.
920204	  947.6	  560.2	  295.0	.
920206	  946.2	  560.3	  295.0	.
920208	  946.1	  559.5	  296.0	.
920210	  946.8	  560.4	  296.0	.
920212	  946.7	  559.9	  296.0	.
920214	  946.5	  559.4	  295.0	.
920216	  946.7	  560.2	  295.0	.
920218	  946.1	  558.9	  295.0	.
920220	  946.3	  558.4	  295.0	.
920222	  946.5	  558.4	  294.0	.
920224	  946.9	  558.4	  294.0	.
920226	  947.0	  560.5	  295.0	.
920228	  947.0	  560.7	  295.0	.
920230	  947.0	  560.5	  295.0	.
920232	  946.6	  560.3	  295.0	.
920234	  947.2	  561.2	  295.0	.
920236	  947.1	  559.9	  295.0	.
920238	  947.1	  559.9	  295.0	.
920240	  946.8	  560.7	  295.0	.
920242	  946.8	  560.0	  295.0	.
920244	  946.6	  559.7	  295.0	.
920246	  944.9	  559.8	  294.0	.
920248	  945.1	  559.8	  294.0	.
920250	  945.5	  559.6	  294.0	.
920252	  946.2	  559.4	  294.0	.
920254	  947.9	  558.8	  294.0	.
920256	  948.6	  558.4	  293.0	.
920258	  949.3	  558.0	  293.0	.
920260	  949.6	  558.1	  293.0	.
920262	  949.7	  558.1	  292.0	.
920264	  949.6	  558.3	  292.0	.
920266	  949.4	  558.4	  292.0	.
920268	  949.0	  558.5	  293.0	.
920270	  948.8	  558.3	  293.0	.
920272	  948.5	  558.6	  294.0	.
920274	  948.5	  557.9	  294.0	.
920276	  948.4	  558.1	  293.0	.
920278	  948.2	  558.4	  293.0	.
920280	  948.1	  558.7	  292.0	.
920282	  948.2	  558.9	  292.0	.
920284	  948.0	  559.1	  291.0	.
920286	  949.0	  558.9	  291.0	.
920288	  949.7	  559.0	  291.0	.
920290	  951.7	  558.9	  292.0	.
920292	  951.8	  558.9	  292.0	.
920294	  951.4	  558.9	  291.0	.
920296	  951.1	  559.7	  291.0	.
920298	  951.0	  560.4	  289.0	.
920300	  950.6	  560.4	  290.0	.
920302	  950.9	  560.4	  290.0	.
920304	  951.0	  560.4	  289.0	.
920306	  951.3	  559.7	  289.0	.
920308	  951.2	  559.8	  289.0	.
920310	  950.3	  559.5	  289.0	.
920312	  950.6	  559.0	  289.0	.
920314	  951.1	  557.9	  290.0	.
920316	  951.0	  557.9	  290.0	.
920318	  950.8	  558.2	  290.0	.
920320	  951.2	  557.9	  290.0	.
920322	  950.7	  558.1	  289.0	.
920324	  950.4	  558.2	  289.0	.
920326	  950.5	  557.6	  289.0	.
920328	  950.4	  558.0	  289.0	.
920330	  950.7	  558.0	  289.0	.
920332	  950.4	  558.0	  290.0	.
920334	  950.9	  557.8	  290.0	.
920336	  951.2	  557.9	  290.0	.
920338	  951.2	  557.6	  290.0	.
920340	  951.4	  557.6	  290.0	.
920342	  951.7	  557.6	  289.0	.
920344	  952.3	  557.7	  289.0	.
920346	  953.3	  560.2	  287.0	.
920348	  953.2	  560.3	  287.0	.
920350	  953.5	  559.6	  288.0	.
920352	  952.8	  559.6	  288.0	.
920354	  952.9	  559.3	  288.0	.
920356	  952.6	  559.1	  288.0	.
920358	  952.4	  558.8	  287.0	.
920360	  951.8	  558.9	  287.0	.
920362	  952.0	  558.4	  287.0	.
920364	  952.1	  558.4	  287.0	.
920366	  952.1	  558.6	  287.0	.
920368	  952.1	  558.8	  287.0	.
920370	  952.7	  559.1	  287.0	.
920372	  952.8	  559.6	  287.0	.
920374	  952.7	  559.5	  287.0	.
920376	  952.7	  559.4	  287.0	.
920378	  952.4	  559.9	  287.0	.
920380	  952.2	  560.2	  286.0	.
920382	  952.2	  560.3	  286.0	.
920384	  952.1	  560.4	  286.0	.
920386	  952.1	  560.6	  286.0	.
920388	  950.8	  560.9	  287.0	.
920390	  951.0	  560.9	  287.0	.
920392	  951.1	  561.0	  287.0	.
920394	  951.5	  561.1	  287.0	.
920396	  951.3	  561.4	  286.0	.
920398	  951.1	  561.7	  286.0	.
920400	  951.1	  561.7	  286.0	.
920402	  951.3	  561.4	  286.0	.
920404	  951.0	  561.6	  286.0	.
920406	  950.6	  561.1	  285.0	.
920408	  950.9	  561.3	  285.0	.
920410	  950.2	  561.6	  285.0	.
920412	  950.4	  561.6	  285.0	.
920414	  950.7	  561.5	  285.0	.
920416	  952.1	  561.2	  285.0	.
920418	  952.0	  561.1	  287.0	.
920420	  952.5	  560.7	  287.0	.
920422	  951.9	  561.0	  287.0	.
920424	  951.2	  561.0	  286.0	.
920426	  951.7	  560.8	  283.0	.
920428	  951.4	  560.5	  283.0	.
920430	  951.2	  560.1	  285.0	.
920432	  951.0	  560.2	  285.0	.
920434	  951.3	  560.2	  286.0	.
920436	  951.5	  560.3	  286.0	.
920438	  951.6	  560.3	  287.0	.
920440	  952.3	  560.2	  287.0	.
920442	  952.9	  558.8	  287.0	.
920444	  952.5	  558.8	  286.0	.
920446	  952.5	  558.6	  285.0	.
920448	  951.9	  558.9	  285.0	.
920450	  952.1	  559.0	  285.0	.
920452	  951.7	  559.1	  285.0	.
920454	  951.3	  558.6	  285.0	.
920456	  951.1	  559.4	  285.0	.
920458	  951.2	  560.2	  283.0	.
920460	  951.0	  558.9	  283.0	.
920462	  951.2	  559.1	  283.0	.
920464	  951.0	  559.3	  283.0	.
920466	  950.8	  559.5	  283.0	.
920468	  951.0	  559.5	  283.0	.
920470	  950.1	  560.2	  283.0	.
920472	  950.2	  560.1	  283.0	.
920474	  950.3	  560.4	  283.0	.
920476	  950.4	  560.4	  284.0	.
920478	  950.6	  560.4	  284.0	.
920480	  950.8	  560.4	  285.0	.
920482	  951.0	  560.3	  285.0	.
920484	  950.5	  560.4	  285.0	.
920486	  950.8	  560.8	  285.0	.
920488	  950.7	  560.8	  285.0	.
920490	  950.6	  561.0	  285.0	.
920492	  951.0	  560.9	  284.0	.
920494	  951.4	  560.6	  284.0	.
920496	  950.7	  560.4	  284.0	.
920498	  951.1	  560.8	  283.0	.
920500	  950.6	  561.2	  283.0	.
920502	  950.2	  561.2	  283.0	.
920504	  950.3	  561.1	  283.0	.
920506	  950.1	  561.0	  283.0	.
920508	  949.9	  560.9	  283.0	.
920510	  950.5	  560.8	  283.0	.
920512	  950.1	  560.8	  283.0	.
920514	  950.8	  560.6	  283.0	.
920516	  951.0	  561.1	  283.0	.
920518	  951.0	  561.1	  284.0	.
920520	  950.9	  561.1	  283.0	.
920522	  951.0	  561.9	  283.0	.
920524	  950.9	  561.6	  283.0	.
920526	  950.7	  561.3	  283.0	.
920528	  951.0	  560.4	  283.0	.
920530	  951.3	  560.5	  284.0	.
920532	  951.2	  560.6	  284.0	.
920534	  951.7	  560.6	  284.0	.
920536	  952.0	  560.7	  285.0	.
920538	  952.0	  560.1	  285.0	.
920540	  952.1	  560.2	  285.0	.
920542	  952.2	  560.2	  285.0	.
920544	  952.1	  560.2	  285.0	.
920546	  952.4	  560.3	  285.0	.
920548	  952.5	  560.4	  285.0	.
920550	  952.4	  559.8	  285.0	.
920552	  953.4	  560.1	  285.0	.
920554	  953.0	  559.4	  285.0	.
920556	  952.7	  558.8	  285.0	.
920558	  952.5	  559.2	  285.0	.
920560	  952.5	  559.1	  284.0	.
920562	  952.1	  558.9	  284.0	.
920564	  953.1	  559.0	  284.0	.
920566	  953.4	  558.7	  284.0	.
920568	  953.4	  558.5	  285.0	.
920570	  953.3	  558.8	  285.0	.
920572	  952.9	  559.2	  285.0	.
920574	  952.7	  560.1	  285.0	.
920576	  952.6	  560.0	  285.0	.
920578	  952.5	  559.9	  284.0	.
920580	  952.5	  559.8	  284.0	.
920582	  950.6	  559.9	  283.0	.
920584	  950.8	  559.2	  283.0	.
920586	  951.0	  559.3	  283.0	.
920588	  951.2	  559.5	  284.0	.
920590	  951.2	  559.8	  284.0	.
920592	  951.9	  559.6	  284.0	.
920594	  952.1	  560.0	  284.0	.
920596	  951.9	  558.9	  284.0	.
920598	  951.6	  557.8	  284.0	.
920600	  952.0	  557.4	  284.0	.
920602	  951.5	  557.4	  284.0	.
920604	  951.1	  558.0	  284.0	.
920606	  950.5	  558.6	  285.0	.
920608	  950.7	  559.7	  286.0	.
920610	  950.7	  560.0	  286.0	.
920612	  950.0	  560.4	  286.0	.
920614	  949.3	  561.0	  287.0	.
920616	  948.1	  561.8	  288.0	.
920618	  948.8	  561.7	  288.0	.
920620	  949.0	  561.8	  287.0	.
920622	  948.8	  562.8	  287.0	.
920624	  949.1	  563.1	  287.0	.
920626	  948.3	  563.1	  287.0	.
920628	  947.6	  563.1	  288.0	.
920630	  947.1	  562.7	  289.0	.
920632	  946.7	  562.8	  289.0	.
920634	  946.7	  562.8	  289.0	.
920636	  946.9	  563.7	  288.0	.
920638	  946.9	  564.6	  288.0	.
920640	  946.9	  565.3	  290.0	.
920642	  946.7	  565.7	  290.0	.
920644	  946.2	  566.1	  289.0	.
920646	  946.0	  566.4	  288.0	.
920648	  946.1	  566.5	  289.0	.
920650	  945.5	  566.6	  289.0	.
920652	  945.5	  566.8	  289.0	.
920654	  945.8	  567.1	  289.0	.
920656	  945.8	  567.6	  289.0	.
920658	  945.7	  567.6	  289.0	.
920660	  947.0	  567.4	  289.0	.
920662	  948.4	  567.4	  289.0	.
920664	  948.3	  567.6	  289.0	.
920666	  948.5	  568.7	  289.0	.
920668	  948.6	  568.3	  290.0	.
920670	  948.8	  568.0	  290.0	.
920672	  948.7	  567.1	  290.0	.
920674	  950.4	  567.4	  291.0	.
920676	  952.0	  566.5	  292.0	.
920678	  951.4	  565.9	  292.0	.
920680	  951.7	  565.2	  292.0	.
920682	  952.2	  565.4	  292.0	.
MSG	920684 DSP: STIM
920684	  952.3	  565.8	  291.0	.
920686	  952.4	  565.5	  291.0	.
920688	  952.4	  565.3	  291.0	.
920690	  953.0	  564.6	  292.0	.
920692	  953.0	  564.2	  292.0	.
920694	  952.8	  563.7	  290.0	.
920696	  953.0	  564.3	  290.0	.
920698	  953.3	  564.1	  291.0	.
920700	  952.9	  564.4	  291.0	.
920702	  952.6	  564.1	  291.0	.
920704	  952.0	  564.1	  291.0	.
920706	  951.8	  564.0	  292.0	.
920708	  952.3	  564.2	  293.0	.
920710	  952.8	  564.2	  293.0	.
920712	  953.0	  564.8	  293.0	.
920714	  952.7	  564.9	  293.0	.
920716	  952.4	  566.6	  295.0	.
920718	  952.2	  566.6	  295.0	.
920720	  952.2	  567.5	  295.0	.
920722	  953.0	  566.7	  296.0	.
920724	  952.3	  566.4	  296.0	.
920726	  952.0	  564.5	  296.0	.
920728	  952.2	  565.1	  298.0	.
920730	  952.5	  565.7	  298.0	.
920732	  951.7	  566.3	  298.0	.
920734	  951.9	  566.7	  298.0	.
920736	  951.4	  569.9	  298.0	.
920738	  950.7	  569.1	  298.0	.
920740	  950.6	  569.4	  298.0	.
920742	  950.7	  569.8	  298.0	.
920744	  950.6	  570.2	  298.0	.
920746	  951.0	  570.5	  298.0	.
920748	  951.4	  570.3	  298.0	.
920750	  951.5	  570.2	  299.0	.
920752	  951.2	  569.9	  299.0	.
920754	  951.2	  569.8	  299.0	.
920756	  951.2	  569.6	  299.0	.
920758	  951.2	  569.4	  299.0	.
920760	  951.6	  569.3	  298.0	.
920762	  951.6	  569.3	  298.0	.
920764	  951.7	  569.6	  298.0	.
920766	  951.5	  569.6	  298.0	.
920768	  951.3	  569.4	  298.0	.
920770	  950.6	  568.3	  299.0	.
EFIX L   918744	920770	2028	  948.2	  556.1	    284
SSACC L  920772
920772	  950.0	  568.0	  299.0	.
920774	  944.4	  568.6	  299.0	.
920776	  938.8	  569.2	  299.0	.
920778	  924.9	  571.1	  300.0	.
920780	  908.6	  572.2	  300.0	.
920782	  880.4	  570.3	  301.0	.
920784	  854.0	  571.9	  301.0	.
920786	  820.5	  562.7	  302.0	.
920788	  790.6	  562.3	  302.0	.
920790	  760.7	  561.7	  303.0	.
920792	  738.2	  563.4	  303.0	.
920794	  713.5	  565.1	  304.0	.
920796	  696.0	  560.5	  304.0	.
920798	  673.9	  558.7	  305.0	.
920800	  649.7	  557.1	  307.0	.
920802	  623.8	  556.2	  307.0	.
920804	  595.3	  556.6	  307.0	.
920806	  570.5	  558.8	  307.0	.
920808	  548.7	  560.8	  308.0	.
920810	  527.3	  562.0	  308.0	.
920812	  515.9	  562.6	  309.0	.
920814	  516.3	  563.0	  309.0	.
920816	  516.2	  563.2	  310.0	.
920818	  516.6	  563.2	  313.0	.
ESACC L  920772	920818	48	  950.0	  568.0	  516.2	  563.2	  10.67	    367
SFIX L   920820
920820	  515.3	  563.3	  313.0	.
920822	  514.0	  560.9	  313.0	.
920824	  512.7	  558.5	  313.0	.
920826	  512.8	  559.9	  313.0	.
920828	  512.8	  561.3	  314.0	.
920830	  511.6	  560.9	  315.0	.
920832	  510.5	  561.3	  316.0	.
920834	  510.3	  561.6	  316.0	.
920836	  510.7	  561.2	  316.0	.
920838	  511.1	  562.0	  316.0	.
920840	  511.1	  561.7	  316.0	.
920842	  511.2	  561.9	  316.0	.
920844	  511.9	  562.0	  315.0	.
920846	  511.7	  562.1	  315.0	.
920848	  512.8	  560.2	  313.0	.
920850	  512.5	  561.3	  314.0	.
920852	  512.2	  561.7	  314.0	.
920854	  511.6	  561.5	  314.0	.
920856	  511.5	  562.6	  315.0	.
920858	  511.5	  563.0	  316.0	.
920860	  510.3	  563.3	  320.0	.
920862	  509.9	  563.4	  320.0	.
920864	  509.7	  562.8	  318.0	.
920866	  509.6	  562.0	  318.0	.
920868	  509.6	  561.5	  318.0	.
920870	  509.2	  561.7	  318.0	.
920872	  509.1	  559.9	  316.0	.
920874	  509.2	  559.4	  315.0	.
920876	  509.3	  559.7	  315.0	.
920878	  509.3	  560.0	  316.0	.
920880	  509.2	  560.6	  316.0	.
920882	  509.2	  560.8	  317.0	.
920884	  509.2	  560.1	  316.0	.
920886	  509.3	  560.3	  317.0	.
920888	  510.3	  559.7	  317.0	.
920890	  510.2	  559.0	  317.0	.
920892	  510.1	  557.7	  318.0	.
920894	  510.0	  557.6	  319.0	.
920896	  509.8	  557.5	  319.0	.
920898	  508.0	  555.4	  319.0	.
920900	  508.8	  555.5	  319.0	.
920902	  508.3	  555.5	  319.0	.
920904	  508.4	  556.2	  319.0	.
920906	  508.5	  556.8	  319.0	.
920908	  508.6	  555.5	  318.0	.
920910	  509.7	  554.1	  319.0	.
920912	  509.2	  554.4	  319.0	.
920914	  509.5	  554.3	  322.0	.
920916	  509.2	  554.8	  322.0	.
920918	  509.0	  555.2	  321.0	.
920920	  508.9	  555.6	  321.0	.
920922	  505.0	  556.2	  320.0	.
EFIX L   920820	920922	104	  510.4	  559.6	    317
SSACC L  920924
920924	  501.1	  557.3	  320.0	.
920926	  497.5	  557.5	  321.0	.
920928	  490.0	  559.4	  322.0	.
920930	  476.1	  561.4	  322.0	.
920932	  456.6	  565.1	  323.0	.
920934	  447.8	  567.9	  327.0	.
920936	  435.6	  568.6	  329.0	.
920938	  431.0	  569.2	  329.0	.
ESACC L  920924	920938	16	  501.1	  557.3	  435.6	  568.6	   1.58	    162
SFIX L   920940
920940	  426.4	  570.0	  323.0	.
920942	  425.3	  570.0	  323.0	.
920944	  424.4	  569.8	  323.0	.
920946	  422.6	  569.5	  323.0	.
920948	  422.3	  569.6	  323.0	.
920950	  421.9	  569.7	  323.0	.
920952	  420.9	  569.6	  323.0	.
920954	  419.8	  570.1	  324.0	.
920956	  419.2	  570.5	  323.0	.
920958	  419.3	  571.5	  323.0	.
920960	  419.4	  571.9	  323.0	.
920962	  420.6	  572.0	  323.0	.
920964	  421.4	  572.1	  323.0	.
920966	  420.9	  571.6	  324.0	.
920968	  420.6	  571.5	  324.0	.
920970	  420.5	  571.4	  326.0	.
920972	  420.5	  571.9	  328.0	.
920974	  419.1	  571.6	  328.0	.
920976	  416.4	  571.4	  327.0	.
920978	  416.4	  571.3	  327.0	.
920980	  416.5	  571.2	  327.0	.
920982	  416.5	  570.4	  326.0	.
920984	  416.3	  570.1	  326.0	.
920986	  416.0	  569.8	  327.0	.
920988	  416.0	  570.5	  327.0	.
920990	  416.6	  571.2	  327.0	.
920992	  416.5	  570.9	  326.0	.
920994	  416.2	  571.5	  326.0	.
920996	  416.3	  571.7	  326.0	.
920998	  416.2	  571.6	  327.0	.
921000	  417.1	  571.6	  327.0	.
921002	  417.7	  571.0	  327.0	.
921004	  418.4	  570.4	  327.0	.
921006	  418.6	  570.2	  325.0	.
921008	  418.8	  570.3	  325.0	.
921010	  418.5	  569.6	  325.0	.
921012	  418.4	  568.9	  325.0	.
921014	  417.9	  568.5	  325.0	.
921016	  417.4	  568.1	  325.0	.
921018	  417.2	  568.1	  325.0	.
921020	  417.4	  568.5	  326.0	.
921022	  417.5	  568.4	  328.0	.
921024	  418.5	  568.7	  328.0	.
921026	  419.4	  567.7	  328.0	.
921028	  419.4	  568.1	  328.0	.
921030	  419.4	  567.3	  329.0	.
921032	  419.6	  567.5	  329.0	.
921034	  419.4	  567.1	  329.0	.
921036	  419.3	  566.7	  329.0	.
921038	  419.2	  567.3	  329.0	.
921040	  419.3	  566.6	  329.0	.
921042	  419.3	  566.9	  329.0	.
921044	  419.2	  567.2	  329.0	.
921046	  419.3	  567.2	  328.0	.
921048	  419.5	  567.2	  328.0	.
921050	  420.1	  565.8	  327.0	.
921052	  420.5	  565.6	  327.0	.
921054	  420.6	  563.2	  327.0	.
921056	  420.7	  564.1	  327.0	.
921058	  420.6	  565.0	  329.0	.
921060	  421.0	  565.6	  329.0	.
921062	  420.1	  566.0	  329.0	.
921064	  419.4	  566.4	  329.0	.
921066	  419.2	  565.9	  330.0	.
921068	  420.1	  565.9	  330.0	.
921070	  420.0	  566.0	  330.0	.
921072	  420.2	  566.2	  329.0	.
921074	  419.7	  566.3	  329.0	.
921076	  419.5	  566.3	  328.0	.
921078	  419.3	  566.7	  327.0	.
921080	  419.4	  566.4	  327.0	.
921082	  419.4	  566.7	  327.0	.
921084	  419.3	  566.1	  327.0	.
921086	  419.8	  566.8	  327.0	.
921088	  420.4	  566.5	  327.0	.
921090	  420.2	  566.8	  327.0	.
921092	  420.1	  567.2	  327.0	.
921094	  419.7	  566.5	  327.0	.
921096	  419.5	  566.4	  327.0	.
921098	  419.7	  566.4	  328.0	.
921100	  419.8	  566.6	  328.0	.
921102	  420.1	  566.8	  329.0	.
921104	  419.8	  567.1	  329.0	.
921106	  419.7	  567.0	  328.0	.
921108	  419.8	  567.1	  327.0	.
921110	  419.3	  566.8	  327.0	.
921112	  418.9	  566.6	  328.0	.
921114	  418.8	  566.2	  328.0	.
921116	  419.0	  566.0	  328.0	.
921118	  419.2	  564.9	  328.0	.
921120	  418.8	  564.5	  328.0	.
921122	  418.4	  564.3	  328.0	.
921124	  417.2	  564.2	  328.0	.
921126	  417.5	  562.3	  328.0	.
921128	  418.1	  562.6	  328.0	.
921130	  420.1	  562.7	  329.0	.
921132	  420.5	  563.8	  331.0	.
921134	  420.6	  563.2	  331.0	.
EFIX L   920940	921134	196	  419.3	  568.0	    327
SSACC L  921136
921136	  420.7	  563.4	  330.0	.
921138	  422.2	  563.4	  330.0	.
921140	  423.8	  563.8	  330.0	.
921142	  434.0	  563.9	  330.0	.
921144	  450.4	  567.2	  330.0	.
921146	  472.0	  567.5	  332.0	.
921148	  503.6	  568.2	  334.0	.
921150	  536.6	  567.5	  334.0	.
921152	  570.8	  566.9	  334.0	.
921154	  615.9	  567.5	  334.0	.
921156	  650.0	  572.9	  332.0	.
921158	  698.2	  582.5	  331.0	.
921160	  749.8	  583.6	  328.0	.
921162	  793.8	  593.7	  328.0	.
921164	  842.6	  596.5	  327.0	.
921166	  888.7	  593.7	  327.0	.
921168	  939.6	  592.8	  327.0	.
921170	  992.7	  598.2	  327.0	.
921172	 1050.4	  601.4	  328.0	.
921174	 1096.8	  603.0	  328.0	.
921176	 1147.3	  597.4	  328.0	.
921178	 1202.1	  602.5	  327.0	.
921180	 1245.7	  597.8	  325.0	.
921182	 1293.9	  602.9	  323.0	.
921184	 1336.3	  601.9	  323.0	.
921186	 1381.9	  622.0	  323.0	.
921188	 1419.2	  622.5	  323.0	.
921190	 1452.0	  622.0	  321.0	.
921192	 1478.1	  619.6	  320.0	.
921194	 1500.9	  614.8	  320.0	.
921196	 1513.6	  611.2	  320.0	.
921198	 1517.3	  609.9	  322.0	.
921200	 1518.3	  607.5	  324.0	.
921202	 1516.7	  607.8	  324.0	.
ESACC L  921136	921202	68	  420.7	  563.4	 1518.3	  607.5	  26.25	    657
SFIX L   921204
921204	 1515.0	  608.1	  325.0	.
921206	 1513.5	  607.5	  326.0	.
921208	 1512.0	  606.9	  327.0	.
921210	 1512.2	  606.1	  327.0	.
921212	 1512.4	  605.9	  326.0	.
921214	 1512.7	  605.8	  324.0	.
921216	 1512.8	  604.3	  324.0	.
921218	 1515.0	  603.6	  324.0	.
921220	 1515.8	  603.7	  323.0	.
921222	 1516.6	  603.7	  322.0	.
921224	 1517.0	  604.2	  322.0	.
921226	 1517.2	  604.5	  321.0	.
921228	 1517.5	  604.7	  321.0	.
921230	 1517.4	  605.0	  321.0	.
921232	 1517.7	  604.8	  321.0	.
921234	 1517.6	  604.7	  321.0	.
921236	 1517.3	  605.0	  322.0	.
921238	 1517.1	  604.3	  321.0	.
921240	 1516.7	  603.7	  322.0	.
921242	 1516.9	  603.6	  322.0	.
921244	 1517.1	  603.6	  322.0	.
921246	 1516.6	  603.9	  322.0	.
921248	 1516.4	  603.4	  322.0	.
921250	 1516.2	  602.8	  322.0	.
921252	 1515.7	  603.5	  322.0	.
921254	 1515.5	  604.0	  323.0	.
921256	 1515.2	  603.2	  323.0	.
921258	 1513.5	  602.6	  323.0	.
921260	 1513.9	  602.5	  323.0	.
921262	 1514.2	  602.4	  322.0	.
921264	 1514.7	  600.8	  323.0	.
921266	 1514.2	  600.4	  323.0	.
921268	 1513.9	  599.9	  324.0	.
921270	 1513.6	  598.0	  324.0	.
921272	 1513.4	  598.1	  324.0	.
921274	 1513.5	  598.2	  324.0	.
921276	 1513.4	  597.8	  324.0	.
921278	 1513.6	  598.5	  324.0	.
921280	 1513.4	  598.8	  324.0	.
921282	 1513.2	  599.0	  325.0	.
921284	 1512.7	  599.3	  324.0	.
921286	 1512.3	  597.9	  325.0	.
921288	 1512.1	  596.4	  326.0	.
921290	 1511.8	  595.6	  326.0	.
921292	 1511.7	  595.2	  327.0	.
921294	 1511.6	  595.2	  327.0	.
921296	 1511.4	  595.9	  327.0	.
921298	 1511.8	  596.4	  327.0	.
921300	 1510.4	  596.6	  328.0	.
921302	 1509.0	  598.1	  327.0	.
921304	 1508.1	  597.0	  327.0	.
921306	 1508.2	  595.7	  328.0	.
921308	 1507.9	  596.2	  328.0	.
921310	 1508.0	  594.8	  329.0	.
921312	 1507.5	  594.7	  329.0	.
921314	 1507.0	  595.0	  329.0	.
921316	 1506.6	  594.9	  329.0	.
921318	 1506.2	  595.2	  329.0	.
921320	 1505.9	  594.9	  329.0	.
921322	 1505.8	  594.7	  330.0	.
921324	 1506.4	  595.4	  330.0	.
921326	 1506.9	  596.2	  330.0	.
921328	 1508.4	  594.7	  330.0	.
921330	 1508.5	  594.6	  331.0	.
921332	 1508.6	  594.8	  331.0	.
921334	 1509.7	  594.0	  332.0	.
EFIX L   921204	921334	132	 1512.7	  600.3	    325
SSACC L  921336
921336	 1513.2	  594.0	  333.0	.
921338	 1519.6	  593.1	  333.0	.
921340	 1530.0	  592.6	  333.0	.
921342	 1542.3	  588.4	  334.0	.
921344	 1557.7	  585.0	  333.0	.
921346	 1560.4	  583.9	  332.0	.
921348	 1563.7	  582.7	  330.0	.
921350	 1563.6	  583.4	  330.0	.
ESACC L  921336	921350	16	 1513.2	  594.0	 1563.7	  582.7	   1.27	    138
SFIX L   921352
921352	 1563.7	  583.2	  332.0	.
921354	 1563.6	  582.9	  332.0	.
921356	 1561.8	  583.7	  331.0	.
921358	 1561.0	  582.8	  331.0	.
921360	 1560.4	  582.0	  332.0	.
921362	 1559.2	  583.8	  333.0	.
921364	 1558.8	  583.5	  333.0	.
921366	 1558.5	  583.1	  334.0	.
921368	 1558.1	  582.3	  334.0	.
921370	 1557.6	  581.2	  334.0	.
921372	 1557.1	  580.0	  335.0	.
921374	 1556.6	  580.3	  334.0	.
921376	 1556.4	  579.8	  334.0	.
921378	 1555.6	  579.2	  335.0	.
921380	 1555.5	  581.6	  335.0	.
921382	 1555.6	  580.9	  335.0	.
921384	 1555.7	  580.3	  335.0	.
921386	 1556.1	  578.6	  336.0	.
921388	 1556.4	  577.1	  336.0	.
921390	 1556.4	  576.7	  336.0	.
921392	 1556.5	  576.4	  336.0	.
921394	 1556.6	  576.8	  336.0	.
921396	 1556.1	  575.4	  337.0	.
921398	 1556.6	  575.0	  338.0	.
921400	 1556.3	  575.0	  338.0	.
921402	 1555.8	  575.0	  338.0	.
921404	 1554.6	  577.0	  339.0	.
921406	 1555.1	  576.3	  339.0	.
921408	 1555.7	  575.7	  338.0	.
921410	 1556.0	  574.4	  337.0	.
921412	 1556.1	  574.3	  337.0	.
921414	 1556.0	  574.1	  336.0	.
921416	 1557.1	  574.0	  336.0	.
921418	 1556.7	  574.3	  336.0	.
921420	 1556.1	  573.4	  336.0	.
921422	 1555.7	  574.8	  336.0	.
921424	 1556.1	  574.3	  336.0	.
921426	 1555.9	  574.3	  337.0	.
921428	 1556.2	  574.3	  337.0	.
921430	 1555.4	  573.4	  338.0	.
921432	 1555.0	  572.4	  338.0	.
921434	 1555.0	  573.5	  339.0	.
921436	 1555.1	  574.5	  339.0	.
921438	 1555.0	  574.6	  338.0	.
921440	 1555.2	  574.7	  338.0	.
921442	 1555.3	  574.0	  338.0	.
921444	 1555.4	  573.4	  336.0	.
921446	 1555.4	  573.4	  336.0	.
921448	 1554.8	  573.5	  336.0	.
921450	 1554.6	  573.5	  336.0	.
921452	 1554.4	  573.7	  336.0	.
921454	 1554.2	  573.9	  335.0	.
921456	 1554.6	  573.8	  335.0	.
921458	 1554.9	  573.5	  335.0	.
921460	 1554.9	  573.3	  335.0	.
921462	 1554.8	  573.0	  335.0	.
921464	 1554.4	  574.1	  335.0	.
921466	 1554.0	  573.7	  335.0	.
921468	 1551.9	  573.9	  334.0	.
921470	 1551.7	  574.7	  334.0	.
921472	 1551.8	  574.0	  334.0	.
921474	 1551.5	  574.3	  334.0	.
921476	 1551.6	  574.6	  334.0	.
921478	 1551.4	  574.7	  334.0	.
921480	 1551.4	  574.8	  333.0	.
921482	 1551.4	  578.3	  333.0	.
921484	 1551.3	  577.7	  333.0	.
921486	 1551.3	  577.1	  333.0	.
921488	 1551.0	  579.0	  332.0	.
921490	 1550.6	  580.9	  332.0	.
921492	 1550.5	  581.6	  331.0	.
921494	 1550.8	  582.1	  331.0	.
921496	 1550.6	  582.5	  331.0	.
921498	 1550.5	  581.8	  332.0	.
921500	 1550.3	  582.5	  332.0	.
921502	 1550.0	  583.2	  332.0	.
921504	 1549.8	  583.2	  332.0	.
921506	 1549.6	  583.3	  332.0	.
921508	 1549.7	  583.6	  331.0	.
921510	 1549.7	  584.1	  331.0	.
921512	 1550.5	  585.3	  331.0	.
921514	 1550.8	  585.8	  329.0	.
921516	 1551.2	  588.8	  329.0	.
921518	 1552.1	  588.7	  329.0	.
921520	 1551.9	  588.6	  329.0	.
921522	 1552.2	  588.4	  329.0	.
921524	 1552.6	  589.7	  330.0	.
921526	 1552.0	  588.4	  331.0	.
921528	 1552.4	  588.3	  331.0	.
921530	 1552.9	  588.4	  331.0	.
921532	 1552.9	  587.6	  331.0	.
921534	 1552.8	  587.0	  331.0	.
921536	 1552.5	  587.0	  331.0	.
921538	 1552.1	  587.3	  331.0	.
921540	 1552.0	  587.4	  331.0	.
921542	 1552.3	  591.1	  327.0	.
921544	 1552.1	  590.2	  327.0	.
921546	 1552.5	  589.4	  327.0	.
921548	 1552.8	  589.4	  327.0	.
921550	 1553.6	  589.1	  327.0	.
921552	 1553.8	  589.8	  327.0	.
921554	 1554.2	  590.6	  327.0	.
921556	 1554.6	  592.3	  327.0	.
921558	 1554.4	  590.9	  327.0	.
921560	 1554.3	  591.5	  328.0	.
921562	 1554.0	  591.6	  329.0	.
921564	 1554.3	  591.2	  329.0	.
921566	 1553.6	  592.2	  325.0	.
921568	 1552.7	  591.8	  323.0	.
921570	 1552.6	  592.3	  323.0	.
921572	 1552.5	  592.6	  323.0	.
921574	 1552.7	  592.6	  323.0	.
921576	 1552.9	  592.6	  323.0	.
921578	 1554.4	  592.1	  323.0	.
921580	 1554.3	  593.3	  322.0	.
921582	 1554.2	  593.7	  322.0	.
921584	 1554.1	  593.9	  322.0	.
921586	 1554.3	  594.8	  323.0	.
921588	 1554.2	  595.0	  323.0	.
921590	 1554.2	  594.4	  323.0	.
921592	 1554.3	  593.6	  322.0	.
921594	 1555.7	  591.5	  322.0	.
921596	 1557.1	  592.0	  322.0	.
921598	 1557.6	  590.3	  321.0	.
921600	 1558.0	  589.8	  321.0	.
921602	 1558.4	  589.4	  321.0	.
921604	 1557.8	  589.3	  320.0	.
921606	 1557.5	  589.9	  319.0	.
921608	 1557.7	  590.1	  319.0	.
921610	 1557.3	  591.2	  319.0	.
921612	 1557.0	  588.9	  320.0	.
921614	 1556.9	  588.8	  320.0	.
921616	 1556.8	  589.8	  321.0	.
921618	 1556.7	  589.4	  321.0	.
921620	 1556.3	  589.0	  321.0	.
921622	 1556.5	  588.9	  322.0	.
921624	 1556.6	  588.7	  323.0	.
921626	 1557.2	  589.2	  323.0	.
921628	 1558.7	  589.5	  323.0	.
921630	 1559.5	  589.5	  323.0	.
921632	 1559.6	  589.3	  323.0	.
921634	 1558.5	  589.6	  323.0	.
921636	 1558.5	  589.8	  323.0	.
921638	 1558.7	  589.3	  322.0	.
921640	 1558.0	  589.0	  321.0	.
921642	 1557.5	  589.0	  320.0	.
921644	 1557.4	  589.4	  320.0	.
921646	 1557.4	  589.7	  320.0	.
921648	 1557.3	  589.6	  320.0	.
921650	 1557.0	  589.5	  321.0	.
921652	 1556.7	  589.6	  321.0	.
921654	 1557.4	  588.7	  321.0	.
921656	 1556.0	  589.3	  321.0	.
921658	 1554.8	  589.8	  321.0	.
921660	 1555.3	  589.7	  321.0	.
921662	 1555.9	  589.7	  321.0	.
921664	 1555.9	  591.6	  320.0	.
921666	 1556.2	  591.5	  320.0	.
921668	 1555.4	  592.1	  320.0	.
921670	 1554.6	  592.1	  320.0	.
921672	 1555.0	  591.6	  321.0	.
921674	 1555.4	  590.6	  321.0	.
921676	 1554.8	  591.5	  320.0	.
921678	 1554.9	  591.8	  320.0	.
921680	 1555.0	  591.8	  320.0	.
921682	 1555.2	  591.8	  319.0	.
921684	 1555.3	  590.7	  319.0	.
921686	 1555.9	  590.3	  319.0	.
921688	 1555.9	  590.5	  319.0	.
921690	 1556.1	  590.7	  319.0	.
921692	 1556.4	  590.5	  319.0	.
921694	 1556.5	  590.5	  320.0	.
921696	 1556.2	  588.8	  320.0	.
921698	 1556.1	  588.5	  320.0	.
921700	 1555.7	  588.7	  320.0	.
921702	 1555.5	  588.9	  320.0	.
921704	 1555.7	  590.0	  317.0	.
921706	 1555.9	  591.6	  317.0	.
921708	 1556.2	  592.0	  317.0	.
921710	 1556.3	  592.1	  318.0	.
921712	 1556.1	  591.8	  319.0	.
921714	 1556.0	  591.7	  319.0	.
921716	 1555.8	  590.3	  319.0	.
921718	 1555.4	  590.2	  321.0	.
921720	 1555.2	  590.0	  321.0	.
921722	 1555.2	  589.2	  322.0	.
921724	 1555.0	  588.9	  322.0	.
921726	 1555.8	  588.4	  322.0	.
921728	 1555.8	  589.0	  323.0	.
921730	 1555.9	  589.7	  322.0	.
921732	 1556.5	  589.8	  322.0	.
921734	 1556.6	  590.3	  323.0	.
921736	 1555.9	  589.5	  323.0	.
921738	 1556.1	  589.5	  322.0	.
921740	 1555.3	  589.4	  322.0	.
921742	 1555.1	  589.3	  322.0	.
921744	 1555.0	  588.7	  321.0	.
921746	 1555.2	  590.1	  322.0	.
921748	 1555.1	  591.3	  322.0	.
921750	 1555.1	  592.4	  322.0	.
921752	 1554.9	  592.3	  322.0	.
921754	 1554.6	  589.8	  323.0	.
921756	 1554.3	  589.1	  323.0	.
921758	 1554.9	  589.3	  323.0	.
921760	 1554.5	  589.6	  322.0	.
921762	 1555.1	  591.4	  322.0	.
921764	 1555.4	  591.7	  322.0	.
921766	 1554.7	  592.4	  322.0	.
921768	 1555.9	  590.8	  324.0	.
921770	 1557.3	  591.1	  324.0	.
921772	 1556.1	  592.0	  323.0	.
921774	 1555.0	  592.0	  322.0	.
921776	 1555.5	  591.9	  322.0	.
921778	 1555.4	  592.1	  322.0	.
921780	 1555.2	  591.9	  322.0	.
921782	 1554.8	  592.1	  322.0	.
921784	 1554.6	  592.1	  322.0	.
921786	 1554.8	  592.2	  322.0	.
921788	 1554.9	  592.0	  323.0	.
921790	 1555.3	  592.0	  323.0	.
921792	 1555.3	  590.6	  323.0	.
921794	 1555.5	  589.4	  323.0	.
921796	 1555.2	  589.6	  323.0	.
921798	 1555.6	  589.8	  322.0	.
921800	 1555.7	  589.9	  322.0	.
921802	 1555.6	  589.3	  322.0	.
921804	 1555.5	  588.6	  322.0	.
921806	 1555.6	  589.7	  322.0	.
921808	 1555.5	  590.6	  323.0	.
921810	 1553.9	  591.3	  323.0	.
921812	 1553.1	  591.5	  323.0	.
921814	 1552.4	  591.9	  324.0	.
921816	 1552.5	  591.8	  324.0	.
921818	 1552.5	  591.1	  325.0	.
921820	 1552.4	  590.5	  325.0	.
921822	 1552.7	  590.4	  325.0	.
921824	 1552.7	  590.3	  325.0	.
921826	 1552.6	  590.2	  326.0	.
EFIX L   921352	921826	476	 1555.0	  586.0	    327
SSACC L  921828
921828	 1552.6	  591.2	  326.0	.
921830	 1546.7	  591.7	  326.0	.
921832	 1541.1	  592.1	  326.0	.
921834	 1534.3	  590.5	  326.0	.
921836	 1515.0	  588.5	  326.0	.
921838	 1489.1	  595.4	  326.0	.
921840	 1457.6	  603.6	  330.0	.
921842	 1425.4	  590.1	  332.0	.
921844	 1385.7	  591.6	  333.0	.
921846	 1358.5	  591.5	  331.0	.
921848	 1323.2	  578.0	  330.0	.
921850	 1294.1	  582.6	  330.0	.
921852	 1264.2	  580.8	  330.0	.
921854	 1230.9	  586.0	  331.0	.
921856	 1197.3	  591.0	  333.0	.
921858	 1163.0	  585.6	  333.0	.
921860	 1134.4	  588.8	  332.0	.
921862	 1103.0	  590.5	  332.0	.
921864	 1069.5	  595.7	  332.0	.
921866	 1042.6	  595.5	  331.0	.
921868	 1016.6	  596.8	  331.0	.
921870	  990.0	  599.1	  331.0	.
921872	  964.6	  601.7	  330.0	.
921874	  932.2	  606.1	  330.0	.
921876	  907.8	  601.9	  328.0	.
921878	  877.5	  602.7	  328.0	.
921880	  854.1	  602.4	  328.0	.
921882	  827.1	  603.3	  329.0	.
921884	  801.8	  605.3	  328.0	.
921886	  777.8	  607.1	  328.0	.
921888	  758.6	  605.6	  328.0	.
921890	  733.2	  606.2	  328.0	.
921892	  711.6	  606.4	  328.0	.
921894	  683.9	  605.8	  329.0	.
921896	  665.7	  604.4	  329.0	.
921898	  655.2	  604.3	  329.0	.
921900	  647.2	  603.8	  331.0	.
921902	  646.0	  603.8	  331.0	.
ESACC L  921828	921902	76	 1552.6	  591.2	  647.2	  603.8	  22.06	    432
SFIX L   921904
921904	  646.5	  603.8	  331.0	.
921906	  646.7	  600.5	  331.0	.
921908	  649.0	  600.4	  331.0	.
921910	  648.5	  600.4	  332.0	.
921912	  648.1	  598.3	  334.0	.
921914	  646.8	  597.3	  334.0	.
921916	  646.9	  596.3	  335.0	.
921918	  646.5	  595.5	  336.0	.
921920	  646.2	  594.9	  336.0	.
921922	  646.6	  593.8	  336.0	.
921924	  646.7	  592.8	  336.0	.
921926	  646.7	  592.7	  336.0	.
921928	  646.8	  592.8	  336.0	.
921930	  644.9	  592.2	  337.0	.
921932	  644.0	  591.9	  337.0	.
921934	  643.0	  591.7	  336.0	.
921936	  641.3	  591.7	  336.0	.
921938	  641.1	  591.5	  336.0	.
921940	  641.7	  591.2	  336.0	.
921942	  640.9	  589.2	  336.0	.
921944	  640.8	  588.6	  336.0	.
921946	  640.8	  588.5	  337.0	.
921948	  640.6	  588.5	  337.0	.
921950	  640.4	  587.9	  339.0	.
921952	  640.5	  587.5	  339.0	.
921954	  640.4	  587.1	  336.0	.
921956	  639.5	  587.9	  336.0	.
921958	  638.5	  587.1	  336.0	.
921960	  638.4	  586.3	  336.0	.
921962	  638.8	  586.0	  336.0	.
921964	  638.3	  585.9	  336.0	.
921966	  637.7	  584.4	  337.0	.
921968	  637.6	  585.5	  338.0	.
921970	  637.3	  585.4	  338.0	.
921972	  636.7	  585.3	  338.0	.
921974	  636.1	  584.7	  338.0	.
921976	  635.5	  584.2	  338.0	.
921978	  634.9	  584.2	  338.0	.
921980	  634.4	  584.7	  339.0	.
921982	  634.1	  584.7	  339.0	.
921984	  633.8	  584.6	  338.0	.
921986	  633.7	  584.5	  338.0	.
921988	  633.6	  584.6	  338.0	.
921990	  632.2	  584.4	  338.0	.
921992	  632.2	  585.1	  337.0	.
921994	  632.2	  585.7	  337.0	.
921996	  631.8	  586.3	  336.0	.
921998	  631.5	  587.0	  337.0	.
EFIX L   921904	921998	96	  640.5	  590.0	    336
SSACC L  922000
922000	  630.9	  587.1	  337.0	.
922002	  630.2	  587.4	  337.0	.
922004	  625.8	  589.2	  338.0	.
922006	  615.2	  589.6	  338.0	.
922008	  597.4	  590.3	  338.0	.
922010	  579.7	  590.7	  338.0	.
922012	  557.6	  591.2	  338.0	.
922014	  537.6	  588.8	  339.0	.
922016	  512.3	  586.4	  339.0	.
922018	  493.5	  587.1	  339.0	.
922020	  471.7	  587.9	  339.0	.
922022	  457.7	  588.4	  339.0	.
922024	  444.5	  588.7	  339.0	.
922026	  439.3	  588.8	  338.0	.
922028	  439.3	  587.9	  338.0	.
922030	  439.2	  586.5	  338.0	.
ESACC L  922000	922030	32	  630.9	  587.1	  439.3	  587.9	   4.58	    252
SFIX L   922032
922032	  438.8	  585.0	  338.0	.
922034	  438.4	  583.3	  337.0	.
922036	  437.0	  582.5	  337.0	.
922038	  436.9	  581.7	  337.0	.
922040	  436.8	  582.7	  337.0	.
922042	  436.5	  581.8	  339.0	.
922044	  436.1	  580.8	  339.0	.
922046	  435.6	  579.9	  335.0	.
922048	  435.3	  579.9	  335.0	.
922050	  435.4	  579.9	  335.0	.
922052	  435.1	  580.7	  335.0	.
922054	  435.1	  580.8	  335.0	.
922056	  434.7	  580.7	  335.0	.
922058	  434.5	  581.3	  336.0	.
922060	  434.7	  580.7	  336.0	.
922062	  433.8	  580.4	  336.0	.
922064	  432.8	  580.3	  337.0	.
922066	  433.7	  580.2	  338.0	.
922068	  432.9	  580.1	  338.0	.
922070	  432.8	  580.2	  337.0	.
922072	  432.9	  580.2	  337.0	.
922074	  433.1	  580.3	  336.0	.
922076	  432.7	  580.2	  336.0	.
922078	  433.2	  580.8	  336.0	.
922080	  433.6	  580.6	  337.0	.
922082	  432.6	  580.5	  337.0	.
922084	  432.3	  579.7	  337.0	.
922086	  432.2	  579.6	  337.0	.
922088	  431.6	  578.8	  337.0	.
922090	  431.1	  579.5	  337.0	.
922092	  430.9	  578.5	  337.0	.
922094	  430.9	  578.0	  338.0	.
922096	  430.9	  577.4	  338.0	.
922098	  430.3	  576.6	  338.0	.
922100	  429.7	  578.2	  339.0	.
922102	  429.7	  577.7	  339.0	.
922104	  429.6	  577.3	  339.0	.
922106	  429.3	  576.3	  339.0	.
922108	  429.0	  576.0	  339.0	.
922110	  428.6	  576.0	  340.0	.
922112	  428.4	  576.1	  340.0	.
922114	  428.3	  575.4	  341.0	.
MSG	922115 TRIAL 19 END
