MSG	884554 TRIAL 15 START
MSG	886386 DRIFTCORRECT L LEFT  at 960,540  OFFSET 0.43 deg.  -14.3,8.2 pix.
MSG	887145 RECCFG P 500 2 1 
MSG	887145 GAZE_COORDS 0.00 0.00 1919.00 1079.00
START	887146 	LEFT	SAMPLES	EVENTS
PRESCALER	1
VPRESCALER	1
PUPIL	AREA
EVENTS	GAZE	LEFT	RATE	 500.00	TRACKING	P	FILTER	2
SAMPLES	GAZE	LEFT	RATE	 500.00	TRACKING	P	FILTER	2
MSG	887146 !MODE RECORD P 500 2 1
887146	  951.9	  542.2	  420.0	.
887148	  952.3	  541.9	  420.0	.
887150	  951.8	  542.0	  420.0	.
887152	  951.2	  541.7	  420.0	.
SFIX L   887154
887154	  951.1	  541.6	  420.0	.
887156	  951.0	  541.8	  421.0	.
887158	  951.3	  541.9	  421.0	.
887160	  951.4	  541.6	  421.0	.
887162	  951.6	  542.3	  423.0	.
887164	  951.6	  541.3	  423.0	.
887166	  951.9	  540.3	  421.0	.
887168	  951.4	  541.1	  421.0	.
887170	  951.7	  540.6	  420.0	.
887172	  951.8	  540.1	  420.0	.
887174	  952.1	  540.5	  420.0	.
887176	  951.9	  540.3	  420.0	.
887178	  952.6	  539.9	  420.0	.
887180	  951.5	  539.1	  420.0	.
887182	  951.3	  538.2	  420.0	.
887184	  951.3	  537.7	  420.0	.
887186	  951.2	  537.2	  420.0	.
887188	  951.3	  537.1	  419.0	.
887190	  951.4	  537.1	  420.0	.
887192	  951.7	  537.1	  419.0	.
887194	  952.0	  535.9	  419.0	.
887196	  952.3	  534.6	  419.0	.
887198	  952.9	  535.4	  420.0	.
887200	  953.4	  535.6	  420.0	.
887202	  952.3	  536.0	  420.0	.
887204	  951.8	  536.2	  420.0	.
887206	  951.6	  536.3	  420.0	.
887208	  952.1	  536.9	  421.0	.
887210	  952.5	  537.1	  422.0	.
887212	  952.5	  537.1	  422.0	.
887214	  952.4	  537.1	  422.0	.
887216	  951.8	  535.8	  421.0	.
887218	  952.4	  535.7	  421.0	.
887220	  952.6	  535.6	  421.0	.
887222	  952.4	  537.0	  420.0	.
887224	  953.0	  537.2	  420.0	.
887226	  953.5	  537.5	  420.0	.
887228	  953.1	  538.0	  421.0	.
887230	  953.3	  538.4	  422.0	.
887232	  953.5	  538.5	  422.0	.
887234	  952.7	  538.7	  422.0	.
887236	  952.4	  538.8	  422.0	.
887238	  952.2	  538.4	  422.0	.
887240	  952.5	  538.7	  421.0	.
887242	  952.3	  538.9	  421.0	.
887244	  952.3	  540.0	  421.0	.
887246	  951.9	  540.0	  421.0	.
887248	  952.2	  540.1	  421.0	.
887250	  952.1	  540.0	  423.0	.
887252	  952.1	  541.1	  423.0	.
887254	  952.3	  541.0	  422.0	.
MSG	887255 Start Recording with 0
MSG	887255 SYNCTIME
887256	  952.7	  541.0	  422.0	.
887258	  952.9	  540.8	  421.0	.
887260	  953.0	  540.8	  421.0	.
887262	  953.1	  540.6	  421.0	.
887264	  952.9	  541.0	  421.0	.
887266	  952.6	  540.8	  421.0	.
MSG	887268 DSP: FIXATION
887268	  952.6	  540.7	  421.0	.
887270	  952.4	  540.6	  422.0	.
887272	  951.6	  540.1	  422.0	.
887274	  951.5	  540.0	  422.0	.
887276	  951.4	  539.7	  422.0	.
887278	  951.4	  539.6	  422.0	.
887280	  951.5	  539.6	  421.0	.
887282	  951.7	  539.2	  421.0	.
887284	  951.8	  538.9	  421.0	.
887286	  951.9	  538.6	  421.0	.
887288	  952.5	  538.6	  421.0	.
887290	  952.2	  538.7	  421.0	.
887292	  952.4	  538.1	  421.0	.
887294	  952.1	  537.7	  421.0	.
887296	  951.8	  537.2	  421.0	.
887298	  952.3	  536.7	  421.0	.
887300	  952.1	  536.7	  421.0	.
887302	  951.8	  536.6	  421.0	.
887304	  951.7	  536.3	  421.0	.
887306	  951.7	  536.9	  423.0	.
887308	  951.1	  536.4	  423.0	.
887310	  951.1	  536.0	  423.0	.
887312	  950.7	  536.1	  423.0	.
887314	  950.3	  535.0	  423.0	.
887316	  950.4	  535.5	  423.0	.
887318	  950.6	  536.0	  422.0	.
887320	  950.9	  536.5	  422.0	.
887322	  951.1	  535.9	  422.0	.
887324	  951.3	  536.2	  422.0	.
887326	  951.2	  536.3	  422.0	.
887328	  951.1	  536.4	  421.0	.
887330	  950.7	  538.0	  421.0	.
887332	  950.1	  538.4	  421.0	.
887334	  949.9	  538.6	  421.0	.
887336	  949.6	  538.8	  421.0	.
887338	  949.4	  539.6	  421.0	.
887340	  949.0	  539.6	  421.0	.
887342	  949.1	  539.7	  421.0	.
887344	  949.0	  540.0	  421.0	.
887346	  949.7	  539.6	  420.0	.
887348	  950.4	  539.2	  419.0	.
887350	  950.4	  539.1	  420.0	.
887352	  950.3	  539.0	  419.0	.
887354	  950.1	  539.9	  420.0	.
887356	  950.4	  539.5	  420.0	.
887358	  950.7	  539.1	  421.0	.
887360	  950.2	  539.5	  421.0	.
887362	  949.8	  539.5	  421.0	.
887364	  950.1	  539.5	  421.0	.
887366	  949.7	  539.2	  421.0	.
887368	  949.2	  538.6	  421.0	.
887370	  949.4	  538.7	  421.0	.
887372	  949.2	  538.4	  421.0	.
887374	  949.3	  538.4	  419.0	.
887376	  949.3	  538.5	  419.0	.
887378	  949.3	  538.5	  419.0	.
887380	  949.7	  538.2	  420.0	.
887382	  949.2	  538.1	  420.0	.
887384	  948.6	  537.5	  420.0	.
887386	  948.5	  537.3	  421.0	.
887388	  948.4	  537.0	  421.0	.
887390	  948.6	  537.2	  421.0	.
887392	  948.6	  537.3	  421.0	.
887394	  948.8	  536.9	  420.0	.
887396	  948.1	  536.4	  420.0	.
887398	  948.6	  536.1	  420.0	.
887400	  949.0	  535.6	  420.0	.
887402	  949.0	  537.5	  420.0	.
887404	  949.4	  537.7	  420.0	.
887406	  949.7	  537.3	  422.0	.
887408	  949.0	  536.9	  422.0	.
887410	  949.0	  536.9	  423.0	.
887412	  949.1	  536.8	  423.0	.
887414	  949.2	  537.6	  423.0	.
887416	  949.4	  536.9	  422.0	.
887418	  949.7	  536.4	  422.0	.
887420	  949.9	  534.3	  422.0	.
887422	  950.0	  534.5	  421.0	.
887424	  950.2	  534.6	  421.0	.
887426	  950.4	  535.3	  421.0	.
887428	  950.1	  535.0	  422.0	.
887430	  949.8	  535.6	  422.0	.
887432	  949.8	  536.1	  422.0	.
887434	  949.8	  536.7	  422.0	.
887436	  949.8	  537.1	  423.0	.
887438	  949.9	  537.8	  423.0	.
887440	  950.0	  538.0	  422.0	.
887442	  950.4	  538.1	  422.0	.
887444	  950.2	  538.2	  422.0	.
887446	  950.4	  538.4	  422.0	.
887448	  950.6	  538.4	  422.0	.
887450	  950.6	  539.3	  422.0	.
887452	  950.7	  539.7	  422.0	.
887454	  951.0	  539.9	  423.0	.
887456	  951.3	  539.4	  423.0	.
887458	  951.9	  538.9	  422.0	.
887460	  952.2	  538.8	  422.0	.
887462	  952.2	  538.9	  421.0	.
887464	  952.0	  536.9	  421.0	.
887466	  952.3	  536.5	  421.0	.
887468	  952.5	  536.1	  421.0	.
887470	  952.7	  536.2	  421.0	.
887472	  952.8	  535.7	  421.0	.
887474	  952.8	  536.7	  421.0	.
887476	  952.6	  536.6	  423.0	.
887478	  952.0	  536.6	  423.0	.
887480	  951.4	  537.4	  422.0	.
887482	  951.3	  537.5	  421.0	.
887484	  951.3	  537.7	  421.0	.
887486	  951.2	  538.1	  421.0	.
887488	  951.3	  537.8	  421.0	.
887490	  951.4	  538.7	  421.0	.
887492	  951.4	  538.7	  420.0	.
887494	  951.3	  538.8	  420.0	.
887496	  952.9	  538.7	  420.0	.
887498	  954.4	  538.7	  420.0	.
887500	  958.5	  536.2	  420.0	.
887502	  959.8	  535.3	  418.0	.
887504	  959.7	  534.6	  417.0	.
887506	  959.4	  531.8	  417.0	.
887508	  959.4	  531.9	  419.0	.
887510	  957.2	  531.9	  419.0	.
887512	  954.9	  531.9	  419.0	.
887514	  954.3	  531.8	  419.0	.
887516	  954.1	  531.7	  418.0	.
887518	  954.9	  530.7	  417.0	.
887520	  956.0	  530.4	  416.0	.
887522	  958.2	  531.0	  415.0	.
887524	  957.8	  530.8	  415.0	.
887526	  957.3	  531.5	  415.0	.
887528	  956.2	  531.1	  414.0	.
887530	  955.0	  530.8	  413.0	.
887532	  955.8	  530.2	  412.0	.
887534	  956.0	  529.7	  407.0	.
887536	  956.3	  528.5	  407.0	.
887538	  957.3	  528.7	  407.0	.
887540	  957.3	  528.7	  406.0	.
887542	  956.6	  528.7	  406.0	.
887544	  957.0	  528.9	  406.0	.
887546	  956.2	  528.3	  406.0	.
887548	  956.3	  527.5	  400.0	.
887550	  956.3	  528.8	  400.0	.
887552	  956.3	  528.7	  400.0	.
887554	  956.1	  528.6	  400.0	.
887556	  956.0	  526.9	  399.0	.
887558	  955.5	  526.6	  396.0	.
887560	  956.1	  526.1	  394.0	.
887562	  956.5	  525.0	  394.0	.
887564	  956.0	  524.7	  394.0	.
887566	  956.0	  524.3	  394.0	.
887568	  956.1	  524.9	  394.0	.
887570	  956.7	  525.5	  391.0	.
887572	  956.7	  525.5	  389.0	.
887574	  956.6	  525.3	  388.0	.
887576	  956.7	  526.1	  387.0	.
887578	  956.7	  526.4	  386.0	.
887580	  956.8	  526.5	  385.0	.
887582	  957.3	  526.5	  382.0	.
887584	  957.6	  526.0	  382.0	.
887586	  957.8	  526.3	  380.0	.
887588	  958.1	  526.6	  378.0	.
887590	  958.3	  527.6	  375.0	.
887592	  958.3	  527.0	  375.0	.
887594	  958.3	  528.0	  374.0	.
887596	  958.4	  529.0	  374.0	.
887598	  958.3	  529.0	  371.0	.
887600	  958.3	  529.0	  370.0	.
887602	  957.8	  528.4	  368.0	.
887604	  957.9	  528.4	  368.0	.
887606	  957.9	  529.3	  369.0	.
887608	  958.3	  528.1	  369.0	.
887610	  958.3	  528.4	  368.0	.
887612	  958.4	  528.6	  365.0	.
887614	  958.7	  528.3	  365.0	.
887616	  959.0	  528.8	  365.0	.
887618	  959.2	  529.5	  364.0	.
887620	  959.3	  529.9	  359.0	.
887622	  960.2	  530.3	  356.0	.
887624	  961.2	  532.6	  356.0	.
887626	  961.0	  535.2	  351.0	.
887628	  960.6	  535.1	  350.0	.
887630	  960.4	  536.7	  349.0	.
887632	  960.1	  536.5	  347.0	.
887634	  960.5	  536.3	  345.0	.
887636	  961.0	  537.7	  344.0	.
887638	  962.1	  539.1	  343.0	.
887640	  963.2	  540.0	  340.0	.
887642	  963.5	  541.0	  337.0	.
887644	  963.6	  543.7	  335.0	.
887646	  963.6	  543.8	  334.0	.
887648	  963.6	  543.8	  333.0	.
887650	  963.5	  542.7	  333.0	.
887652	  962.4	  541.6	  330.0	.
887654	  962.1	  541.1	  330.0	.
887656	  962.0	  542.8	  329.0	.
887658	  959.8	  541.9	  328.0	.
887660	  958.9	  542.1	  327.0	.
887662	  957.9	  539.8	  326.0	.
887664	  957.7	  537.4	  326.0	.
887666	  958.2	  537.0	  321.0	.
887668	  958.7	  536.6	  319.0	.
887670	  958.7	  535.8	  318.0	.
887672	  959.1	  535.4	  318.0	.
887674	  959.5	  535.0	  318.0	.
887676	  959.4	  532.2	  314.0	.
887678	  959.1	  532.2	  314.0	.
887680	  959.3	  532.1	  313.0	.
887682	  959.4	  532.2	  313.0	.
887684	  960.0	  532.1	  311.0	.
887686	  961.0	  531.7	  310.0	.
887688	  961.6	  531.4	  308.0	.
887690	  962.9	  531.3	  308.0	.
887692	  962.8	  531.4	  308.0	.
887694	  962.9	  531.6	  307.0	.
887696	  962.9	  531.4	  304.0	.
887698	  963.1	  531.3	  304.0	.
887700	  963.6	  530.8	  304.0	.
887702	  964.3	  531.2	  303.0	.
887704	  965.0	  530.9	  303.0	.
887706	  965.7	  531.0	  301.0	.
887708	  965.5	  531.3	  301.0	.
887710	  965.7	  531.1	  301.0	.
887712	  965.3	  531.1	  299.0	.
887714	  964.9	  531.2	  298.0	.
887716	  965.5	  530.9	  298.0	.
887718	  966.1	  531.3	  297.0	.
887720	  965.7	  530.9	  297.0	.
887722	  965.3	  530.6	  297.0	.
887724	  964.3	  531.1	  293.0	.
887726	  964.0	  531.6	  292.0	.
887728	  963.7	  531.4	  292.0	.
887730	  962.4	  531.7	  292.0	.
887732	  962.5	  531.9	  291.0	.
887734	  962.6	  531.5	  291.0	.
887736	  963.3	  531.0	  291.0	.
887738	  964.1	  531.4	  291.0	.
887740	  964.5	  531.9	  285.0	.
887742	  965.0	  532.9	  285.0	.
887744	  965.4	  535.1	  283.0	.
887746	  964.8	  535.2	  283.0	.
887748	  964.1	  535.1	  283.0	.
887750	  964.3	  536.0	  283.0	.
887752	  964.5	  536.1	  285.0	.
887754	  964.8	  536.2	  285.0	.
887756	  965.1	  536.2	  279.0	.
887758	  965.3	  535.7	  279.0	.
887760	  965.4	  535.6	  279.0	.
887762	  965.5	  535.5	  279.0	.
887764	  965.2	  534.9	  279.0	.
887766	  964.8	  534.4	  278.0	.
887768	  965.1	  532.6	  277.0	.
887770	  965.6	  532.8	  277.0	.
887772	  965.1	  532.9	  278.0	.
887774	  965.3	  532.9	  278.0	.
887776	  965.1	  532.8	  277.0	.
887778	  965.0	  532.9	  277.0	.
887780	  965.5	  532.9	  276.0	.
887782	  965.7	  532.1	  275.0	.
887784	  965.7	  531.8	  275.0	.
887786	  965.7	  531.6	  275.0	.
887788	  966.0	  532.0	  274.0	.
887790	  966.2	  532.5	  274.0	.
887792	  966.1	  532.6	  273.0	.
887794	  966.3	  532.8	  272.0	.
887796	  966.2	  533.0	  272.0	.
887798	  966.6	  533.3	  271.0	.
887800	  966.8	  533.4	  270.0	.
887802	  966.5	  533.4	  271.0	.
887804	  966.5	  534.6	  272.0	.
887806	  966.6	  535.8	  272.0	.
887808	  967.2	  535.8	  272.0	.
887810	  967.7	  536.0	  270.0	.
887812	  968.0	  536.8	  269.0	.
887814	  967.2	  537.9	  269.0	.
887816	  966.2	  538.1	  269.0	.
887818	  966.2	  538.0	  269.0	.
887820	  966.3	  540.2	  267.0	.
887822	  966.6	  542.5	  265.0	.
887824	  966.1	  542.6	  264.0	.
887826	  966.5	  542.6	  264.0	.
887828	  967.1	  543.9	  262.0	.
887830	  968.4	  543.5	  261.0	.
887832	  968.2	  543.3	  260.0	.
887834	  968.1	  544.6	  260.0	.
887836	  968.5	  543.4	  260.0	.
887838	  968.4	  543.0	  260.0	.
887840	  968.6	  542.9	  260.0	.
887842	  968.5	  542.9	  260.0	.
887844	  969.0	  542.7	  259.0	.
887846	  969.1	  542.8	  259.0	.
887848	  969.0	  542.8	  259.0	.
887850	  969.2	  546.2	  255.0	.
887852	  969.3	  549.4	  252.0	.
887854	  969.4	  548.0	  252.0	.
887856	  969.8	  548.9	  252.0	.
887858	  969.9	  549.9	  253.0	.
887860	  970.0	  550.6	  253.0	.
887862	  969.9	  550.0	  253.0	.
887864	  970.2	  551.3	  253.0	.
887866	  969.1	  552.9	  252.0	.
887868	  969.1	  553.3	  250.0	.
887870	  968.9	  552.8	  250.0	.
887872	  968.8	  553.7	  249.0	.
887874	  968.8	  554.6	  248.0	.
887876	  969.1	  555.0	  247.0	.
887878	  969.2	  554.6	  247.0	.
887880	  969.7	  554.9	  247.0	.
887882	  969.8	  555.4	  247.0	.
887884	  969.8	  555.9	  247.0	.
887886	  969.7	  556.4	  247.0	.
887888	  969.5	  556.7	  247.0	.
887890	  970.0	  556.8	  247.0	.
887892	  970.0	  558.6	  247.0	.
887894	  969.9	  558.9	  246.0	.
887896	  969.1	  558.9	  246.0	.
887898	  970.3	  558.6	  243.0	.
887900	  971.6	  558.8	  243.0	.
887902	  970.5	  558.5	  243.0	.
887904	  970.2	  558.1	  243.0	.
887906	  970.6	  558.3	  243.0	.
887908	  970.6	  558.4	  244.0	.
887910	  970.6	  558.0	  244.0	.
887912	  970.6	  557.6	  244.0	.
887914	  971.8	  558.2	  244.0	.
887916	  972.1	  559.0	  244.0	.
887918	  972.4	  558.9	  244.0	.
887920	  972.4	  558.8	  244.0	.
887922	  972.1	  558.9	  242.0	.
887924	  972.3	  557.9	  242.0	.
887926	  972.6	  557.7	  242.0	.
887928	  972.3	  557.7	  241.0	.
887930	  973.4	  556.8	  240.0	.
887932	  974.6	  556.8	  240.0	.
887934	  975.1	  556.9	  240.0	.
887936	  975.0	  555.6	  240.0	.
887938	  974.8	  554.3	  240.0	.
887940	  974.2	  550.6	  238.0	.
887942	  973.1	  549.8	  236.0	.
887944	  972.1	  548.9	  235.0	.
887946	  971.6	  549.9	  235.0	.
887948	  971.9	  550.8	  235.0	.
887950	  971.8	  552.8	  236.0	.
887952	  971.4	  551.8	  237.0	.
887954	  971.3	  550.9	  237.0	.
887956	  971.4	  551.1	  236.0	.
887958	  970.8	  551.4	  236.0	.
887960	  970.1	  550.8	  236.0	.
887962	  968.7	  551.9	  236.0	.
887964	  969.1	  552.0	  235.0	.
887966	  969.5	  551.8	  235.0	.
887968	  969.7	  551.7	  235.0	.
887970	  969.5	  551.4	  235.0	.
887972	  969.5	  553.0	  235.0	.
887974	  969.7	  554.6	  236.0	.
887976	  968.9	  554.0	  237.0	.
887978	  969.4	  554.4	  237.0	.
887980	  969.7	  554.9	  236.0	.
887982	  970.5	  553.8	  236.0	.
887984	  970.0	  554.2	  236.0	.
887986	  969.6	  554.5	  236.0	.
887988	  968.6	  554.9	  235.0	.
887990	  967.3	  555.3	  235.0	.
887992	  967.3	  555.3	  235.0	.
887994	  967.8	  556.9	  235.0	.
887996	  968.1	  557.0	  235.0	.
887998	  968.3	  557.0	  235.0	.
888000	  968.2	  557.3	  235.0	.
888002	  968.2	  557.5	  234.0	.
888004	  967.6	  557.7	  234.0	.
888006	  967.9	  557.6	  234.0	.
888008	  968.1	  558.1	  235.0	.
888010	  969.0	  558.5	  236.0	.
888012	  969.7	  558.2	  236.0	.
888014	  970.7	  558.3	  236.0	.
888016	  971.0	  557.3	  236.0	.
888018	  971.0	  556.2	  235.0	.
888020	  970.5	  554.0	  234.0	.
888022	  971.1	  552.5	  234.0	.
888024	  970.9	  551.1	  234.0	.
888026	  971.5	  550.5	  231.0	.
888028	  971.4	  550.0	  231.0	.
888030	  971.6	  549.9	  231.0	.
888032	  971.4	  549.9	  231.0	.
888034	  971.2	  550.3	  232.0	.
888036	  970.5	  550.1	  233.0	.
888038	  970.4	  549.9	  233.0	.
888040	  970.6	  550.1	  233.0	.
888042	  970.7	  550.3	  233.0	.
888044	  971.1	  550.1	  233.0	.
888046	  971.4	  550.5	  233.0	.
888048	  971.8	  549.6	  233.0	.
888050	  971.8	  550.3	  233.0	.
888052	  971.5	  550.2	  233.0	.
888054	  971.1	  550.7	  232.0	.
888056	  971.7	  550.8	  233.0	.
888058	  972.2	  550.7	  233.0	.
888060	  972.1	  550.7	  233.0	.
888062	  972.0	  550.5	  234.0	.
888064	  971.9	  551.8	  235.0	.
888066	  971.5	  551.4	  235.0	.
888068	  971.5	  551.0	  234.0	.
888070	  971.6	  550.9	  234.0	.
888072	  971.5	  551.0	  234.0	.
888074	  971.6	  551.4	  234.0	.
888076	  971.9	  552.7	  235.0	.
888078	  971.0	  553.4	  235.0	.
888080	  971.6	  553.7	  236.0	.
888082	  971.5	  553.5	  235.0	.
888084	  971.4	  553.3	  235.0	.
888086	  971.9	  554.3	  234.0	.
888088	  972.4	  553.6	  234.0	.
888090	  971.8	  553.1	  234.0	.
888092	  972.4	  554.0	  234.0	.
888094	  972.2	  553.5	  235.0	.
888096	  972.2	  553.1	  235.0	.
888098	  972.3	  553.7	  236.0	.
888100	  972.3	  553.7	  236.0	.
888102	  972.9	  554.0	  236.0	.
888104	  973.1	  554.5	  237.0	.
888106	  973.3	  555.3	  238.0	.
888108	  974.2	  556.7	  238.0	.
888110	  975.0	  556.7	  238.0	.
888112	  974.1	  557.0	  238.0	.
888114	  973.2	  558.4	  238.0	.
888116	  973.8	  559.6	  238.0	.
888118	  973.5	  559.6	  238.0	.
888120	  973.3	  559.6	  238.0	.
888122	  973.9	  559.7	  238.0	.
888124	  974.6	  559.8	  240.0	.
888126	  973.7	  558.8	  239.0	.
888128	  973.5	  557.7	  239.0	.
888130	  973.4	  557.5	  238.0	.
888132	  971.9	  558.6	  238.0	.
888134	  972.3	  558.2	  238.0	.
888136	  971.8	  558.0	  238.0	.
888138	  971.5	  557.7	  238.0	.
888140	  970.9	  557.5	  238.0	.
888142	  970.6	  557.7	  238.0	.
888144	  968.7	  557.3	  238.0	.
888146	  968.3	  557.4	  238.0	.
888148	  967.7	  557.5	  239.0	.
888150	  967.7	  557.5	  241.0	.
888152	  968.2	  557.5	  241.0	.
888154	  967.9	  558.5	  241.0	.
888156	  968.2	  558.9	  241.0	.
888158	  968.6	  559.2	  242.0	.
888160	  969.0	  558.8	  242.0	.
888162	  969.4	  558.4	  242.0	.
888164	  969.6	  558.4	  242.0	.
888166	  969.4	  558.3	  242.0	.
888168	  969.2	  559.2	  242.0	.
888170	  969.1	  558.6	  242.0	.
888172	  968.0	  559.1	  242.0	.
888174	  968.1	  559.4	  242.0	.
888176	  968.4	  559.5	  244.0	.
888178	  968.0	  559.4	  244.0	.
888180	  968.3	  559.1	  244.0	.
888182	  969.0	  559.2	  244.0	.
888184	  968.5	  559.1	  244.0	.
888186	  968.3	  559.6	  244.0	.
888188	  965.9	  559.7	  245.0	.
888190	  965.9	  559.5	  246.0	.
888192	  966.1	  559.5	  246.0	.
888194	  966.4	  557.9	  247.0	.
888196	  966.6	  558.2	  247.0	.
888198	  966.9	  558.3	  247.0	.
888200	  966.9	  558.3	  248.0	.
888202	  967.2	  559.0	  249.0	.
888204	  967.0	  558.7	  249.0	.
888206	  967.2	  558.8	  249.0	.
888208	  967.2	  558.6	  249.0	.
888210	  966.2	  559.5	  250.0	.
888212	  965.0	  559.5	  251.0	.
888214	  964.9	  559.5	  252.0	.
888216	  964.8	  559.6	  252.0	.
888218	  965.0	  559.8	  253.0	.
888220	  965.0	  559.8	  252.0	.
888222	  965.7	  559.8	  252.0	.
888224	  966.3	  559.8	  252.0	.
888226	  966.3	  559.6	  252.0	.
888228	  966.3	  559.9	  253.0	.
888230	  966.2	  560.3	  253.0	.
888232	  965.8	  560.3	  252.0	.
888234	  965.8	  560.1	  253.0	.
888236	  965.9	  560.9	  253.0	.
888238	  966.0	  559.0	  253.0	.
888240	  965.8	  557.1	  254.0	.
888242	  966.9	  557.1	  256.0	.
888244	  967.2	  556.0	  256.0	.
888246	  967.5	  556.9	  255.0	.
888248	  967.6	  556.2	  256.0	.
888250	  967.9	  557.6	  256.0	.
888252	  967.7	  556.9	  255.0	.
888254	  967.8	  557.2	  255.0	.
888256	  967.4	  556.4	  256.0	.
888258	  967.4	  555.7	  257.0	.
888260	  967.3	  553.6	  257.0	.
888262	  967.6	  554.0	  258.0	.
888264	  967.5	  552.8	  259.0	.
888266	  967.8	  553.1	  259.0	.
888268	  967.8	  552.7	  260.0	.
888270	  967.9	  552.4	  261.0	.
888272	  967.7	  551.3	  262.0	.
888274	  967.5	  551.4	  262.0	.
888276	  967.9	  551.2	  262.0	.
888278	  968.3	  549.9	  262.0	.
888280	  968.5	  549.4	  262.0	.
888282	  968.7	  549.1	  262.0	.
888284	  968.7	  549.1	  262.0	.
888286	  968.7	  547.4	  263.0	.
888288	  969.1	  546.8	  264.0	.
888290	  969.8	  547.4	  266.0	.
888292	  969.5	  547.2	  266.0	.
888294	  969.7	  547.8	  266.0	.
888296	  969.6	  547.5	  267.0	.
888298	  970.1	  548.5	  267.0	.
888300	  969.6	  548.4	  267.0	.
888302	  969.2	  548.7	  267.0	.
888304	  969.2	  547.2	  268.0	.
888306	  969.5	  547.3	  271.0	.
888308	  969.2	  547.4	  271.0	.
888310	  969.4	  547.1	  271.0	.
888312	  969.5	  546.7	  271.0	.
888314	  969.2	  544.5	  272.0	.
888316	  969.0	  544.4	  274.0	.
888318	  969.7	  545.0	  277.0	.
888320	  970.4	  545.5	  277.0	.
888322	  970.1	  545.7	  276.0	.
888324	  969.8	  545.7	  275.0	.
888326	  969.7	  545.9	  275.0	.
888328	  970.1	  545.8	  275.0	.
888330	  970.7	  546.2	  275.0	.
888332	  969.8	  544.9	  274.0	.
888334	  969.7	  544.7	  274.0	.
888336	  969.7	  545.0	  274.0	.
888338	  969.7	  544.8	  274.0	.
888340	  968.2	  545.0	  275.0	.
888342	  967.7	  544.5	  280.0	.
888344	  967.8	  544.8	  280.0	.
888346	  968.0	  544.8	  279.0	.
888348	  968.4	  544.9	  279.0	.
888350	  968.5	  544.9	  279.0	.
888352	  967.9	  545.1	  278.0	.
888354	  968.2	  546.4	  278.0	.
888356	  968.3	  547.2	  278.0	.
888358	  968.4	  547.1	  278.0	.
888360	  968.4	  547.1	  280.0	.
888362	  968.4	  545.9	  280.0	.
888364	  968.8	  546.3	  280.0	.
888366	  968.9	  546.5	  280.0	.
888368	  968.9	  546.4	  281.0	.
888370	  968.5	  546.2	  281.0	.
888372	  968.4	  545.8	  281.0	.
888374	  968.9	  546.5	  281.0	.
888376	  968.5	  546.6	  281.0	.
888378	  968.2	  546.1	  281.0	.
888380	  967.9	  546.4	  281.0	.
888382	  967.6	  546.4	  281.0	.
888384	  966.7	  546.7	  281.0	.
888386	  967.4	  546.5	  281.0	.
888388	  968.0	  545.8	  282.0	.
888390	  967.5	  545.2	  283.0	.
888392	  967.6	  545.2	  283.0	.
888394	  967.4	  544.1	  283.0	.
888396	  967.5	  545.0	  283.0	.
888398	  967.4	  544.9	  283.0	.
888400	  967.4	  544.7	  283.0	.
888402	  966.9	  545.4	  284.0	.
888404	  966.9	  545.2	  284.0	.
888406	  967.1	  545.2	  289.0	.
888408	  966.8	  544.6	  289.0	.
888410	  967.3	  544.1	  287.0	.
888412	  967.0	  544.0	  287.0	.
888414	  966.8	  544.3	  287.0	.
888416	  966.4	  544.8	  288.0	.
888418	  965.9	  544.9	  289.0	.
888420	  965.7	  545.2	  289.0	.
888422	  965.9	  546.0	  289.0	.
888424	  965.3	  545.7	  292.0	.
888426	  965.2	  546.6	  292.0	.
888428	  965.0	  546.0	  290.0	.
888430	  964.8	  546.2	  289.0	.
888432	  965.2	  546.4	  289.0	.
888434	  965.5	  546.3	  289.0	.
888436	  966.4	  546.1	  289.0	.
888438	  966.4	  545.9	  289.0	.
888440	  966.4	  545.7	  289.0	.
888442	  967.2	  544.9	  290.0	.
888444	  966.2	  544.4	  290.0	.
888446	  966.7	  544.8	  291.0	.
888448	  967.1	  544.4	  291.0	.
888450	  967.3	  543.9	  291.0	.
888452	  967.7	  543.9	  291.0	.
888454	  967.8	  543.3	  291.0	.
888456	  967.8	  543.3	  291.0	.
888458	  967.3	  543.5	  291.0	.
888460	  967.0	  543.3	  291.0	.
888462	  966.5	  543.2	  291.0	.
888464	  966.4	  543.3	  292.0	.
888466	  966.6	  542.7	  293.0	.
888468	  966.8	  544.0	  294.0	.
888470	  966.9	  545.4	  295.0	.
888472	  968.4	  544.5	  295.0	.
888474	  969.0	  544.9	  294.0	.
888476	  969.7	  544.8	  295.0	.
888478	  969.1	  544.9	  295.0	.
888480	  969.6	  544.3	  295.0	.
888482	  969.5	  544.2	  296.0	.
888484	  969.3	  545.3	  298.0	.
888486	  969.0	  545.2	  298.0	.
888488	  969.0	  545.5	  297.0	.
888490	  969.3	  545.9	  296.0	.
888492	  969.6	  545.7	  296.0	.
888494	  969.5	  545.6	  296.0	.
888496	  969.5	  545.0	  296.0	.
888498	  969.4	  544.5	  296.0	.
888500	  969.5	  544.4	  297.0	.
888502	  968.9	  544.6	  297.0	.
888504	  969.6	  544.1	  298.0	.
888506	  970.2	  543.7	  299.0	.
888508	  970.2	  542.8	  299.0	.
888510	  970.2	  542.4	  303.0	.
888512	  970.2	  542.4	  303.0	.
888514	  969.8	  542.4	  303.0	.
888516	  969.5	  541.6	  303.0	.
888518	  969.3	  540.7	  303.0	.
888520	  970.2	  541.4	  303.0	.
888522	  969.6	  541.8	  302.0	.
888524	  969.8	  541.7	  302.0	.
888526	  969.6	  541.7	  303.0	.
888528	  970.6	  540.9	  303.0	.
888530	  970.3	  540.7	  303.0	.
888532	  970.0	  540.4	  303.0	.
888534	  969.9	  540.3	  303.0	.
888536	  969.9	  540.1	  303.0	.
888538	  969.2	  540.3	  304.0	.
888540	  968.9	  540.4	  304.0	.
888542	  968.6	  540.8	  304.0	.
888544	  968.3	  541.1	  303.0	.
888546	  968.4	  541.1	  303.0	.
888548	  968.5	  540.3	  303.0	.
888550	  969.2	  540.1	  303.0	.
888552	  969.7	  540.2	  303.0	.
888554	  969.4	  540.1	  303.0	.
888556	  969.1	  540.1	  303.0	.
888558	  968.7	  540.1	  303.0	.
888560	  968.8	  540.1	  304.0	.
888562	  968.7	  540.2	  304.0	.
888564	  968.9	  540.3	  304.0	.
888566	  968.7	  540.8	  303.0	.
888568	  968.6	  540.6	  303.0	.
888570	  968.5	  540.4	  305.0	.
888572	  968.5	  540.6	  305.0	.
888574	  968.1	  540.9	  304.0	.
888576	  968.2	  540.8	  303.0	.
888578	  968.3	  540.8	  303.0	.
888580	  968.4	  540.7	  304.0	.
888582	  968.5	  540.6	  304.0	.
888584	  969.2	  540.3	  304.0	.
888586	  969.8	  540.1	  304.0	.
888588	  971.9	  536.1	  304.0	.
888590	  975.4	  533.9	  304.0	.
888592	  977.1	  530.7	  304.0	.
888594	  978.9	  528.9	  305.0	.
888596	  978.4	  527.5	  306.0	.
888598	  978.1	  527.4	  307.0	.
888600	  977.1	  527.4	  307.0	.
888602	  976.6	  526.3	  307.0	.
888604	  976.1	  525.1	  307.0	.
888606	  975.3	  525.0	  307.0	.
888608	  976.0	  525.1	  308.0	.
888610	  975.2	  525.3	  307.0	.
888612	  974.3	  525.7	  308.0	.
888614	  973.9	  525.6	  308.0	.
888616	  973.5	  526.8	  308.0	.
888618	  972.1	  527.2	  309.0	.
888620	  971.4	  527.2	  310.0	.
888622	  971.2	  528.2	  310.0	.
888624	  971.1	  528.6	  310.0	.
888626	  971.1	  528.8	  309.0	.
888628	  970.9	  530.0	  309.0	.
888630	  970.8	  531.0	  311.0	.
888632	  971.0	  531.6	  311.0	.
888634	  970.7	  531.6	  310.0	.
888636	  970.3	  531.7	  310.0	.
888638	  969.4	  532.1	  310.0	.
888640	  968.8	  532.3	  310.0	.
888642	  968.3	  532.3	  310.0	.
888644	  966.8	  533.5	  310.0	.
888646	  967.0	  533.3	  310.0	.
888648	  966.8	  532.5	  310.0	.
888650	  967.0	  532.8	  310.0	.
888652	  966.6	  532.5	  310.0	.
888654	  966.5	  532.8	  312.0	.
888656	  966.9	  532.7	  312.0	.
888658	  966.9	  533.0	  312.0	.
888660	  967.3	  533.4	  311.0	.
888662	  967.3	  534.1	  310.0	.
888664	  967.3	  534.8	  310.0	.
888666	  966.9	  534.9	  310.0	.
888668	  967.4	  533.8	  310.0	.
888670	  968.0	  533.6	  309.0	.
888672	  967.9	  533.6	  310.0	.
888674	  968.3	  533.7	  310.0	.
888676	  968.6	  533.3	  311.0	.
888678	  969.3	  533.4	  311.0	.
888680	  968.7	  533.3	  310.0	.
888682	  969.3	  533.6	  310.0	.
888684	  969.3	  533.1	  310.0	.
888686	  969.5	  533.0	  312.0	.
888688	  970.6	  533.0	  312.0	.
888690	  970.9	  533.1	  312.0	.
888692	  971.2	  533.5	  312.0	.
888694	  971.4	  533.4	  312.0	.
888696	  970.9	  532.7	  312.0	.
888698	  971.5	  532.7	  312.0	.
888700	  970.3	  532.6	  312.0	.
888702	  970.6	  532.6	  312.0	.
888704	  971.0	  532.6	  311.0	.
888706	  971.7	  532.6	  311.0	.
888708	  970.6	  533.5	  311.0	.
888710	  970.9	  534.2	  312.0	.
888712	  971.1	  533.9	  313.0	.
888714	  969.7	  534.5	  313.0	.
888716	  969.7	  534.6	  313.0	.
888718	  969.7	  534.6	  313.0	.
888720	  969.2	  534.2	  313.0	.
888722	  969.4	  534.1	  313.0	.
888724	  969.8	  534.0	  314.0	.
888726	  969.6	  534.5	  314.0	.
888728	  969.9	  534.6	  313.0	.
888730	  970.0	  534.6	  313.0	.
888732	  968.8	  534.3	  312.0	.
888734	  968.5	  534.1	  312.0	.
888736	  968.5	  534.0	  312.0	.
888738	  968.4	  534.3	  312.0	.
888740	  968.6	  534.3	  313.0	.
888742	  969.3	  534.2	  312.0	.
888744	  970.2	  534.1	  312.0	.
888746	  971.0	  534.1	  311.0	.
888748	  971.4	  534.1	  311.0	.
888750	  971.7	  534.0	  311.0	.
888752	  973.2	  533.9	  310.0	.
888754	  973.6	  533.7	  311.0	.
888756	  972.9	  534.7	  312.0	.
888758	  973.3	  535.4	  312.0	.
888760	  973.2	  534.6	  312.0	.
888762	  973.0	  533.8	  312.0	.
888764	  973.1	  533.5	  312.0	.
888766	  973.1	  533.2	  312.0	.
888768	  972.4	  533.0	  312.0	.
888770	  971.6	  534.0	  312.0	.
888772	  971.5	  534.4	  312.0	.
888774	  971.6	  534.5	  312.0	.
888776	  971.6	  534.4	  312.0	.
888778	  971.5	  534.9	  312.0	.
888780	  971.0	  533.5	  312.0	.
888782	  970.4	  532.9	  312.0	.
888784	  970.6	  532.6	  311.0	.
888786	  970.8	  533.4	  311.0	.
888788	  971.9	  533.7	  311.0	.
888790	  972.4	  534.0	  311.0	.
888792	  972.8	  534.5	  313.0	.
888794	  972.4	  534.7	  313.0	.
888796	  972.7	  534.6	  313.0	.
888798	  972.7	  534.6	  313.0	.
888800	  973.4	  535.3	  313.0	.
888802	  973.4	  535.4	  313.0	.
888804	  973.5	  535.5	  313.0	.
888806	  973.3	  535.4	  313.0	.
888808	  973.3	  535.3	  313.0	.
888810	  973.4	  535.1	  314.0	.
888812	  973.3	  535.4	  315.0	.
888814	  973.1	  535.1	  317.0	.
888816	  973.2	  535.8	  317.0	.
888818	  973.3	  536.5	  317.0	.
888820	  973.1	  536.8	  317.0	.
888822	  973.4	  537.0	  312.0	.
888824	  973.9	  536.8	  312.0	.
888826	  973.5	  536.7	  312.0	.
888828	  973.2	  536.6	  311.0	.
888830	  972.3	  536.5	  311.0	.
888832	  972.1	  535.6	  312.0	.
888834	  973.3	  534.4	  312.0	.
888836	  974.7	  533.5	  312.0	.
888838	  974.5	  532.8	  312.0	.
888840	  974.8	  533.5	  310.0	.
888842	  974.8	  534.2	  310.0	.
888844	  974.1	  534.5	  310.0	.
888846	  975.3	  534.4	  310.0	.
888848	  975.9	  534.6	  310.0	.
888850	  975.9	  533.7	  310.0	.
888852	  975.8	  534.7	  310.0	.
888854	  975.5	  535.8	  310.0	.
888856	  974.9	  536.0	  309.0	.
888858	  975.0	  535.0	  309.0	.
888860	  975.3	  534.5	  309.0	.
888862	  975.1	  534.4	  310.0	.
888864	  975.9	  534.1	  311.0	.
888866	  975.9	  534.7	  311.0	.
888868	  975.6	  534.8	  311.0	.
888870	  975.1	  534.8	  311.0	.
888872	  975.4	  536.6	  311.0	.
888874	  975.0	  537.4	  311.0	.
888876	  975.1	  537.7	  312.0	.
888878	  974.9	  536.8	  312.0	.
888880	  974.6	  536.1	  313.0	.
888882	  974.8	  535.4	  313.0	.
888884	  975.3	  535.9	  313.0	.
888886	  974.6	  534.7	  313.0	.
888888	  974.5	  534.6	  312.0	.
888890	  974.7	  534.7	  311.0	.
888892	  973.8	  535.0	  310.0	.
888894	  974.1	  535.3	  310.0	.
888896	  974.5	  536.0	  310.0	.
888898	  974.0	  536.1	  310.0	.
888900	  973.7	  536.2	  308.0	.
888902	  973.4	  536.0	  309.0	.
888904	  974.0	  535.9	  310.0	.
888906	  974.5	  536.1	  312.0	.
888908	  975.2	  536.4	  312.0	.
888910	  974.1	  536.9	  312.0	.
888912	  974.5	  537.2	  312.0	.
888914	  974.3	  536.9	  313.0	.
888916	  974.6	  537.2	  313.0	.
888918	  973.8	  537.1	  313.0	.
888920	  973.1	  537.9	  313.0	.
888922	  971.5	  538.8	  311.0	.
888924	  972.2	  538.7	  311.0	.
888926	  972.9	  538.5	  311.0	.
888928	  972.6	  539.5	  310.0	.
888930	  972.3	  539.9	  310.0	.
888932	  972.4	  540.3	  311.0	.
888934	  971.9	  541.1	  311.0	.
888936	  972.0	  541.4	  311.0	.
888938	  971.6	  541.6	  311.0	.
888940	  971.3	  541.9	  311.0	.
888942	  970.4	  541.9	  311.0	.
888944	  970.9	  541.8	  311.0	.
888946	  970.4	  541.5	  311.0	.
888948	  970.6	  541.2	  311.0	.
888950	  970.5	  538.9	  311.0	.
888952	  970.6	  539.1	  311.0	.
888954	  970.5	  539.1	  310.0	.
888956	  970.5	  539.6	  309.0	.
888958	  970.3	  539.7	  309.0	.
888960	  970.3	  539.5	  309.0	.
888962	  969.5	  539.4	  309.0	.
888964	  968.5	  537.7	  311.0	.
888966	  968.0	  535.8	  311.0	.
888968	  968.4	  537.1	  311.0	.
888970	  968.0	  537.7	  311.0	.
888972	  968.4	  537.7	  312.0	.
888974	  968.5	  537.4	  312.0	.
888976	  968.3	  537.1	  312.0	.
888978	  968.3	  537.0	  312.0	.
888980	  967.5	  536.9	  312.0	.
888982	  967.1	  535.4	  312.0	.
888984	  967.0	  535.3	  312.0	.
888986	  967.0	  536.0	  312.0	.
888988	  967.0	  536.1	  312.0	.
888990	  967.0	  535.9	  312.0	.
888992	  967.0	  535.6	  312.0	.
888994	  966.3	  533.2	  313.0	.
888996	  966.6	  533.2	  314.0	.
888998	  966.9	  533.3	  314.0	.
889000	  967.1	  533.5	  314.0	.
889002	  967.5	  533.7	  314.0	.
889004	  968.0	  534.6	  315.0	.
889006	  968.3	  533.8	  317.0	.
889008	  967.5	  533.8	  317.0	.
889010	  966.9	  533.8	  317.0	.
889012	  967.1	  533.7	  317.0	.
889014	  966.6	  533.7	  317.0	.
889016	  967.2	  534.8	  317.0	.
889018	  967.4	  534.6	  316.0	.
889020	  967.4	  535.2	  318.0	.
889022	  967.9	  535.3	  319.0	.
889024	  967.2	  535.3	  317.0	.
889026	  966.5	  535.4	  317.0	.
889028	  966.1	  535.6	  317.0	.
889030	  965.6	  535.0	  317.0	.
889032	  965.4	  534.8	  317.0	.
889034	  965.9	  534.9	  316.0	.
889036	  965.2	  534.1	  316.0	.
889038	  964.7	  534.6	  316.0	.
889040	  965.2	  534.9	  316.0	.
889042	  965.8	  535.0	  317.0	.
889044	  965.6	  535.2	  317.0	.
889046	  965.7	  534.6	  317.0	.
889048	  965.5	  535.2	  317.0	.
889050	  966.3	  535.6	  316.0	.
889052	  966.5	  535.9	  316.0	.
889054	  966.5	  535.5	  316.0	.
889056	  967.0	  535.0	  316.0	.
889058	  967.6	  534.9	  316.0	.
889060	  967.6	  534.9	  317.0	.
889062	  967.5	  534.4	  317.0	.
889064	  967.1	  534.2	  317.0	.
889066	  967.2	  534.2	  317.0	.
889068	  966.4	  535.3	  317.0	.
889070	  966.1	  535.2	  317.0	.
889072	  966.2	  534.9	  317.0	.
889074	  966.2	  533.6	  317.0	.
889076	  966.2	  533.6	  317.0	.
889078	  966.1	  534.1	  317.0	.
889080	  966.3	  534.4	  317.0	.
889082	  966.0	  536.2	  319.0	.
889084	  965.6	  536.6	  321.0	.
889086	  965.6	  536.7	  321.0	.
889088	  965.6	  536.8	  321.0	.
889090	  965.2	  536.9	  321.0	.
889092	  966.2	  536.8	  321.0	.
889094	  967.2	  536.8	  321.0	.
889096	  966.8	  537.0	  321.0	.
889098	  966.5	  536.7	  320.0	.
889100	  965.7	  537.4	  321.0	.
889102	  965.0	  538.1	  321.0	.
889104	  964.9	  538.6	  322.0	.
889106	  964.8	  538.3	  322.0	.
889108	  963.7	  538.0	  322.0	.
889110	  963.6	  537.4	  322.0	.
889112	  963.5	  537.1	  322.0	.
889114	  963.1	  536.9	  323.0	.
889116	  963.6	  537.4	  323.0	.
889118	  963.9	  536.9	  323.0	.
889120	  964.0	  537.7	  324.0	.
889122	  963.2	  538.0	  324.0	.
889124	  963.5	  538.1	  324.0	.
889126	  963.0	  538.3	  324.0	.
889128	  963.3	  538.4	  324.0	.
889130	  963.2	  538.8	  324.0	.
889132	  963.5	  537.6	  324.0	.
889134	  963.9	  537.3	  324.0	.
889136	  964.4	  537.3	  324.0	.
889138	  964.0	  537.5	  325.0	.
889140	  963.6	  537.9	  325.0	.
889142	  963.3	  537.4	  326.0	.
889144	  962.8	  536.8	  326.0	.
889146	  963.2	  536.9	  326.0	.
889148	  963.2	  537.0	  326.0	.
889150	  963.7	  537.0	  325.0	.
889152	  964.2	  536.6	  326.0	.
889154	  963.3	  536.9	  326.0	.
889156	  962.5	  537.1	  325.0	.
889158	  962.2	  536.9	  325.0	.
889160	  962.3	  538.1	  325.0	.
889162	  962.3	  537.6	  325.0	.
889164	  962.5	  538.3	  325.0	.
889166	  962.8	  538.9	  326.0	.
889168	  963.7	  539.2	  327.0	.
889170	  963.9	  539.6	  327.0	.
889172	  963.7	  540.5	  327.0	.
889174	  963.4	  540.8	  327.0	.
889176	  963.0	  540.9	  326.0	.
889178	  963.0	  541.5	  326.0	.
889180	  962.9	  541.5	  326.0	.
889182	  962.7	  541.6	  327.0	.
889184	  963.1	  542.0	  328.0	.
889186	  962.8	  542.0	  328.0	.
889188	  962.7	  541.9	  327.0	.
889190	  962.5	  541.8	  327.0	.
889192	  962.5	  541.4	  328.0	.
889194	  962.6	  541.6	  329.0	.
889196	  962.8	  541.8	  330.0	.
889198	  962.8	  541.9	  330.0	.
889200	  963.6	  541.9	  330.0	.
889202	  963.5	  542.2	  330.0	.
889204	  964.0	  541.8	  330.0	.
889206	  963.9	  541.5	  331.0	.
889208	  964.5	  542.9	  331.0	.
889210	  964.3	  543.2	  331.0	.
889212	  964.4	  543.0	  331.0	.
889214	  964.4	  542.7	  332.0	.
889216	  964.5	  541.9	  333.0	.
889218	  964.4	  541.0	  333.0	.
889220	  964.8	  540.4	  333.0	.
889222	  964.3	  540.5	  332.0	.
889224	  965.0	  540.6	  333.0	.
889226	  965.6	  540.7	  333.0	.
889228	  965.2	  541.1	  333.0	.
889230	  964.8	  541.4	  333.0	.
889232	  965.1	  542.1	  333.0	.
889234	  965.0	  542.2	  332.0	.
889236	  965.1	  542.2	  332.0	.
889238	  965.1	  542.4	  332.0	.
889240	  964.7	  542.5	  332.0	.
889242	  964.8	  542.5	  332.0	.
889244	  964.3	  542.6	  332.0	.
889246	  963.8	  542.7	  332.0	.
889248	  964.8	  542.6	  332.0	.
889250	  965.6	  541.3	  332.0	.
889252	  965.4	  540.9	  332.0	.
889254	  965.1	  540.6	  332.0	.
889256	  964.4	  540.3	  332.0	.
889258	  964.0	  540.1	  332.0	.
889260	  964.0	  540.3	  332.0	.
889262	  964.1	  540.6	  332.0	.
889264	  964.2	  540.0	  334.0	.
889266	  964.1	  540.2	  334.0	.
889268	  964.1	  540.2	  334.0	.
889270	  963.7	  540.5	  334.0	.
889272	  964.4	  540.5	  333.0	.
889274	  965.0	  540.5	  333.0	.
889276	  964.7	  540.5	  334.0	.
889278	  964.2	  540.4	  334.0	.
889280	  964.5	  539.7	  334.0	.
889282	  964.1	  539.3	  334.0	.
889284	  964.3	  540.4	  334.0	.
889286	  964.3	  541.7	  335.0	.
889288	  964.3	  541.6	  335.0	.
889290	  964.4	  541.5	  335.0	.
889292	  964.5	  541.4	  334.0	.
889294	  964.3	  541.6	  333.0	.
889296	  964.2	  540.4	  333.0	.
889298	  966.3	  538.9	  333.0	.
889300	  966.4	  538.6	  334.0	.
889302	  966.4	  538.5	  334.0	.
889304	  972.3	  536.0	  334.0	.
889306	  975.1	  535.6	  335.0	.
889308	  978.8	  534.6	  336.0	.
889310	  979.7	  534.0	  336.0	.
889312	  978.6	  533.6	  336.0	.
889314	  978.0	  533.7	  337.0	.
889316	  977.7	  533.7	  337.0	.
889318	  977.4	  533.9	  336.0	.
889320	  977.1	  533.3	  336.0	.
889322	  977.0	  534.4	  335.0	.
889324	  976.9	  533.5	  334.0	.
889326	  976.7	  532.7	  334.0	.
889328	  976.5	  533.0	  334.0	.
889330	  976.6	  532.3	  334.0	.
889332	  976.1	  531.5	  334.0	.
889334	  976.5	  531.0	  334.0	.
889336	  976.6	  530.5	  335.0	.
889338	  976.6	  530.1	  335.0	.
889340	  976.3	  530.6	  335.0	.
889342	  976.1	  530.3	  335.0	.
889344	  976.2	  530.6	  335.0	.
889346	  976.2	  531.0	  334.0	.
889348	  976.8	  529.3	  334.0	.
889350	  977.0	  529.1	  336.0	.
889352	  977.0	  528.8	  337.0	.
889354	  976.8	  528.3	  339.0	.
889356	  976.7	  528.7	  339.0	.
889358	  976.9	  529.1	  337.0	.
889360	  976.5	  528.3	  337.0	.
889362	  976.0	  527.5	  337.0	.
889364	  976.4	  527.6	  337.0	.
889366	  975.9	  527.5	  338.0	.
889368	  975.9	  527.3	  338.0	.
889370	  975.9	  529.5	  338.0	.
889372	  976.1	  527.8	  338.0	.
889374	  977.0	  526.1	  338.0	.
889376	  977.3	  525.4	  338.0	.
889378	  976.8	  525.0	  338.0	.
889380	  976.5	  526.5	  337.0	.
889382	  976.7	  526.1	  337.0	.
889384	  976.7	  526.6	  337.0	.
889386	  977.0	  524.0	  337.0	.
889388	  977.0	  523.5	  338.0	.
889390	  977.0	  523.1	  339.0	.
889392	  977.5	  520.7	  338.0	.
889394	  978.3	  523.3	  337.0	.
889396	  978.2	  522.6	  338.0	.
889398	  978.1	  524.4	  338.0	.
889400	  978.2	  524.6	  338.0	.
889402	  977.9	  524.2	  339.0	.
889404	  977.7	  523.7	  341.0	.
889406	  977.4	  522.8	  340.0	.
889408	  977.3	  521.7	  341.0	.
889410	  976.6	  517.3	  341.0	.
889412	  976.6	  517.9	  341.0	.
889414	  977.4	  518.5	  341.0	.
889416	  977.1	  517.5	  341.0	.
889418	  977.6	  518.1	  341.0	.
889420	  977.7	  518.8	  342.0	.
889422	  977.4	  518.6	  342.0	.
889424	  977.3	  519.2	  340.0	.
889426	  976.0	  519.0	  339.0	.
889428	  976.2	  518.9	  338.0	.
889430	  976.6	  519.0	  338.0	.
889432	  976.1	  518.6	  338.0	.
889434	  976.1	  519.6	  338.0	.
889436	  976.1	  520.5	  338.0	.
889438	  976.1	  520.2	  338.0	.
889440	  976.1	  523.4	  338.0	.
889442	  976.0	  526.6	  336.0	.
889444	  975.3	  528.1	  335.0	.
889446	  975.6	  529.4	  334.0	.
889448	  975.7	  530.3	  334.0	.
889450	  975.8	  528.8	  334.0	.
889452	  976.9	  529.5	  333.0	.
889454	  977.1	  529.7	  332.0	.
889456	  977.0	  530.1	  332.0	.
889458	  977.1	  530.3	  332.0	.
889460	  977.1	  530.6	  332.0	.
889462	  977.3	  532.0	  331.0	.
889464	  977.3	  533.6	  331.0	.
889466	  977.6	  534.2	  330.0	.
889468	  976.0	  535.1	  331.0	.
889470	  975.6	  534.7	  330.0	.
889472	  975.6	  536.0	  331.0	.
889474	  975.6	  535.3	  330.0	.
889476	  975.8	  536.7	  328.0	.
889478	  975.9	  537.3	  330.0	.
889480	  976.0	  537.6	  330.0	.
889482	  976.0	  536.2	  329.0	.
889484	  976.1	  537.3	  330.0	.
889486	  976.5	  538.2	  329.0	.
889488	  976.7	  538.2	  330.0	.
889490	  976.5	  537.9	  329.0	.
889492	  976.4	  538.2	  329.0	.
889494	  977.0	  537.7	  329.0	.
889496	  976.3	  538.4	  329.0	.
889498	  977.4	  538.6	  329.0	.
889500	  977.3	  538.8	  329.0	.
889502	  977.4	  538.7	  329.0	.
889504	  977.0	  538.7	  329.0	.
889506	  977.1	  538.5	  329.0	.
889508	  977.3	  538.8	  332.0	.
889510	  976.7	  538.8	  331.0	.
889512	  976.5	  539.9	  331.0	.
889514	  976.5	  540.3	  331.0	.
889516	  976.9	  540.3	  330.0	.
889518	  977.4	  539.8	  330.0	.
889520	  977.2	  539.5	  328.0	.
889522	  977.8	  538.6	  326.0	.
889524	  978.3	  536.6	  326.0	.
889526	  978.0	  536.6	  326.0	.
889528	  977.6	  536.6	  326.0	.
889530	  977.2	  535.1	  326.0	.
889532	  977.0	  535.6	  326.0	.
889534	  977.0	  535.1	  325.0	.
889536	  976.2	  535.4	  325.0	.
889538	  975.6	  535.6	  326.0	.
889540	  974.9	  534.9	  326.0	.
889542	  975.8	  536.2	  326.0	.
889544	  976.3	  536.4	  324.0	.
889546	  976.3	  536.6	  324.0	.
889548	  976.1	  536.0	  324.0	.
889550	  976.6	  536.1	  323.0	.
889552	  976.2	  536.4	  322.0	.
889554	  976.2	  536.7	  322.0	.
889556	  976.3	  536.9	  324.0	.
889558	  976.4	  536.4	  324.0	.
889560	  976.8	  537.5	  324.0	.
889562	  976.5	  538.6	  325.0	.
889564	  976.8	  537.5	  323.0	.
889566	  976.7	  536.5	  323.0	.
889568	  976.4	  536.0	  323.0	.
889570	  976.5	  535.4	  323.0	.
889572	  977.6	  535.6	  323.0	.
889574	  977.8	  536.0	  322.0	.
889576	  977.4	  536.8	  322.0	.
889578	  977.1	  537.5	  322.0	.
889580	  977.0	  537.8	  322.0	.
889582	  977.4	  537.3	  323.0	.
889584	  977.7	  537.6	  325.0	.
889586	  978.3	  537.8	  325.0	.
889588	  978.4	  536.3	  323.0	.
889590	  978.7	  536.8	  323.0	.
889592	  978.2	  537.5	  324.0	.
889594	  978.1	  536.3	  326.0	.
889596	  977.4	  536.9	  326.0	.
889598	  976.6	  537.5	  324.0	.
889600	  976.6	  537.2	  323.0	.
889602	  976.7	  537.1	  323.0	.
889604	  976.8	  537.1	  323.0	.
889606	  976.1	  536.3	  323.0	.
889608	  976.3	  535.4	  324.0	.
889610	  975.9	  535.9	  324.0	.
889612	  976.0	  536.4	  324.0	.
889614	  975.8	  536.3	  324.0	.
889616	  975.6	  536.6	  324.0	.
889618	  976.4	  536.6	  324.0	.
889620	  977.1	  536.6	  324.0	.
889622	  977.2	  538.0	  324.0	.
889624	  977.4	  539.5	  324.0	.
889626	  977.2	  541.5	  324.0	.
889628	  977.4	  541.9	  324.0	.
889630	  977.4	  540.9	  324.0	.
889632	  977.5	  539.9	  324.0	.
889634	  977.7	  539.3	  323.0	.
889636	  977.8	  539.0	  323.0	.
889638	  977.9	  538.8	  324.0	.
889640	  977.0	  538.9	  324.0	.
889642	  976.7	  538.9	  322.0	.
889644	  976.7	  539.3	  321.0	.
889646	  976.7	  539.6	  321.0	.
889648	  977.9	  538.1	  321.0	.
889650	  977.9	  537.9	  322.0	.
889652	  977.9	  538.4	  322.0	.
889654	  977.7	  538.2	  322.0	.
889656	  977.9	  539.5	  322.0	.
889658	  978.0	  540.7	  322.0	.
889660	  979.0	  539.4	  322.0	.
889662	  979.0	  539.2	  322.0	.
889664	  979.1	  539.5	  322.0	.
889666	  979.2	  537.7	  321.0	.
889668	  979.6	  538.8	  322.0	.
889670	  979.1	  539.3	  322.0	.
889672	  978.7	  539.3	  324.0	.
889674	  979.0	  539.3	  324.0	.
889676	  978.6	  538.1	  324.0	.
889678	  979.0	  538.2	  324.0	.
889680	  979.5	  538.1	  324.0	.
889682	  979.2	  538.1	  324.0	.
889684	  978.9	  538.1	  323.0	.
889686	  978.6	  538.2	  324.0	.
889688	  978.6	  538.2	  324.0	.
889690	  978.6	  538.1	  326.0	.
889692	  978.5	  537.9	  326.0	.
889694	  978.4	  537.3	  322.0	.
889696	  978.1	  535.5	  322.0	.
889698	  978.6	  536.4	  322.0	.
889700	  979.2	  537.2	  322.0	.
889702	  978.8	  537.1	  322.0	.
889704	  978.5	  536.9	  322.0	.
889706	  978.7	  537.5	  322.0	.
889708	  978.9	  538.1	  327.0	.
889710	  979.0	  539.4	  326.0	.
889712	  978.8	  539.0	  325.0	.
889714	  978.7	  538.7	  325.0	.
889716	  978.7	  538.4	  325.0	.
889718	  977.2	  539.1	  325.0	.
889720	  976.9	  539.0	  325.0	.
889722	  977.1	  539.2	  326.0	.
889724	  977.4	  539.4	  326.0	.
889726	  977.5	  539.6	  326.0	.
889728	  977.7	  539.6	  326.0	.
889730	  978.4	  539.6	  325.0	.
889732	  978.0	  539.3	  325.0	.
889734	  978.1	  539.3	  325.0	.
889736	  976.9	  539.6	  325.0	.
889738	  976.6	  539.3	  325.0	.
889740	  976.3	  539.1	  325.0	.
889742	  976.4	  539.8	  326.0	.
889744	  975.8	  539.7	  326.0	.
889746	  976.2	  539.4	  325.0	.
889748	  975.4	  539.3	  325.0	.
889750	  975.5	  539.0	  325.0	.
889752	  975.8	  538.9	  324.0	.
889754	  975.9	  539.0	  325.0	.
889756	  976.0	  538.2	  326.0	.
889758	  975.8	  538.6	  326.0	.
889760	  976.5	  538.2	  326.0	.
889762	  977.3	  538.1	  326.0	.
889764	  977.6	  537.8	  326.0	.
889766	  977.2	  537.8	  327.0	.
889768	  976.9	  537.9	  327.0	.
889770	  977.2	  536.4	  326.0	.
889772	  976.6	  536.8	  326.0	.
889774	  976.9	  537.0	  326.0	.
889776	  977.2	  537.4	  326.0	.
889778	  977.3	  537.7	  326.0	.
889780	  977.4	  538.0	  327.0	.
889782	  976.9	  537.8	  327.0	.
889784	  976.4	  537.9	  327.0	.
889786	  975.4	  538.0	  326.0	.
889788	  975.4	  538.1	  326.0	.
889790	  975.4	  538.1	  327.0	.
889792	  976.3	  537.9	  328.0	.
889794	  975.7	  538.0	  328.0	.
889796	  975.7	  539.3	  328.0	.
889798	  975.6	  539.0	  330.0	.
889800	  975.5	  539.5	  330.0	.
889802	  975.6	  540.1	  330.0	.
889804	  975.5	  540.3	  331.0	.
889806	  975.6	  540.4	  332.0	.
889808	  975.1	  540.6	  332.0	.
889810	  975.8	  541.0	  332.0	.
889812	  975.1	  540.8	  332.0	.
889814	  974.5	  541.3	  332.0	.
889816	  972.6	  541.9	  332.0	.
889818	  972.5	  541.9	  333.0	.
889820	  972.8	  541.9	  333.0	.
889822	  972.6	  541.9	  333.0	.
889824	  972.3	  542.9	  333.0	.
889826	  971.5	  544.1	  333.0	.
889828	  970.5	  543.6	  334.0	.
889830	  970.9	  544.2	  334.0	.
889832	  971.1	  544.3	  334.0	.
889834	  971.8	  544.4	  334.0	.
889836	  972.2	  545.8	  334.0	.
889838	  972.3	  545.7	  335.0	.
889840	  972.3	  545.7	  335.0	.
889842	  972.0	  545.9	  334.0	.
889844	  971.6	  545.6	  335.0	.
889846	  971.4	  545.4	  335.0	.
889848	  971.0	  544.6	  337.0	.
889850	  969.4	  544.8	  337.0	.
889852	  969.7	  543.1	  337.0	.
889854	  970.2	  542.6	  337.0	.
889856	  971.4	  543.0	  336.0	.
889858	  972.5	  541.5	  335.0	.
889860	  972.2	  540.1	  335.0	.
889862	  972.1	  539.5	  336.0	.
889864	  972.4	  539.5	  336.0	.
889866	  972.5	  538.3	  336.0	.
889868	  972.4	  538.1	  335.0	.
889870	  972.2	  538.0	  336.0	.
889872	  971.1	  537.3	  335.0	.
889874	  971.7	  537.6	  335.0	.
889876	  970.8	  536.0	  334.0	.
889878	  970.1	  536.3	  334.0	.
889880	  970.2	  537.1	  334.0	.
889882	  970.3	  536.5	  334.0	.
889884	  970.4	  535.8	  334.0	.
889886	  970.6	  537.4	  334.0	.
889888	  971.7	  536.3	  335.0	.
889890	  973.0	  535.5	  337.0	.
889892	  973.3	  536.7	  337.0	.
889894	  973.4	  537.0	  333.0	.
889896	  972.6	  537.2	  333.0	.
889898	  972.0	  538.5	  335.0	.
889900	  970.6	  537.9	  335.0	.
889902	  971.2	  537.2	  334.0	.
889904	  971.3	  537.8	  334.0	.
889906	  971.2	  536.4	  335.0	.
889908	  971.7	  536.8	  338.0	.
889910	  971.1	  537.4	  338.0	.
889912	  971.0	  535.9	  338.0	.
889914	  971.4	  536.1	  338.0	.
889916	  971.5	  536.1	  339.0	.
889918	  971.8	  536.7	  339.0	.
889920	  972.0	  537.2	  338.0	.
889922	  972.0	  539.0	  337.0	.
889924	  971.9	  538.7	  337.0	.
889926	  971.9	  538.9	  337.0	.
889928	  972.0	  539.0	  336.0	.
889930	  972.3	  539.7	  335.0	.
889932	  972.4	  540.1	  335.0	.
889934	  971.7	  540.6	  335.0	.
889936	  970.8	  539.9	  335.0	.
889938	  970.3	  539.1	  335.0	.
889940	  970.5	  539.2	  335.0	.
889942	  970.0	  538.6	  335.0	.
889944	  970.3	  539.1	  335.0	.
889946	  970.2	  539.7	  335.0	.
889948	  970.7	  541.4	  335.0	.
889950	  970.9	  541.4	  334.0	.
889952	  971.0	  541.2	  334.0	.
889954	  971.3	  541.6	  334.0	.
889956	  971.3	  540.8	  334.0	.
889958	  971.2	  541.5	  335.0	.
889960	  970.8	  538.8	  334.0	.
889962	  971.1	  538.7	  335.0	.
889964	  971.4	  538.9	  334.0	.
889966	  971.2	  539.2	  335.0	.
889968	  971.1	  539.9	  336.0	.
889970	  971.2	  540.7	  338.0	.
889972	  971.2	  540.9	  338.0	.
889974	  971.3	  541.2	  337.0	.
889976	  971.3	  541.2	  336.0	.
889978	  971.0	  540.5	  336.0	.
889980	  971.7	  539.6	  336.0	.
889982	  971.4	  539.8	  335.0	.
889984	  971.8	  538.4	  335.0	.
889986	  972.3	  537.7	  335.0	.
889988	  971.8	  537.6	  335.0	.
889990	  971.8	  537.5	  335.0	.
889992	  972.0	  536.8	  335.0	.
889994	  971.5	  537.5	  334.0	.
889996	  970.8	  535.9	  334.0	.
889998	  971.2	  535.9	  334.0	.
890000	  971.7	  536.0	  334.0	.
890002	  971.7	  535.4	  335.0	.
890004	  971.4	  535.7	  337.0	.
890006	  972.4	  535.8	  337.0	.
890008	  973.3	  534.3	  337.0	.
890010	  973.5	  534.1	  336.0	.
890012	  973.5	  534.4	  336.0	.
890014	  973.5	  532.2	  336.0	.
890016	  973.8	  532.7	  337.0	.
890018	  974.1	  533.1	  337.0	.
890020	  973.9	  532.9	  336.0	.
890022	  973.8	  533.8	  335.0	.
890024	  973.9	  534.7	  335.0	.
890026	  973.8	  534.1	  334.0	.
890028	  974.0	  534.7	  334.0	.
890030	  974.0	  535.4	  334.0	.
890032	  974.1	  537.4	  333.0	.
890034	  974.3	  537.1	  332.0	.
890036	  974.6	  539.8	  332.0	.
890038	  974.5	  540.1	  332.0	.
890040	  974.4	  539.2	  336.0	.
890042	  973.1	  539.8	  336.0	.
890044	  973.0	  539.1	  336.0	.
890046	  972.9	  538.4	  336.0	.
890048	  972.3	  538.8	  334.0	.
890050	  972.2	  536.2	  333.0	.
890052	  972.2	  536.3	  333.0	.
890054	  972.1	  536.2	  333.0	.
890056	  972.1	  537.0	  333.0	.
890058	  972.4	  537.6	  333.0	.
890060	  972.8	  538.4	  334.0	.
890062	  972.8	  538.3	  334.0	.
890064	  973.2	  538.3	  333.0	.
890066	  973.3	  538.8	  333.0	.
890068	  973.3	  538.5	  334.0	.
890070	  973.3	  539.6	  334.0	.
890072	  973.5	  540.9	  336.0	.
890074	  973.6	  541.1	  336.0	.
890076	  974.0	  541.5	  335.0	.
890078	  974.1	  541.3	  335.0	.
890080	  973.9	  541.3	  335.0	.
890082	  973.5	  540.5	  333.0	.
890084	  972.8	  539.7	  333.0	.
890086	  972.1	  539.8	  331.0	.
890088	  971.5	  539.8	  331.0	.
890090	  972.0	  538.4	  332.0	.
890092	  971.9	  537.2	  332.0	.
890094	  971.9	  536.8	  332.0	.
890096	  973.2	  536.4	  331.0	.
890098	  973.3	  536.1	  331.0	.
890100	  973.2	  533.1	  331.0	.
890102	  973.5	  533.9	  331.0	.
890104	  973.0	  534.8	  331.0	.
890106	  972.8	  535.0	  332.0	.
890108	  972.8	  534.4	  332.0	.
890110	  972.7	  533.8	  333.0	.
890112	  972.5	  532.6	  333.0	.
890114	  972.2	  532.3	  333.0	.
890116	  971.2	  531.4	  333.0	.
890118	  970.8	  531.3	  334.0	.
890120	  971.6	  531.6	  334.0	.
890122	  972.3	  531.0	  334.0	.
890124	  972.8	  531.6	  333.0	.
890126	  972.6	  532.4	  333.0	.
890128	  972.5	  532.5	  333.0	.
890130	  971.8	  532.6	  333.0	.
890132	  972.5	  533.6	  333.0	.
890134	  972.6	  533.4	  332.0	.
890136	  972.7	  533.8	  331.0	.
890138	  972.0	  534.3	  330.0	.
890140	  971.4	  532.8	  330.0	.
890142	  971.3	  532.9	  330.0	.
890144	  970.9	  533.0	  330.0	.
890146	  971.1	  532.6	  331.0	.
890148	  971.3	  533.5	  331.0	.
890150	  971.0	  532.9	  331.0	.
890152	  970.7	  532.4	  331.0	.
890154	  971.1	  531.4	  330.0	.
890156	  971.6	  531.0	  330.0	.
890158	  971.5	  530.8	  330.0	.
890160	  971.8	  531.6	  330.0	.
890162	  972.1	  532.4	  330.0	.
890164	  972.0	  531.6	  330.0	.
890166	  972.0	  531.8	  329.0	.
890168	  971.4	  532.0	  329.0	.
890170	  970.9	  532.1	  329.0	.
890172	  971.0	  533.2	  330.0	.
890174	  970.8	  534.4	  330.0	.
890176	  971.4	  534.9	  330.0	.
890178	  971.9	  534.5	  331.0	.
890180	  973.2	  535.2	  331.0	.
890182	  973.4	  534.0	  331.0	.
890184	  973.4	  534.5	  331.0	.
890186	  972.6	  535.0	  331.0	.
890188	  972.2	  534.2	  331.0	.
890190	  972.1	  534.3	  331.0	.
890192	  972.0	  534.3	  331.0	.
890194	  970.8	  534.8	  331.0	.
890196	  971.3	  535.0	  331.0	.
890198	  971.7	  535.3	  330.0	.
890200	  972.8	  534.9	  330.0	.
890202	  972.9	  534.8	  330.0	.
890204	  972.1	  535.6	  331.0	.
890206	  971.1	  534.7	  331.0	.
890208	  971.1	  535.2	  333.0	.
890210	  971.4	  535.7	  333.0	.
890212	  971.6	  534.6	  333.0	.
890214	  972.3	  534.4	  333.0	.
890216	  972.3	  534.7	  333.0	.
890218	  972.3	  535.0	  333.0	.
890220	  972.3	  535.4	  333.0	.
890222	  972.4	  535.1	  333.0	.
890224	  972.5	  534.8	  333.0	.
890226	  972.2	  534.5	  332.0	.
890228	  973.0	  534.2	  332.0	.
890230	  972.8	  534.2	  332.0	.
890232	  972.6	  533.6	  331.0	.
890234	  971.7	  534.1	  331.0	.
890236	  969.7	  533.7	  332.0	.
890238	  969.9	  533.1	  332.0	.
890240	  970.1	  533.2	  331.0	.
890242	  969.9	  533.4	  330.0	.
890244	  969.9	  533.4	  330.0	.
890246	  969.9	  532.4	  330.0	.
890248	  969.9	  531.3	  331.0	.
890250	  969.9	  531.8	  331.0	.
890252	  970.0	  532.2	  330.0	.
890254	  970.0	  532.1	  330.0	.
890256	  970.2	  532.1	  329.0	.
890258	  970.1	  532.2	  329.0	.
890260	  969.9	  531.8	  330.0	.
890262	  969.9	  533.3	  331.0	.
890264	  969.9	  534.8	  331.0	.
890266	  968.3	  535.1	  331.0	.
890268	  968.1	  535.1	  330.0	.
890270	  967.9	  535.0	  329.0	.
890272	  967.5	  535.3	  329.0	.
890274	  967.7	  534.8	  330.0	.
890276	  967.9	  535.2	  331.0	.
890278	  967.5	  534.8	  331.0	.
890280	  968.2	  534.2	  331.0	.
890282	  968.4	  532.8	  331.0	.
890284	  968.5	  533.3	  330.0	.
890286	  968.1	  533.8	  330.0	.
890288	  968.1	  535.0	  328.0	.
890290	  968.0	  533.4	  328.0	.
890292	  968.0	  534.1	  329.0	.
890294	  968.1	  534.7	  329.0	.
890296	  968.1	  534.6	  331.0	.
890298	  968.1	  534.5	  331.0	.
890300	  968.1	  534.1	  329.0	.
890302	  968.3	  533.7	  328.0	.
890304	  968.3	  532.8	  328.0	.
890306	  969.1	  533.2	  328.0	.
890308	  969.8	  533.3	  329.0	.
890310	  970.4	  533.4	  330.0	.
890312	  970.9	  533.9	  330.0	.
890314	  970.6	  532.1	  330.0	.
890316	  970.4	  530.2	  331.0	.
890318	  970.5	  531.7	  331.0	.
890320	  970.7	  533.2	  331.0	.
890322	  970.7	  534.2	  331.0	.
890324	  970.8	  535.2	  330.0	.
890326	  970.8	  535.7	  330.0	.
890328	  969.7	  535.9	  330.0	.
890330	  968.7	  536.1	  329.0	.
890332	  968.7	  536.3	  329.0	.
890334	  967.8	  536.3	  329.0	.
MSG	890335 DSP: STIM
890336	  967.5	  536.6	  328.0	.
890338	  967.1	  536.4	  328.0	.
890340	  967.7	  536.0	  328.0	.
890342	  968.0	  537.4	  328.0	.
890344	  968.2	  537.3	  328.0	.
890346	  967.9	  538.4	  328.0	.
890348	  967.5	  538.7	  328.0	.
890350	  967.9	  538.7	  328.0	.
890352	  968.3	  538.7	  329.0	.
890354	  968.6	  540.0	  330.0	.
890356	  968.8	  541.3	  329.0	.
890358	  968.8	  542.4	  330.0	.
890360	  968.7	  543.5	  330.0	.
890362	  968.8	  544.1	  330.0	.
890364	  968.9	  544.7	  329.0	.
890366	  969.4	  544.4	  330.0	.
890368	  969.5	  544.1	  329.0	.
890370	  969.4	  543.8	  331.0	.
890372	  969.3	  544.1	  331.0	.
890374	  969.9	  543.7	  331.0	.
890376	  970.5	  543.9	  331.0	.
890378	  969.7	  544.2	  330.0	.
890380	  969.9	  545.1	  330.0	.
890382	  969.9	  545.6	  330.0	.
890384	  970.7	  545.2	  329.0	.
890386	  971.6	  544.7	  329.0	.
890388	  971.6	  545.6	  329.0	.
890390	  971.6	  546.3	  329.0	.
890392	  970.6	  546.1	  329.0	.
890394	  970.0	  547.3	  329.0	.
890396	  970.0	  548.5	  329.0	.
890398	  970.8	  549.4	  329.0	.
890400	  971.1	  549.7	  330.0	.
890402	  971.3	  550.0	  330.0	.
890404	  971.4	  550.4	  330.0	.
890406	  971.2	  550.4	  330.0	.
890408	  971.0	  550.7	  331.0	.
890410	  970.9	  550.7	  332.0	.
890412	  970.9	  550.8	  332.0	.
890414	  970.4	  551.2	  332.0	.
890416	  970.3	  550.8	  332.0	.
890418	  970.1	  550.3	  333.0	.
890420	  970.3	  550.3	  333.0	.
890422	  970.4	  549.4	  333.0	.
890424	  971.0	  549.7	  332.0	.
890426	  971.1	  549.9	  332.0	.
890428	  972.4	  549.8	  332.0	.
890430	  972.4	  550.4	  332.0	.
890432	  973.0	  550.6	  332.0	.
890434	  972.9	  550.6	  329.0	.
890436	  972.9	  550.0	  328.0	.
890438	  972.7	  550.4	  328.0	.
890440	  972.5	  549.9	  328.0	.
890442	  971.7	  549.4	  328.0	.
890444	  971.1	  549.9	  328.0	.
890446	  971.3	  550.3	  327.0	.
890448	  971.5	  549.7	  327.0	.
890450	  971.4	  549.1	  327.0	.
890452	  971.5	  549.1	  327.0	.
890454	  975.5	  548.5	  326.0	.
890456	  974.5	  547.7	  326.0	.
890458	  974.4	  546.8	  326.0	.
890460	  974.0	  546.2	  325.0	.
890462	  973.5	  545.7	  325.0	.
890464	  973.9	  545.4	  325.0	.
890466	  974.2	  545.7	  325.0	.
890468	  975.3	  545.6	  325.0	.
890470	  974.5	  545.9	  324.0	.
890472	  973.9	  545.8	  324.0	.
890474	  973.9	  547.4	  324.0	.
890476	  974.0	  547.4	  327.0	.
890478	  973.4	  547.4	  327.0	.
890480	  973.0	  547.8	  327.0	.
890482	  973.7	  547.9	  326.0	.
890484	  973.4	  547.8	  326.0	.
890486	  973.6	  548.0	  324.0	.
890488	  973.5	  548.2	  323.0	.
890490	  973.3	  547.6	  323.0	.
890492	  973.3	  547.9	  323.0	.
890494	  973.2	  547.1	  323.0	.
890496	  973.3	  547.4	  323.0	.
890498	  973.2	  547.7	  323.0	.
890500	  973.3	  548.3	  323.0	.
890502	  973.2	  548.7	  324.0	.
890504	  973.6	  550.1	  324.0	.
890506	  973.6	  550.4	  325.0	.
890508	  973.6	  550.9	  325.0	.
890510	  973.5	  552.0	  326.0	.
890512	  972.6	  552.7	  326.0	.
890514	  972.6	  553.0	  326.0	.
890516	  972.7	  553.2	  326.0	.
890518	  973.2	  554.0	  326.0	.
890520	  974.6	  554.0	  325.0	.
890522	  974.8	  553.8	  325.0	.
890524	  974.4	  553.8	  325.0	.
890526	  975.4	  553.5	  325.0	.
890528	  975.4	  553.3	  325.0	.
890530	  974.9	  553.4	  325.0	.
890532	  975.5	  552.5	  325.0	.
890534	  975.5	  551.5	  325.0	.
890536	  975.7	  551.0	  323.0	.
890538	  975.8	  550.5	  322.0	.
890540	  975.4	  550.7	  321.0	.
890542	  975.8	  549.8	  321.0	.
890544	  976.2	  548.9	  321.0	.
890546	  976.4	  549.3	  320.0	.
890548	  976.4	  547.8	  320.0	.
890550	  977.0	  547.0	  320.0	.
890552	  976.9	  546.9	  319.0	.
EFIX L   887154	890552	3400	  968.2	  539.8	    322
SSACC L  890554
890554	  976.7	  546.7	  319.0	.
890556	  975.6	  545.9	  320.0	.
890558	  971.6	  547.1	  320.0	.
890560	  958.2	  549.9	  320.0	.
890562	  947.4	  552.2	  320.0	.
890564	  924.3	  555.7	  320.0	.
890566	  894.7	  559.7	  319.0	.
890568	  860.7	  564.3	  319.0	.
890570	  832.4	  566.4	  319.0	.
890572	  789.0	  572.1	  319.0	.
890574	  755.8	  571.8	  319.0	.
890576	  719.0	  573.5	  319.0	.
890578	  679.0	  575.6	  319.0	.
890580	  644.1	  576.1	  318.0	.
890582	  606.1	  577.6	  318.0	.
890584	  570.1	  577.7	  318.0	.
890586	  538.7	  580.7	  318.0	.
890588	  508.3	  583.1	  316.0	.
890590	  485.3	  584.9	  314.0	.
890592	  460.6	  586.6	  313.0	.
890594	  452.4	  587.3	  313.0	.
890596	  445.0	  587.8	  313.0	.
890598	  443.9	  587.7	  314.0	.
890600	  443.8	  587.9	  315.0	.
ESACC L  890554	890600	48	  976.7	  546.7	  443.9	  587.7	  13.08	    468
SFIX L   890602
890602	  443.6	  588.1	  315.0	.
890604	  444.5	  588.6	  315.0	.
890606	  445.2	  589.3	  315.0	.
890608	  446.0	  589.7	  315.0	.
890610	  446.0	  589.8	  314.0	.
890612	  446.1	  590.0	  314.0	.
890614	  445.9	  591.1	  314.0	.
890616	  445.8	  591.7	  313.0	.
890618	  445.4	  592.2	  313.0	.
890620	  445.3	  591.8	  313.0	.
890622	  445.2	  592.2	  313.0	.
890624	  445.8	  592.2	  313.0	.
890626	  445.7	  592.0	  313.0	.
890628	  445.8	  592.0	  312.0	.
890630	  446.0	  591.9	  311.0	.
890632	  446.0	  593.2	  311.0	.
890634	  445.8	  592.5	  310.0	.
890636	  446.0	  593.3	  310.0	.
890638	  445.3	  593.4	  310.0	.
890640	  444.6	  593.7	  310.0	.
890642	  444.7	  593.6	  311.0	.
890644	  444.8	  593.4	  311.0	.
890646	  444.0	  593.4	  310.0	.
890648	  444.1	  593.1	  310.0	.
890650	  443.4	  592.7	  310.0	.
890652	  442.6	  592.1	  309.0	.
890654	  442.7	  591.9	  308.0	.
890656	  442.8	  591.9	  308.0	.
890658	  442.5	  591.9	  307.0	.
890660	  442.6	  591.9	  306.0	.
890662	  442.5	  592.8	  306.0	.
890664	  442.8	  592.0	  307.0	.
890666	  443.1	  591.1	  308.0	.
890668	  442.2	  590.0	  307.0	.
890670	  441.4	  588.9	  307.0	.
890672	  440.7	  588.7	  307.0	.
890674	  440.9	  589.0	  306.0	.
890676	  440.2	  588.4	  306.0	.
890678	  439.8	  588.8	  306.0	.
890680	  439.2	  588.4	  306.0	.
890682	  439.2	  588.0	  307.0	.
890684	  439.2	  588.2	  307.0	.
890686	  438.3	  586.7	  307.0	.
890688	  438.2	  585.3	  307.0	.
890690	  438.3	  586.2	  307.0	.
890692	  436.5	  586.4	  307.0	.
890694	  436.2	  586.4	  307.0	.
890696	  437.5	  586.2	  307.0	.
890698	  437.4	  586.5	  307.0	.
890700	  437.2	  586.2	  307.0	.
890702	  437.7	  585.9	  306.0	.
890704	  438.1	  585.6	  306.0	.
890706	  437.6	  585.8	  306.0	.
890708	  436.9	  585.9	  306.0	.
890710	  437.2	  587.1	  306.0	.
890712	  436.9	  587.2	  308.0	.
890714	  436.6	  586.6	  308.0	.
890716	  436.4	  585.9	  307.0	.
890718	  436.7	  586.2	  307.0	.
890720	  436.9	  586.6	  307.0	.
890722	  437.4	  586.9	  307.0	.
890724	  437.2	  587.2	  307.0	.
890726	  437.5	  587.3	  307.0	.
890728	  437.6	  587.5	  307.0	.
890730	  438.2	  587.5	  306.0	.
890732	  438.5	  587.0	  306.0	.
890734	  438.4	  586.8	  306.0	.
890736	  438.2	  586.9	  306.0	.
890738	  438.3	  586.6	  305.0	.
890740	  438.2	  586.2	  305.0	.
890742	  437.3	  586.6	  305.0	.
890744	  436.9	  585.9	  305.0	.
890746	  436.7	  585.7	  305.0	.
890748	  436.8	  585.8	  305.0	.
890750	  437.0	  585.8	  305.0	.
890752	  436.7	  585.6	  305.0	.
890754	  436.6	  585.7	  306.0	.
890756	  436.5	  585.7	  306.0	.
890758	  436.6	  585.7	  306.0	.
890760	  436.7	  585.7	  305.0	.
890762	  436.8	  585.8	  305.0	.
890764	  437.0	  585.8	  305.0	.
890766	  437.4	  586.1	  305.0	.
890768	  437.3	  586.0	  305.0	.
890770	  437.3	  586.0	  304.0	.
890772	  437.3	  585.7	  304.0	.
890774	  437.5	  586.2	  304.0	.
890776	  436.7	  586.3	  304.0	.
890778	  437.1	  586.4	  304.0	.
890780	  437.0	  586.1	  304.0	.
890782	  437.2	  585.8	  305.0	.
890784	  436.7	  584.2	  305.0	.
890786	  436.7	  584.1	  305.0	.
890788	  436.8	  584.0	  305.0	.
890790	  437.1	  584.0	  305.0	.
890792	  436.8	  584.0	  304.0	.
890794	  436.6	  584.1	  304.0	.
890796	  435.9	  584.1	  304.0	.
890798	  436.7	  583.8	  304.0	.
890800	  436.8	  584.2	  304.0	.
890802	  437.0	  584.5	  304.0	.
890804	  437.0	  585.5	  305.0	.
890806	  436.9	  585.6	  305.0	.
890808	  436.7	  585.5	  306.0	.
890810	  436.7	  585.3	  306.0	.
890812	  437.0	  585.2	  307.0	.
890814	  437.0	  585.1	  307.0	.
890816	  436.8	  584.7	  307.0	.
890818	  437.1	  585.6	  307.0	.
890820	  436.5	  585.5	  307.0	.
890822	  436.0	  585.5	  307.0	.
890824	  435.8	  584.6	  307.0	.
890826	  436.1	  585.2	  307.0	.
890828	  436.4	  585.7	  306.0	.
EFIX L   890602	890828	228	  439.6	  587.8	    307
SSACC L  890830
890830	  437.1	  586.4	  306.0	.
890832	  441.2	  586.8	  306.0	.
890834	  454.4	  586.6	  306.0	.
890836	  471.0	  586.2	  307.0	.
890838	  501.8	  590.1	  308.0	.
890840	  537.5	  590.6	  310.0	.
890842	  579.0	  593.6	  311.0	.
890844	  623.7	  600.4	  311.0	.
890846	  668.4	  605.2	  311.0	.
890848	  722.9	  613.2	  311.0	.
890850	  775.2	  621.2	  311.0	.
890852	  830.4	  628.8	  310.0	.
890854	  881.4	  627.9	  311.0	.
890856	  939.1	  621.7	  310.0	.
890858	  993.6	  619.4	  311.0	.
890860	 1049.0	  616.0	  311.0	.
890862	 1107.9	  628.5	  314.0	.
890864	 1158.0	  626.1	  314.0	.
890866	 1210.4	  622.0	  311.0	.
890868	 1259.3	  623.9	  311.0	.
890870	 1303.2	  620.7	  308.0	.
890872	 1346.5	  624.4	  305.0	.
890874	 1391.3	  633.5	  303.0	.
890876	 1429.5	  628.7	  302.0	.
890878	 1460.2	  623.3	  303.0	.
890880	 1496.3	  635.7	  305.0	.
890882	 1519.9	  631.1	  305.0	.
890884	 1544.3	  631.4	  305.0	.
890886	 1561.5	  627.1	  306.0	.
890888	 1566.0	  625.9	  306.0	.
890890	 1565.1	  623.7	  307.0	.
890892	 1564.3	  621.3	  307.0	.
ESACC L  890830	890892	64	  437.1	  586.4	 1565.1	  623.7	  26.84	    710
SFIX L   890894
890894	 1562.6	  617.1	  307.0	.
890896	 1556.8	  614.0	  307.0	.
890898	 1555.2	  612.3	  307.0	.
890900	 1555.2	  613.0	  307.0	.
890902	 1555.1	  613.3	  307.0	.
890904	 1557.0	  612.8	  307.0	.
890906	 1559.3	  617.3	  307.0	.
890908	 1560.1	  619.5	  307.0	.
890910	 1559.9	  617.3	  307.0	.
890912	 1559.7	  616.7	  306.0	.
890914	 1560.3	  616.9	  306.0	.
890916	 1560.4	  615.2	  307.0	.
890918	 1560.5	  616.1	  307.0	.
890920	 1560.7	  617.0	  307.0	.
890922	 1560.5	  618.0	  306.0	.
890924	 1560.4	  618.9	  306.0	.
890926	 1560.1	  619.4	  306.0	.
890928	 1559.7	  619.1	  305.0	.
890930	 1558.6	  619.0	  306.0	.
890932	 1557.6	  618.5	  307.0	.
890934	 1557.1	  617.9	  307.0	.
890936	 1556.6	  615.9	  307.0	.
890938	 1556.6	  615.9	  308.0	.
890940	 1555.5	  616.1	  308.0	.
890942	 1554.4	  616.7	  308.0	.
890944	 1554.5	  616.9	  308.0	.
890946	 1553.9	  616.3	  308.0	.
890948	 1553.9	  616.7	  308.0	.
890950	 1554.1	  617.2	  308.0	.
890952	 1553.0	  615.6	  307.0	.
890954	 1552.5	  614.0	  307.0	.
890956	 1552.5	  614.6	  308.0	.
890958	 1552.2	  612.9	  309.0	.
890960	 1551.1	  614.4	  309.0	.
890962	 1551.2	  614.3	  309.0	.
890964	 1551.3	  614.2	  309.0	.
890966	 1551.3	  612.7	  309.0	.
890968	 1551.5	  613.9	  310.0	.
890970	 1550.7	  611.3	  310.0	.
890972	 1551.0	  608.3	  311.0	.
890974	 1550.7	  609.3	  311.0	.
890976	 1550.2	  606.1	  311.0	.
890978	 1550.1	  606.9	  311.0	.
890980	 1550.0	  607.5	  311.0	.
890982	 1549.5	  606.8	  312.0	.
890984	 1549.1	  607.0	  312.0	.
890986	 1549.2	  606.8	  312.0	.
890988	 1548.4	  606.8	  312.0	.
890990	 1548.6	  606.3	  311.0	.
890992	 1549.0	  605.4	  311.0	.
890994	 1548.5	  604.9	  311.0	.
890996	 1548.6	  603.8	  311.0	.
890998	 1547.7	  603.1	  312.0	.
891000	 1547.0	  603.3	  312.0	.
891002	 1547.5	  603.2	  313.0	.
891004	 1547.9	  601.8	  314.0	.
891006	 1546.2	  599.3	  314.0	.
891008	 1545.4	  598.1	  315.0	.
891010	 1545.1	  598.7	  316.0	.
891012	 1544.5	  596.7	  316.0	.
891014	 1543.8	  597.0	  316.0	.
891016	 1543.7	  597.2	  316.0	.
891018	 1543.3	  596.5	  318.0	.
891020	 1542.8	  598.6	  317.0	.
891022	 1542.7	  598.3	  317.0	.
891024	 1542.6	  598.0	  317.0	.
891026	 1542.5	  598.7	  315.0	.
891028	 1542.5	  599.3	  315.0	.
891030	 1541.1	  600.0	  316.0	.
891032	 1540.4	  600.4	  316.0	.
891034	 1540.5	  603.3	  316.0	.
891036	 1540.1	  601.5	  316.0	.
891038	 1538.9	  601.7	  316.0	.
891040	 1540.1	  602.0	  316.0	.
891042	 1540.4	  601.2	  317.0	.
891044	 1541.1	  602.8	  317.0	.
EFIX L   890894	891044	152	 1551.1	  609.4	    310
SSACC L  891046
891046	 1544.6	  603.4	  317.0	.
891048	 1548.2	  604.0	  318.0	.
891050	 1558.8	  602.4	  320.0	.
891052	 1566.4	  600.2	  320.0	.
891054	 1575.3	  597.6	  319.0	.
891056	 1583.1	  594.7	  319.0	.
ESACC L  891046	891056	12	 1544.6	  603.4	 1575.3	  597.6	   0.76	     94
SFIX L   891058
891058	 1584.8	  593.8	  319.0	.
891060	 1584.7	  593.5	  319.0	.
891062	 1584.7	  593.9	  317.0	.
891064	 1584.4	  592.3	  317.0	.
891066	 1583.0	  591.1	  317.0	.
891068	 1582.4	  589.4	  318.0	.
891070	 1581.8	  587.8	  318.0	.
891072	 1581.6	  586.9	  318.0	.
891074	 1581.9	  588.1	  318.0	.
891076	 1581.5	  588.8	  318.0	.
891078	 1581.0	  589.2	  318.0	.
891080	 1579.7	  589.7	  317.0	.
891082	 1578.3	  589.5	  318.0	.
891084	 1578.0	  588.8	  318.0	.
891086	 1578.3	  586.9	  318.0	.
891088	 1578.6	  584.4	  318.0	.
891090	 1579.0	  581.9	  317.0	.
891092	 1578.7	  580.5	  317.0	.
891094	 1579.2	  579.7	  317.0	.
891096	 1578.9	  579.1	  318.0	.
891098	 1578.6	  576.1	  318.0	.
891100	 1578.3	  572.9	  318.0	.
891102	 1578.2	  572.8	  316.0	.
891104	 1579.3	  572.2	  316.0	.
891106	 1580.3	  571.6	  316.0	.
891108	 1580.6	  571.1	  318.0	.
891110	 1581.0	  571.6	  318.0	.
891112	 1580.9	  570.7	  319.0	.
891114	 1580.8	  569.9	  319.0	.
891116	 1580.6	  569.9	  319.0	.
891118	 1580.1	  569.0	  318.0	.
891120	 1579.0	  568.8	  318.0	.
891122	 1579.1	  568.6	  317.0	.
891124	 1579.2	  568.5	  317.0	.
891126	 1579.3	  568.5	  316.0	.
891128	 1579.4	  569.9	  316.0	.
891130	 1579.5	  571.4	  316.0	.
891132	 1579.0	  570.7	  316.0	.
891134	 1579.4	  571.3	  316.0	.
891136	 1579.6	  570.8	  317.0	.
891138	 1578.8	  570.6	  317.0	.
891140	 1579.4	  571.0	  317.0	.
891142	 1579.2	  571.2	  316.0	.
891144	 1578.9	  571.1	  315.0	.
891146	 1579.1	  570.9	  313.0	.
891148	 1578.1	  571.2	  313.0	.
891150	 1577.2	  571.8	  313.0	.
891152	 1577.1	  571.7	  314.0	.
891154	 1577.1	  571.6	  314.0	.
891156	 1577.1	  571.0	  315.0	.
891158	 1577.2	  571.2	  315.0	.
891160	 1576.9	  571.6	  315.0	.
891162	 1577.0	  570.9	  315.0	.
891164	 1576.7	  571.1	  314.0	.
891166	 1576.3	  571.3	  314.0	.
891168	 1575.5	  571.9	  315.0	.
891170	 1575.5	  572.2	  314.0	.
891172	 1575.4	  572.1	  314.0	.
891174	 1573.4	  573.1	  314.0	.
891176	 1574.2	  573.2	  314.0	.
891178	 1575.0	  572.5	  314.0	.
891180	 1575.0	  572.0	  314.0	.
891182	 1575.1	  571.8	  314.0	.
891184	 1576.1	  571.8	  313.0	.
891186	 1576.5	  571.1	  312.0	.
891188	 1576.8	  570.4	  312.0	.
891190	 1577.6	  569.6	  312.0	.
891192	 1576.5	  569.2	  313.0	.
891194	 1576.2	  568.1	  313.0	.
891196	 1576.2	  567.6	  313.0	.
891198	 1575.9	  567.2	  313.0	.
891200	 1575.9	  567.5	  313.0	.
891202	 1575.9	  565.8	  313.0	.
891204	 1576.1	  564.0	  313.0	.
891206	 1575.9	  564.1	  313.0	.
891208	 1575.8	  564.1	  314.0	.
891210	 1575.9	  564.2	  315.0	.
891212	 1573.9	  564.9	  315.0	.
891214	 1573.9	  564.7	  314.0	.
891216	 1573.7	  564.5	  314.0	.
891218	 1573.4	  565.0	  314.0	.
891220	 1572.8	  564.3	  314.0	.
891222	 1572.2	  565.5	  313.0	.
891224	 1571.8	  564.7	  313.0	.
891226	 1572.0	  565.7	  313.0	.
891228	 1570.7	  566.4	  313.0	.
891230	 1569.5	  566.8	  312.0	.
891232	 1570.2	  567.5	  312.0	.
891234	 1570.9	  566.6	  312.0	.
891236	 1571.4	  565.8	  311.0	.
891238	 1571.3	  566.3	  311.0	.
891240	 1571.2	  566.7	  312.0	.
891242	 1570.8	  567.6	  312.0	.
891244	 1570.7	  568.4	  312.0	.
891246	 1570.9	  571.3	  309.0	.
891248	 1569.8	  572.3	  309.0	.
891250	 1568.7	  573.4	  309.0	.
891252	 1569.2	  575.2	  309.0	.
891254	 1568.3	  576.3	  308.0	.
891256	 1568.5	  576.9	  308.0	.
891258	 1568.7	  577.9	  308.0	.
891260	 1568.6	  578.2	  308.0	.
891262	 1570.1	  578.0	  308.0	.
891264	 1570.6	  579.7	  308.0	.
891266	 1570.5	  580.6	  308.0	.
891268	 1570.4	  580.9	  308.0	.
891270	 1569.5	  580.9	  308.0	.
891272	 1569.4	  581.1	  308.0	.
891274	 1570.7	  580.8	  308.0	.
891276	 1571.9	  580.9	  308.0	.
891278	 1573.1	  581.3	  307.0	.
891280	 1574.3	  581.7	  308.0	.
891282	 1574.8	  581.9	  308.0	.
891284	 1575.0	  581.7	  308.0	.
891286	 1575.2	  581.5	  308.0	.
891288	 1574.8	  580.9	  309.0	.
891290	 1574.3	  580.3	  308.0	.
891292	 1574.5	  579.5	  308.0	.
891294	 1574.7	  579.1	  309.0	.
891296	 1575.4	  578.4	  308.0	.
891298	 1575.5	  578.1	  308.0	.
891300	 1575.7	  577.8	  308.0	.
891302	 1575.8	  576.8	  308.0	.
891304	 1576.4	  575.7	  308.0	.
891306	 1576.1	  575.6	  308.0	.
891308	 1576.2	  575.2	  309.0	.
891310	 1576.2	  574.3	  311.0	.
891312	 1575.9	  574.1	  312.0	.
891314	 1575.9	  573.9	  312.0	.
891316	 1575.9	  572.2	  312.0	.
891318	 1575.2	  571.9	  311.0	.
891320	 1576.2	  572.4	  311.0	.
891322	 1576.6	  573.3	  309.0	.
891324	 1576.8	  573.2	  308.0	.
891326	 1576.3	  575.0	  308.0	.
891328	 1576.2	  575.1	  307.0	.
891330	 1576.0	  575.4	  307.0	.
891332	 1574.0	  575.6	  307.0	.
891334	 1573.6	  575.3	  307.0	.
891336	 1573.4	  575.3	  307.0	.
891338	 1574.5	  575.6	  307.0	.
891340	 1575.7	  575.9	  307.0	.
891342	 1575.8	  577.3	  309.0	.
891344	 1575.8	  577.4	  309.0	.
891346	 1575.9	  577.4	  308.0	.
891348	 1575.3	  577.6	  308.0	.
EFIX L   891058	891348	292	 1576.0	  574.7	    313
SSACC L  891350
891350	 1574.6	  577.8	  308.0	.
891352	 1573.1	  577.9	  307.0	.
891354	 1567.0	  579.4	  307.0	.
891356	 1561.0	  577.3	  308.0	.
891358	 1546.7	  577.3	  308.0	.
891360	 1525.2	  577.4	  308.0	.
891362	 1495.7	  585.7	  309.0	.
891364	 1456.5	  588.8	  314.0	.
891366	 1410.4	  596.0	  316.0	.
891368	 1375.5	  600.4	  320.0	.
891370	 1332.2	  606.8	  325.0	.
891372	 1278.9	  608.8	  325.0	.
891374	 1232.2	  610.2	  323.0	.
891376	 1187.6	  608.4	  322.0	.
891378	 1139.5	  609.8	  322.0	.
891380	 1082.2	  611.5	  320.0	.
891382	 1038.4	  610.9	  318.0	.
891384	  989.7	  617.6	  318.0	.
891386	  944.8	  623.1	  316.0	.
891388	  895.5	  614.8	  316.0	.
891390	  850.1	  617.3	  320.0	.
891392	  802.0	  615.8	  320.0	.
891394	  758.5	  605.1	  320.0	.
891396	  713.8	  607.4	  320.0	.
891398	  671.8	  608.6	  320.0	.
891400	  635.0	  608.7	  320.0	.
891402	  599.2	  612.1	  321.0	.
891404	  554.6	  615.8	  321.0	.
891406	  526.7	  617.7	  320.0	.
891408	  498.4	  619.8	  320.0	.
891410	  474.1	  621.5	  320.0	.
891412	  452.0	  622.1	  321.0	.
891414	  438.0	  622.2	  322.0	.
891416	  435.9	  621.4	  324.0	.
891418	  436.8	  620.6	  325.0	.
891420	  437.8	  620.3	  326.0	.
ESACC L  891350	891420	72	 1574.6	  577.8	  436.8	  620.6	  27.12	    611
SFIX L   891422
891422	  437.5	  620.1	  326.0	.
891424	  437.3	  621.2	  325.0	.
891426	  436.8	  622.4	  324.0	.
891428	  436.3	  622.6	  321.0	.
891430	  436.1	  622.9	  321.0	.
891432	  435.9	  624.0	  322.0	.
891434	  434.7	  624.6	  322.0	.
891436	  435.5	  624.7	  321.0	.
891438	  436.2	  624.7	  320.0	.
891440	  437.0	  625.0	  320.0	.
891442	  437.8	  623.8	  320.0	.
891444	  438.2	  622.5	  319.0	.
891446	  438.3	  619.7	  319.0	.
891448	  438.1	  618.1	  319.0	.
891450	  437.9	  616.6	  319.0	.
891452	  436.0	  616.6	  319.0	.
891454	  434.6	  616.7	  319.0	.
891456	  434.3	  616.4	  317.0	.
891458	  434.4	  615.7	  317.0	.
891460	  434.4	  614.7	  317.0	.
891462	  434.2	  613.4	  318.0	.
891464	  434.2	  613.5	  318.0	.
891466	  433.9	  613.9	  318.0	.
891468	  433.5	  612.8	  318.0	.
891470	  432.1	  612.1	  318.0	.
891472	  432.1	  611.9	  317.0	.
891474	  432.0	  611.9	  317.0	.
891476	  431.1	  612.1	  317.0	.
891478	  431.0	  612.4	  316.0	.
891480	  431.2	  613.6	  317.0	.
891482	  430.7	  614.0	  318.0	.
891484	  430.3	  614.9	  319.0	.
891486	  429.3	  614.1	  319.0	.
891488	  429.6	  614.1	  319.0	.
891490	  430.0	  614.3	  319.0	.
891492	  430.3	  615.4	  319.0	.
891494	  430.5	  615.0	  319.0	.
891496	  429.8	  615.4	  319.0	.
891498	  429.6	  615.2	  320.0	.
891500	  429.4	  615.5	  320.0	.
891502	  429.2	  615.1	  320.0	.
891504	  428.9	  615.1	  320.0	.
891506	  428.7	  615.2	  321.0	.
891508	  428.6	  613.9	  322.0	.
891510	  428.4	  612.5	  322.0	.
891512	  427.8	  612.8	  321.0	.
891514	  427.2	  613.0	  321.0	.
891516	  427.1	  612.8	  321.0	.
891518	  427.2	  612.7	  321.0	.
891520	  427.0	  612.0	  321.0	.
891522	  426.7	  611.8	  320.0	.
891524	  426.4	  611.8	  320.0	.
891526	  426.2	  611.9	  320.0	.
891528	  424.9	  611.9	  319.0	.
891530	  425.5	  612.1	  319.0	.
891532	  425.1	  612.0	  319.0	.
891534	  425.6	  611.8	  319.0	.
891536	  426.2	  611.2	  318.0	.
891538	  426.2	  611.0	  317.0	.
891540	  425.6	  611.0	  318.0	.
891542	  425.0	  609.4	  318.0	.
891544	  425.3	  609.0	  318.0	.
891546	  425.6	  608.5	  318.0	.
891548	  425.0	  608.1	  318.0	.
891550	  424.4	  607.7	  318.0	.
891552	  423.1	  607.9	  318.0	.
891554	  423.0	  608.0	  318.0	.
891556	  422.9	  608.0	  319.0	.
891558	  422.9	  608.0	  320.0	.
891560	  422.9	  608.2	  320.0	.
891562	  422.2	  607.4	  320.0	.
891564	  422.1	  606.6	  320.0	.
891566	  422.2	  606.0	  320.0	.
891568	  421.2	  605.4	  320.0	.
891570	  421.6	  603.7	  318.0	.
891572	  421.2	  604.1	  318.0	.
891574	  421.1	  604.5	  319.0	.
891576	  421.0	  605.0	  320.0	.
891578	  421.1	  604.7	  320.0	.
891580	  421.5	  605.1	  320.0	.
891582	  420.8	  604.5	  320.0	.
891584	  420.5	  604.6	  320.0	.
EFIX L   891422	891584	164	  429.2	  613.2	    319
SSACC L  891586
891586	  420.7	  604.5	  319.0	.
891588	  420.8	  604.5	  319.0	.
891590	  427.4	  603.9	  318.0	.
891592	  443.5	  603.1	  318.0	.
891594	  462.8	  608.3	  322.0	.
891596	  489.8	  608.0	  322.0	.
891598	  526.6	  606.7	  322.0	.
891600	  567.0	  606.6	  322.0	.
891602	  604.6	  611.1	  322.0	.
891604	  648.6	  609.4	  324.0	.
891606	  689.5	  617.7	  324.0	.
891608	  725.0	  621.5	  323.0	.
891610	  766.6	  627.3	  323.0	.
891612	  801.1	  628.8	  324.0	.
891614	  845.5	  628.0	  324.0	.
891616	  892.2	  630.4	  323.0	.
891618	  942.6	  632.7	  324.0	.
891620	  990.3	  634.1	  324.0	.
891622	 1035.8	  630.8	  324.0	.
891624	 1087.3	  631.3	  323.0	.
891626	 1134.1	  635.6	  323.0	.
891628	 1180.8	  631.1	  322.0	.
891630	 1225.7	  634.8	  321.0	.
891632	 1271.6	  626.3	  320.0	.
891634	 1323.6	  625.1	  316.0	.
891636	 1362.2	  624.8	  315.0	.
891638	 1405.9	  633.0	  314.0	.
891640	 1444.6	  625.1	  314.0	.
891642	 1487.0	  645.5	  315.0	.
891644	 1522.6	  641.9	  315.0	.
891646	 1546.3	  639.6	  313.0	.
891648	 1565.7	  636.7	  313.0	.
891650	 1577.3	  633.5	  313.0	.
891652	 1586.0	  630.3	  313.0	.
891654	 1588.9	  629.2	  314.0	.
891656	 1589.2	  628.0	  316.0	.
ESACC L  891586	891656	72	  420.7	  604.5	 1588.9	  629.2	  27.69	    600
SFIX L   891658
891658	 1589.3	  627.5	  317.0	.
891660	 1589.1	  625.9	  317.0	.
891662	 1584.7	  626.8	  319.0	.
891664	 1585.2	  626.0	  319.0	.
891666	 1585.3	  624.7	  319.0	.
891668	 1585.4	  624.8	  319.0	.
891670	 1586.2	  624.8	  318.0	.
891672	 1585.9	  624.9	  317.0	.
891674	 1586.8	  624.3	  315.0	.
891676	 1587.0	  623.6	  314.0	.
891678	 1587.4	  623.7	  314.0	.
891680	 1586.8	  623.9	  314.0	.
891682	 1586.4	  625.0	  313.0	.
891684	 1587.5	  624.4	  313.0	.
891686	 1587.8	  624.3	  313.0	.
891688	 1587.4	  624.1	  313.0	.
891690	 1587.3	  624.2	  313.0	.
891692	 1584.7	  624.4	  313.0	.
891694	 1582.3	  624.9	  313.0	.
891696	 1580.9	  623.1	  313.0	.
891698	 1581.3	  622.5	  313.0	.
891700	 1581.5	  621.6	  314.0	.
891702	 1580.1	  620.2	  315.0	.
891704	 1578.7	  619.8	  315.0	.
891706	 1577.9	  620.2	  315.0	.
891708	 1578.0	  620.5	  317.0	.
891710	 1578.2	  620.8	  317.0	.
891712	 1577.6	  621.1	  317.0	.
891714	 1578.2	  622.7	  317.0	.
891716	 1578.0	  622.2	  317.0	.
891718	 1578.0	  621.9	  316.0	.
891720	 1577.4	  622.4	  316.0	.
891722	 1576.9	  623.1	  316.0	.
891724	 1576.2	  624.1	  316.0	.
891726	 1575.0	  625.0	  316.0	.
891728	 1573.6	  625.9	  315.0	.
891730	 1573.9	  626.3	  315.0	.
891732	 1573.9	  626.1	  316.0	.
891734	 1573.9	  626.9	  315.0	.
891736	 1574.0	  626.8	  316.0	.
891738	 1573.6	  627.0	  316.0	.
891740	 1573.0	  627.0	  316.0	.
891742	 1572.8	  627.7	  316.0	.
891744	 1572.0	  625.2	  316.0	.
891746	 1570.2	  625.7	  316.0	.
891748	 1569.6	  625.7	  316.0	.
891750	 1569.7	  622.9	  316.0	.
891752	 1568.9	  622.4	  315.0	.
891754	 1568.2	  621.9	  314.0	.
891756	 1566.3	  619.8	  314.0	.
891758	 1566.4	  618.7	  314.0	.
891760	 1566.3	  618.3	  314.0	.
891762	 1566.5	  618.0	  314.0	.
891764	 1566.3	  616.2	  315.0	.
891766	 1564.4	  616.3	  316.0	.
891768	 1563.7	  615.9	  316.0	.
891770	 1563.3	  613.2	  317.0	.
891772	 1562.9	  612.5	  317.0	.
891774	 1562.4	  611.9	  318.0	.
891776	 1561.7	  610.5	  318.0	.
891778	 1561.5	  609.0	  318.0	.
891780	 1561.7	  608.0	  318.0	.
891782	 1561.2	  607.4	  317.0	.
891784	 1560.7	  607.0	  318.0	.
891786	 1560.8	  606.6	  319.0	.
891788	 1560.9	  607.7	  319.0	.
891790	 1560.9	  607.3	  320.0	.
891792	 1560.7	  606.9	  320.0	.
891794	 1560.3	  604.9	  320.0	.
891796	 1560.1	  605.5	  321.0	.
891798	 1559.9	  604.4	  321.0	.
891800	 1559.6	  604.8	  321.0	.
891802	 1559.3	  604.0	  322.0	.
891804	 1559.5	  603.0	  323.0	.
891806	 1559.3	  604.6	  323.0	.
891808	 1559.6	  604.3	  323.0	.
891810	 1559.1	  604.3	  325.0	.
891812	 1558.6	  605.1	  325.0	.
891814	 1558.0	  604.9	  325.0	.
891816	 1558.2	  604.4	  325.0	.
891818	 1557.6	  603.1	  327.0	.
891820	 1557.0	  602.9	  327.0	.
891822	 1557.2	  603.1	  327.0	.
891824	 1556.2	  603.7	  326.0	.
891826	 1555.3	  604.4	  326.0	.
891828	 1555.2	  604.2	  326.0	.
891830	 1555.4	  605.1	  326.0	.
891832	 1554.7	  604.7	  326.0	.
891834	 1554.4	  604.0	  325.0	.
891836	 1554.3	  603.3	  325.0	.
891838	 1554.3	  603.2	  326.0	.
891840	 1554.0	  603.4	  327.0	.
891842	 1554.8	  603.2	  327.0	.
891844	 1554.4	  603.6	  328.0	.
891846	 1554.9	  603.4	  329.0	.
891848	 1554.4	  603.8	  329.0	.
891850	 1554.8	  604.2	  329.0	.
891852	 1555.3	  604.8	  329.0	.
891854	 1555.4	  605.3	  329.0	.
891856	 1555.2	  606.2	  329.0	.
891858	 1554.8	  605.7	  329.0	.
891860	 1554.3	  605.5	  330.0	.
891862	 1553.5	  604.1	  330.0	.
891864	 1553.3	  603.6	  331.0	.
891866	 1552.9	  601.8	  332.0	.
891868	 1552.3	  600.2	  332.0	.
891870	 1552.3	  599.4	  332.0	.
891872	 1552.0	  599.7	  331.0	.
891874	 1551.5	  600.0	  332.0	.
891876	 1551.4	  601.2	  333.0	.
891878	 1551.0	  601.1	  333.0	.
891880	 1550.9	  601.0	  334.0	.
891882	 1550.8	  600.3	  334.0	.
891884	 1550.0	  600.4	  334.0	.
891886	 1549.2	  600.5	  334.0	.
891888	 1548.7	  599.9	  335.0	.
891890	 1548.4	  599.3	  335.0	.
891892	 1548.3	  598.9	  336.0	.
891894	 1548.6	  598.4	  337.0	.
MSG	891895 TRIAL 15 END
