MSG	760767 TRIAL 2 START
MSG	763964 DRIFTCORRECT L LEFT  at 960,540  OFFSET 0.90 deg.  35.4,-2.8 pix.
MSG	764722 RECCFG P 500 2 1 
MSG	764722 GAZE_COORDS 0.00 0.00 1919.00 1079.00
MSG	764723 !MODE RECORD P 500 2 1
START	764724 	LEFT	SAMPLES	EVENTS
PRESCALER	1
VPRESCALER	1
PUPIL	AREA
EVENTS	GAZE	LEFT	RATE	 500.00	TRACKING	P	FILTER	2
SAMPLES	GAZE	LEFT	RATE	 500.00	TRACKING	P	FILTER	2
764724	  942.9	  551.1	  480.0	.
764726	  942.8	  551.3	  482.0	.
764728	  942.5	  551.3	  481.0	.
764730	  942.1	  551.4	  482.0	.
SFIX L   764732
764732	  941.9	  551.6	  481.0	.
764734	  941.9	  551.9	  482.0	.
764736	  942.5	  552.3	  483.0	.
764738	  943.1	  552.7	  485.0	.
764740	  943.2	  551.1	  485.0	.
764742	  943.4	  551.3	  483.0	.
764744	  943.3	  550.5	  482.0	.
764746	  943.2	  549.8	  481.0	.
764748	  943.6	  550.5	  481.0	.
764750	  943.4	  551.3	  481.0	.
764752	  943.7	  551.4	  481.0	.
764754	  944.2	  551.2	  480.0	.
764756	  944.5	  551.2	  480.0	.
764758	  944.5	  551.3	  480.0	.
764760	  944.3	  551.4	  480.0	.
764762	  944.1	  550.7	  480.0	.
764764	  944.0	  550.0	  480.0	.
764766	  944.1	  550.2	  481.0	.
764768	  944.3	  549.4	  481.0	.
764770	  943.9	  550.0	  481.0	.
764772	  943.4	  550.3	  481.0	.
764774	  944.2	  550.3	  482.0	.
764776	  944.8	  550.0	  482.0	.
764778	  945.0	  550.2	  482.0	.
764780	  944.0	  550.4	  481.0	.
764782	  943.9	  550.4	  481.0	.
764784	  943.9	  550.5	  481.0	.
764786	  944.2	  550.6	  481.0	.
764788	  944.7	  551.4	  481.0	.
764790	  944.6	  552.5	  483.0	.
764792	  944.4	  552.8	  484.0	.
764794	  944.4	  553.2	  484.0	.
764796	  944.2	  553.3	  483.0	.
764798	  944.4	  553.0	  483.0	.
764800	  944.3	  552.7	  483.0	.
764802	  944.3	  552.7	  483.0	.
764804	  944.2	  552.9	  481.0	.
764806	  944.3	  552.8	  480.0	.
764808	  944.6	  552.5	  480.0	.
764810	  944.9	  552.9	  482.0	.
764812	  945.0	  553.3	  482.0	.
764814	  944.5	  553.4	  482.0	.
764816	  943.8	  553.3	  482.0	.
764818	  943.5	  553.2	  482.0	.
764820	  943.6	  553.3	  481.0	.
764822	  943.6	  553.2	  481.0	.
764824	  943.5	  553.1	  481.0	.
764826	  943.6	  553.2	  482.0	.
764828	  943.4	  551.4	  481.0	.
764830	  943.3	  550.8	  482.0	.
764832	  942.5	  550.5	  482.0	.
MSG	764833 Start Recording with 0
MSG	764833 SYNCTIME
764834	  942.1	  550.3	  481.0	.
764836	  941.9	  549.4	  481.0	.
MSG	764838 DSP: FIXATION
764838	  942.0	  549.2	  481.0	.
764840	  942.2	  549.6	  482.0	.
764842	  942.3	  550.1	  483.0	.
764844	  942.4	  551.1	  483.0	.
764846	  941.9	  551.4	  482.0	.
764848	  941.5	  551.3	  482.0	.
764850	  940.5	  551.5	  482.0	.
764852	  940.5	  551.7	  481.0	.
764854	  940.4	  551.9	  481.0	.
764856	  939.6	  551.6	  481.0	.
764858	  939.6	  551.3	  482.0	.
764860	  939.3	  550.9	  482.0	.
764862	  939.0	  550.9	  482.0	.
764864	  939.4	  550.7	  482.0	.
764866	  939.1	  550.8	  482.0	.
764868	  938.9	  550.8	  482.0	.
764870	  938.0	  551.3	  481.0	.
764872	  938.7	  551.8	  481.0	.
764874	  938.3	  552.1	  481.0	.
764876	  938.1	  552.2	  481.0	.
764878	  938.2	  551.6	  480.0	.
764880	  938.6	  552.0	  480.0	.
764882	  938.5	  551.7	  479.0	.
764884	  938.6	  551.3	  479.0	.
764886	  937.8	  551.6	  479.0	.
764888	  937.2	  549.7	  480.0	.
764890	  937.4	  549.0	  481.0	.
764892	  937.8	  548.6	  481.0	.
764894	  938.4	  548.3	  481.0	.
764896	  938.6	  547.2	  481.0	.
764898	  937.7	  546.9	  480.0	.
764900	  937.0	  546.5	  480.0	.
764902	  936.7	  545.6	  481.0	.
764904	  937.2	  546.2	  481.0	.
764906	  937.0	  546.0	  481.0	.
764908	  937.3	  546.0	  482.0	.
764910	  937.5	  546.1	  482.0	.
764912	  937.5	  546.5	  482.0	.
764914	  937.5	  547.7	  481.0	.
764916	  938.0	  548.8	  482.0	.
764918	  937.4	  548.2	  481.0	.
764920	  936.9	  547.6	  481.0	.
764922	  937.1	  546.1	  480.0	.
764924	  937.3	  546.0	  480.0	.
764926	  937.4	  545.6	  481.0	.
764928	  938.8	  545.5	  483.0	.
764930	  939.2	  545.7	  483.0	.
764932	  939.5	  547.5	  484.0	.
764934	  939.8	  548.5	  484.0	.
764936	  940.2	  549.7	  485.0	.
764938	  940.3	  550.1	  485.0	.
764940	  940.5	  550.5	  484.0	.
764942	  939.9	  550.8	  484.0	.
764944	  939.9	  550.5	  483.0	.
764946	  939.9	  550.3	  483.0	.
764948	  940.0	  549.9	  484.0	.
764950	  939.8	  549.9	  484.0	.
764952	  939.8	  549.8	  484.0	.
764954	  939.9	  549.1	  485.0	.
764956	  940.0	  548.8	  485.0	.
764958	  939.9	  549.0	  485.0	.
764960	  940.1	  548.5	  483.0	.
764962	  940.0	  548.3	  483.0	.
764964	  940.4	  549.0	  483.0	.
764966	  940.9	  549.8	  484.0	.
764968	  941.2	  549.2	  484.0	.
764970	  941.6	  549.4	  485.0	.
764972	  941.9	  549.5	  485.0	.
764974	  941.8	  549.1	  485.0	.
764976	  942.3	  549.6	  486.0	.
764978	  942.3	  548.9	  486.0	.
764980	  941.9	  549.3	  487.0	.
764982	  941.9	  549.4	  487.0	.
764984	  941.7	  549.4	  487.0	.
764986	  942.3	  549.3	  487.0	.
764988	  942.0	  549.6	  487.0	.
764990	  941.9	  549.4	  486.0	.
764992	  941.7	  549.1	  486.0	.
764994	  941.2	  549.8	  486.0	.
764996	  940.4	  549.4	  485.0	.
764998	  939.2	  549.2	  484.0	.
765000	  939.1	  549.1	  484.0	.
765002	  942.1	  548.6	  487.0	.
765004	  942.2	  548.1	  487.0	.
765006	  942.5	  548.6	  487.0	.
765008	  942.6	  548.0	  487.0	.
765010	  942.7	  547.5	  487.0	.
765012	  942.4	  547.0	  489.0	.
765014	  942.4	  546.8	  489.0	.
765016	  942.2	  546.7	  489.0	.
765018	  941.4	  546.9	  489.0	.
765020	  941.2	  547.1	  489.0	.
765022	  941.3	  547.4	  489.0	.
765024	  941.5	  548.1	  489.0	.
765026	  942.1	  548.3	  490.0	.
765028	  942.7	  548.6	  492.0	.
765030	  942.7	  548.8	  492.0	.
765032	  942.7	  549.0	  492.0	.
765034	  942.3	  549.1	  492.0	.
765036	  942.2	  549.1	  491.0	.
765038	  942.2	  548.8	  491.0	.
765040	  942.2	  548.7	  491.0	.
765042	  942.3	  548.7	  493.0	.
765044	  942.1	  548.9	  493.0	.
765046	  942.4	  548.8	  491.0	.
765048	  942.3	  548.7	  491.0	.
765050	  942.6	  548.9	  491.0	.
765052	  942.8	  548.9	  490.0	.
765054	  942.1	  549.1	  489.0	.
765056	  941.5	  549.2	  489.0	.
765058	  941.7	  549.2	  489.0	.
765060	  942.0	  549.3	  489.0	.
765062	  942.2	  548.7	  489.0	.
765064	  942.0	  548.2	  489.0	.
765066	  941.8	  548.5	  488.0	.
765068	  941.7	  548.7	  488.0	.
765070	  941.7	  550.0	  487.0	.
765072	  941.6	  549.9	  487.0	.
765074	  940.8	  550.4	  487.0	.
765076	  939.7	  549.8	  485.0	.
765078	  939.6	  549.0	  484.0	.
765080	  940.1	  548.9	  484.0	.
765082	  939.9	  549.5	  485.0	.
765084	  939.8	  550.1	  485.0	.
765086	  940.0	  549.6	  483.0	.
765088	  939.9	  549.3	  483.0	.
765090	  940.3	  548.8	  483.0	.
765092	  940.8	  548.9	  483.0	.
765094	  941.7	  548.2	  480.0	.
765096	  943.4	  548.8	  479.0	.
765098	  947.9	  548.3	  478.0	.
765100	  952.5	  547.8	  478.0	.
765102	  953.8	  548.4	  475.0	.
765104	  954.7	  548.5	  473.0	.
765106	  954.3	  548.3	  473.0	.
765108	  954.1	  548.3	  470.0	.
765110	  953.9	  548.7	  469.0	.
765112	  953.8	  548.8	  469.0	.
765114	  953.7	  548.7	  469.0	.
765116	  954.0	  548.2	  465.0	.
765118	  954.0	  548.4	  462.0	.
765120	  954.1	  548.5	  461.0	.
765122	  954.2	  549.9	  460.0	.
765124	  954.4	  550.1	  457.0	.
765126	  954.4	  550.2	  455.0	.
765128	  954.4	  550.2	  455.0	.
765130	  954.2	  550.2	  454.0	.
765132	  954.1	  549.1	  454.0	.
765134	  954.6	  549.4	  453.0	.
765136	  955.3	  549.8	  451.0	.
765138	  956.9	  549.7	  451.0	.
765140	  957.1	  549.5	  451.0	.
765142	  957.3	  549.6	  444.0	.
765144	  958.5	  549.6	  443.0	.
765146	  959.7	  550.0	  442.0	.
765148	  959.4	  549.9	  441.0	.
765150	  959.3	  549.8	  440.0	.
765152	  959.4	  549.8	  439.0	.
765154	  959.1	  550.1	  438.0	.
765156	  959.0	  550.4	  437.0	.
765158	  959.0	  550.6	  433.0	.
765160	  959.2	  553.4	  430.0	.
765162	  958.9	  552.9	  429.0	.
765164	  958.9	  552.9	  427.0	.
765166	  959.1	  553.1	  426.0	.
765168	  959.2	  553.4	  422.0	.
765170	  959.5	  554.2	  421.0	.
765172	  959.8	  553.7	  420.0	.
765174	  960.2	  553.1	  420.0	.
765176	  961.0	  555.4	  415.0	.
765178	  963.1	  557.3	  415.0	.
765180	  963.2	  559.8	  410.0	.
765182	  963.1	  560.4	  406.0	.
765184	  962.7	  561.1	  405.0	.
765186	  963.1	  561.3	  404.0	.
765188	  963.2	  561.6	  404.0	.
765190	  963.1	  561.2	  404.0	.
765192	  963.8	  560.7	  401.0	.
765194	  964.6	  560.6	  399.0	.
765196	  966.2	  560.5	  396.0	.
765198	  966.3	  560.2	  394.0	.
765200	  966.3	  560.1	  394.0	.
765202	  966.8	  560.9	  392.0	.
765204	  966.8	  559.8	  390.0	.
765206	  966.8	  558.6	  387.0	.
765208	  967.7	  559.2	  386.0	.
765210	  967.4	  558.8	  385.0	.
765212	  968.1	  558.5	  384.0	.
765214	  968.6	  557.1	  384.0	.
765216	  969.3	  557.2	  381.0	.
765218	  969.6	  557.3	  379.0	.
765220	  969.8	  557.7	  379.0	.
765222	  971.4	  557.7	  379.0	.
765224	  971.2	  558.0	  377.0	.
765226	  971.8	  557.1	  375.0	.
765228	  972.0	  557.3	  373.0	.
765230	  972.2	  557.3	  372.0	.
765232	  973.0	  556.1	  372.0	.
765234	  973.2	  554.9	  370.0	.
765236	  973.4	  555.8	  369.0	.
765238	  972.8	  556.2	  369.0	.
765240	  972.8	  556.3	  367.0	.
765242	  972.8	  556.3	  366.0	.
765244	  973.5	  556.3	  362.0	.
765246	  973.5	  555.2	  362.0	.
765248	  973.6	  556.1	  360.0	.
765250	  973.8	  555.7	  359.0	.
765252	  973.4	  555.7	  355.0	.
765254	  973.5	  555.6	  355.0	.
765256	  972.8	  555.5	  355.0	.
765258	  972.1	  556.4	  354.0	.
765260	  972.0	  557.3	  353.0	.
765262	  971.8	  557.1	  351.0	.
765264	  971.8	  558.2	  350.0	.
765266	  972.1	  558.4	  348.0	.
765268	  972.1	  558.6	  346.0	.
765270	  972.2	  558.9	  346.0	.
765272	  972.3	  559.2	  345.0	.
765274	  972.5	  560.9	  344.0	.
765276	  972.7	  560.8	  344.0	.
765278	  972.7	  561.3	  341.0	.
765280	  973.3	  561.6	  341.0	.
765282	  973.6	  561.6	  340.0	.
765284	  973.7	  560.9	  340.0	.
765286	  973.4	  560.7	  340.0	.
765288	  974.5	  560.4	  339.0	.
765290	  975.6	  560.9	  338.0	.
765292	  975.4	  561.6	  337.0	.
765294	  975.6	  562.2	  337.0	.
765296	  975.7	  561.3	  334.0	.
765298	  975.2	  561.8	  333.0	.
765300	  975.1	  562.2	  333.0	.
765302	  975.2	  562.1	  329.0	.
765304	  975.3	  562.0	  329.0	.
765306	  975.4	  562.1	  327.0	.
765308	  975.6	  562.1	  326.0	.
765310	  975.2	  560.0	  325.0	.
765312	  975.3	  559.4	  325.0	.
765314	  974.7	  559.7	  324.0	.
765316	  974.7	  559.3	  322.0	.
765318	  974.8	  558.9	  322.0	.
765320	  975.0	  557.9	  322.0	.
765322	  976.3	  557.7	  322.0	.
765324	  976.5	  558.2	  321.0	.
765326	  976.5	  558.0	  321.0	.
765328	  976.3	  557.9	  321.0	.
765330	  976.3	  557.1	  318.0	.
765332	  976.4	  556.9	  317.0	.
765334	  976.4	  556.9	  316.0	.
765336	  976.6	  558.0	  316.0	.
765338	  976.7	  559.2	  316.0	.
765340	  976.9	  560.1	  312.0	.
765342	  977.5	  560.1	  312.0	.
765344	  977.2	  559.5	  311.0	.
765346	  977.4	  559.4	  311.0	.
765348	  977.6	  559.4	  309.0	.
765350	  977.7	  558.8	  307.0	.
765352	  977.9	  558.8	  307.0	.
765354	  979.0	  558.6	  305.0	.
765356	  979.6	  559.2	  303.0	.
765358	  980.0	  561.8	  302.0	.
765360	  979.4	  563.4	  300.0	.
765362	  978.8	  565.0	  299.0	.
765364	  978.6	  566.1	  299.0	.
765366	  979.0	  567.1	  299.0	.
765368	  979.1	  568.7	  299.0	.
765370	  980.0	  570.1	  299.0	.
765372	  980.8	  569.9	  298.0	.
765374	  980.5	  571.5	  297.0	.
765376	  980.2	  573.2	  296.0	.
765378	  979.9	  574.3	  295.0	.
765380	  979.7	  574.5	  291.0	.
765382	  979.2	  573.7	  291.0	.
765384	  979.3	  572.8	  290.0	.
765386	  979.2	  574.6	  290.0	.
765388	  979.2	  574.7	  290.0	.
765390	  979.3	  574.7	  289.0	.
765392	  979.5	  575.0	  289.0	.
765394	  979.9	  575.3	  287.0	.
765396	  981.4	  575.2	  287.0	.
765398	  981.6	  574.8	  286.0	.
765400	  981.3	  574.9	  286.0	.
765402	  982.0	  574.8	  286.0	.
765404	  982.1	  574.8	  286.0	.
765406	  982.3	  574.7	  286.0	.
765408	  982.7	  574.3	  286.0	.
765410	  982.5	  573.9	  286.0	.
765412	  982.3	  573.5	  285.0	.
765414	  982.2	  573.0	  284.0	.
765416	  981.6	  572.9	  284.0	.
765418	  982.1	  573.1	  284.0	.
765420	  981.8	  572.6	  284.0	.
765422	  982.4	  572.0	  284.0	.
765424	  982.9	  571.7	  284.0	.
765426	  982.8	  572.2	  284.0	.
765428	  983.0	  572.1	  284.0	.
765430	  982.9	  572.6	  283.0	.
765432	  982.4	  571.9	  283.0	.
765434	  983.1	  572.2	  283.0	.
765436	  982.1	  572.8	  283.0	.
765438	  982.0	  572.1	  282.0	.
765440	  982.2	  572.2	  282.0	.
765442	  982.6	  571.5	  282.0	.
765444	  983.3	  571.9	  281.0	.
765446	  984.1	  571.6	  280.0	.
765448	  985.2	  571.4	  279.0	.
765450	  985.2	  571.5	  279.0	.
765452	  985.1	  571.3	  279.0	.
765454	  986.0	  571.4	  279.0	.
765456	  986.8	  570.9	  278.0	.
765458	  987.3	  572.2	  277.0	.
765460	  987.2	  572.9	  276.0	.
765462	  987.8	  573.4	  276.0	.
765464	  988.2	  573.3	  275.0	.
765466	  987.8	  573.5	  275.0	.
765468	  988.1	  573.4	  274.0	.
765470	  988.6	  573.3	  274.0	.
765472	  988.9	  573.0	  273.0	.
765474	  989.0	  572.8	  273.0	.
765476	  989.0	  572.8	  273.0	.
765478	  989.6	  572.1	  273.0	.
765480	  989.8	  572.3	  273.0	.
765482	  989.6	  572.7	  272.0	.
765484	  989.9	  571.9	  271.0	.
765486	  990.4	  572.4	  271.0	.
765488	  991.5	  572.6	  271.0	.
765490	  992.8	  574.2	  271.0	.
765492	  991.5	  574.5	  271.0	.
765494	  991.5	  574.4	  270.0	.
765496	  991.0	  574.9	  270.0	.
765498	  990.5	  575.1	  270.0	.
765500	  990.8	  574.9	  270.0	.
765502	  990.5	  575.0	  270.0	.
765504	  990.1	  574.7	  268.0	.
765506	  990.1	  575.2	  268.0	.
765508	  990.0	  574.6	  268.0	.
765510	  989.1	  574.9	  268.0	.
765512	  989.1	  574.2	  267.0	.
765514	  988.7	  574.5	  267.0	.
765516	  988.2	  574.7	  267.0	.
765518	  988.8	  575.7	  267.0	.
765520	  988.4	  575.8	  265.0	.
765522	  988.1	  576.0	  265.0	.
765524	  986.9	  576.1	  265.0	.
765526	  987.3	  575.6	  266.0	.
765528	  987.0	  575.0	  266.0	.
765530	  986.8	  575.5	  266.0	.
765532	  986.8	  575.5	  266.0	.
765534	  986.4	  575.6	  266.0	.
765536	  985.9	  575.3	  265.0	.
765538	  985.0	  575.2	  265.0	.
765540	  984.0	  575.2	  265.0	.
765542	  983.8	  575.4	  264.0	.
765544	  983.6	  575.5	  264.0	.
765546	  983.6	  575.4	  262.0	.
765548	  983.7	  575.1	  261.0	.
765550	  983.8	  575.1	  261.0	.
765552	  984.1	  575.0	  261.0	.
765554	  983.8	  575.0	  262.0	.
765556	  984.0	  574.8	  263.0	.
765558	  983.2	  574.4	  263.0	.
765560	  983.3	  573.8	  262.0	.
765562	  983.0	  572.7	  262.0	.
765564	  983.3	  571.5	  261.0	.
765566	  983.5	  571.4	  261.0	.
765568	  983.6	  571.4	  261.0	.
765570	  983.5	  570.7	  261.0	.
765572	  984.0	  571.1	  261.0	.
765574	  984.2	  571.4	  261.0	.
765576	  984.2	  571.1	  260.0	.
765578	  984.1	  570.8	  260.0	.
765580	  984.5	  570.6	  260.0	.
765582	  984.6	  570.3	  260.0	.
765584	  984.5	  569.9	  260.0	.
765586	  984.5	  569.4	  260.0	.
765588	  984.6	  570.1	  260.0	.
765590	  984.6	  570.7	  259.0	.
765592	  984.6	  570.7	  259.0	.
765594	  984.6	  570.7	  259.0	.
765596	  984.8	  570.1	  259.0	.
765598	  986.2	  569.9	  257.0	.
765600	  986.3	  570.1	  255.0	.
765602	  986.3	  570.3	  255.0	.
765604	  986.3	  570.3	  255.0	.
765606	  986.9	  570.1	  255.0	.
765608	  986.5	  569.2	  256.0	.
765610	  986.1	  569.2	  257.0	.
765612	  986.0	  569.2	  257.0	.
765614	  986.3	  570.2	  258.0	.
765616	  986.3	  571.1	  258.0	.
765618	  986.3	  570.8	  258.0	.
765620	  986.5	  571.2	  258.0	.
765622	  986.2	  571.8	  257.0	.
765624	  985.9	  572.2	  257.0	.
765626	  986.0	  572.7	  257.0	.
765628	  985.7	  572.1	  257.0	.
765630	  986.1	  572.6	  257.0	.
765632	  986.1	  572.7	  256.0	.
765634	  986.2	  573.0	  256.0	.
765636	  987.4	  571.8	  255.0	.
765638	  988.1	  572.1	  254.0	.
765640	  988.6	  572.2	  254.0	.
765642	  988.6	  572.0	  254.0	.
765644	  988.5	  572.6	  254.0	.
765646	  989.1	  572.1	  254.0	.
765648	  988.5	  571.5	  253.0	.
765650	  988.4	  571.1	  253.0	.
765652	  988.4	  571.0	  253.0	.
765654	  988.6	  571.1	  253.0	.
765656	  988.6	  570.8	  253.0	.
765658	  988.7	  570.7	  252.0	.
765660	  990.6	  570.7	  252.0	.
765662	  990.5	  569.6	  253.0	.
765664	  990.3	  568.5	  253.0	.
765666	  990.5	  569.1	  252.0	.
765668	  990.5	  568.8	  252.0	.
765670	  990.6	  569.2	  252.0	.
765672	  990.6	  569.4	  252.0	.
765674	  990.8	  569.4	  252.0	.
765676	  990.8	  569.3	  251.0	.
765678	  991.8	  569.0	  251.0	.
765680	  991.9	  567.9	  251.0	.
765682	  991.9	  567.2	  252.0	.
765684	  991.9	  566.5	  252.0	.
765686	  991.9	  566.4	  252.0	.
765688	  991.3	  566.6	  252.0	.
765690	  990.6	  566.8	  252.0	.
765692	  990.2	  567.4	  250.0	.
765694	  990.4	  567.6	  249.0	.
765696	  990.5	  567.9	  249.0	.
765698	  990.5	  568.9	  252.0	.
765700	  991.1	  569.8	  252.0	.
765702	  990.5	  569.4	  252.0	.
765704	  989.9	  569.0	  251.0	.
765706	  990.4	  568.4	  251.0	.
765708	  989.3	  568.5	  251.0	.
765710	  988.2	  569.1	  251.0	.
765712	  987.2	  569.3	  252.0	.
765714	  986.2	  569.3	  252.0	.
765716	  986.4	  569.1	  253.0	.
765718	  986.5	  569.3	  253.0	.
765720	  987.0	  569.5	  253.0	.
765722	  986.6	  568.6	  252.0	.
765724	  987.5	  568.3	  252.0	.
765726	  987.2	  568.1	  253.0	.
765728	  987.0	  568.4	  253.0	.
765730	  985.7	  568.7	  253.0	.
765732	  984.9	  568.9	  253.0	.
765734	  985.2	  568.2	  253.0	.
765736	  985.1	  568.2	  251.0	.
765738	  984.9	  568.5	  251.0	.
765740	  985.4	  566.6	  251.0	.
765742	  986.1	  566.7	  249.0	.
765744	  988.3	  566.2	  247.0	.
765746	  988.1	  566.1	  247.0	.
765748	  988.1	  566.0	  249.0	.
765750	  987.6	  566.0	  249.0	.
765752	  987.2	  566.2	  249.0	.
765754	  986.6	  564.6	  249.0	.
765756	  986.3	  563.0	  248.0	.
765758	  986.0	  563.3	  248.0	.
765760	  985.1	  563.7	  249.0	.
765762	  985.1	  564.3	  250.0	.
765764	  985.3	  564.7	  252.0	.
765766	  984.6	  565.3	  252.0	.
765768	  985.7	  563.8	  252.0	.
765770	  985.5	  563.3	  252.0	.
765772	  985.4	  563.2	  252.0	.
765774	  985.5	  563.6	  252.0	.
765776	  985.7	  563.9	  252.0	.
765778	  985.8	  564.0	  252.0	.
765780	  985.1	  565.8	  252.0	.
765782	  984.1	  566.5	  251.0	.
765784	  983.7	  567.1	  251.0	.
765786	  983.2	  568.1	  251.0	.
765788	  983.4	  568.5	  253.0	.
765790	  983.5	  568.8	  253.0	.
765792	  983.1	  569.2	  253.0	.
765794	  982.8	  568.0	  253.0	.
765796	  982.7	  568.0	  252.0	.
765798	  982.5	  568.2	  252.0	.
765800	  982.4	  568.4	  252.0	.
765802	  983.3	  568.5	  252.0	.
765804	  982.0	  568.8	  252.0	.
765806	  980.6	  569.2	  253.0	.
765808	  980.7	  569.6	  254.0	.
765810	  980.8	  570.0	  254.0	.
765812	  981.3	  570.1	  253.0	.
765814	  981.4	  570.7	  253.0	.
765816	  981.9	  570.2	  253.0	.
765818	  982.5	  570.7	  254.0	.
765820	  984.6	  570.9	  256.0	.
765822	  984.3	  571.3	  257.0	.
765824	  984.3	  570.9	  258.0	.
765826	  984.3	  571.2	  258.0	.
765828	  982.9	  571.7	  258.0	.
765830	  983.0	  571.3	  258.0	.
765832	  983.1	  571.0	  258.0	.
765834	  983.2	  570.3	  257.0	.
765836	  983.2	  569.4	  257.0	.
765838	  983.8	  569.4	  257.0	.
765840	  983.7	  569.5	  256.0	.
765842	  983.7	  569.9	  256.0	.
765844	  984.2	  568.6	  256.0	.
765846	  984.6	  567.3	  256.0	.
765848	  984.3	  568.6	  257.0	.
765850	  983.9	  568.8	  257.0	.
765852	  984.1	  568.4	  257.0	.
765854	  984.3	  568.0	  257.0	.
765856	  985.0	  565.8	  258.0	.
765858	  985.0	  565.8	  258.0	.
765860	  985.2	  567.0	  258.0	.
765862	  984.8	  568.2	  258.0	.
765864	  984.4	  568.8	  257.0	.
765866	  984.0	  569.4	  257.0	.
765868	  984.1	  568.7	  257.0	.
765870	  983.4	  568.8	  257.0	.
765872	  982.6	  568.9	  257.0	.
765874	  982.7	  569.0	  257.0	.
765876	  982.8	  569.1	  257.0	.
765878	  983.2	  569.5	  257.0	.
765880	  983.6	  569.9	  258.0	.
765882	  984.0	  570.4	  257.0	.
765884	  984.1	  570.4	  258.0	.
765886	  984.1	  570.4	  258.0	.
765888	  983.7	  570.4	  259.0	.
765890	  983.4	  571.4	  260.0	.
765892	  983.0	  571.4	  260.0	.
765894	  983.0	  571.2	  260.0	.
765896	  982.9	  570.0	  261.0	.
765898	  982.9	  570.0	  261.0	.
765900	  982.8	  570.2	  260.0	.
765902	  983.3	  570.2	  260.0	.
765904	  983.2	  570.1	  260.0	.
765906	  983.1	  571.2	  260.0	.
765908	  982.8	  571.2	  260.0	.
765910	  982.8	  571.1	  260.0	.
765912	  982.7	  569.9	  261.0	.
765914	  982.7	  569.9	  261.0	.
765916	  982.7	  569.9	  261.0	.
765918	  983.3	  569.5	  261.0	.
765920	  983.5	  569.5	  261.0	.
765922	  983.6	  569.2	  261.0	.
765924	  983.4	  569.3	  262.0	.
765926	  984.2	  569.2	  262.0	.
765928	  985.0	  569.2	  261.0	.
765930	  985.4	  569.2	  261.0	.
765932	  984.9	  569.1	  261.0	.
765934	  984.9	  568.8	  261.0	.
765936	  984.7	  568.2	  262.0	.
765938	  984.9	  568.6	  262.0	.
765940	  985.1	  568.5	  262.0	.
765942	  984.5	  568.9	  262.0	.
765944	  984.1	  568.6	  261.0	.
765946	  983.7	  568.2	  261.0	.
765948	  983.1	  568.2	  261.0	.
765950	  983.8	  567.8	  261.0	.
765952	  984.4	  566.6	  262.0	.
765954	  985.4	  566.1	  262.0	.
765956	  985.8	  566.2	  262.0	.
765958	  984.9	  566.5	  261.0	.
765960	  984.1	  566.6	  261.0	.
765962	  983.7	  567.2	  260.0	.
765964	  983.8	  567.4	  260.0	.
765966	  983.9	  567.5	  260.0	.
765968	  983.8	  567.0	  261.0	.
765970	  983.8	  567.9	  261.0	.
765972	  983.8	  568.2	  261.0	.
765974	  983.8	  568.2	  261.0	.
765976	  983.8	  568.2	  261.0	.
765978	  984.6	  568.1	  262.0	.
765980	  984.8	  567.9	  264.0	.
765982	  984.9	  568.5	  264.0	.
765984	  984.9	  568.2	  264.0	.
765986	  984.8	  567.9	  263.0	.
765988	  984.6	  567.8	  263.0	.
765990	  984.3	  567.7	  263.0	.
765992	  983.8	  567.2	  263.0	.
765994	  983.2	  567.2	  263.0	.
765996	  982.8	  567.3	  263.0	.
765998	  982.9	  567.0	  262.0	.
766000	  983.1	  567.2	  263.0	.
766002	  985.3	  566.2	  263.0	.
766004	  987.6	  565.1	  263.0	.
766006	  988.8	  563.2	  263.0	.
766008	  990.1	  561.0	  263.0	.
766010	  989.7	  558.6	  262.0	.
766012	  990.2	  556.1	  262.0	.
766014	  988.3	  553.9	  262.0	.
766016	  986.6	  554.5	  263.0	.
766018	  984.6	  553.7	  264.0	.
766020	  982.6	  552.8	  264.0	.
766022	  982.6	  553.9	  264.0	.
766024	  983.1	  552.2	  263.0	.
766026	  983.7	  553.2	  262.0	.
766028	  983.3	  554.2	  262.0	.
766030	  984.1	  554.8	  262.0	.
766032	  984.2	  555.5	  262.0	.
766034	  984.2	  556.2	  263.0	.
766036	  983.6	  556.8	  264.0	.
766038	  982.9	  557.1	  264.0	.
766040	  982.7	  557.3	  263.0	.
766042	  982.4	  558.2	  263.0	.
766044	  982.4	  558.4	  263.0	.
766046	  982.3	  558.5	  263.0	.
766048	  981.7	  558.6	  262.0	.
766050	  982.6	  558.4	  263.0	.
766052	  982.8	  558.3	  263.0	.
766054	  982.5	  558.6	  263.0	.
766056	  982.8	  557.8	  263.0	.
766058	  982.2	  558.5	  263.0	.
766060	  981.6	  559.1	  263.0	.
766062	  981.2	  559.3	  262.0	.
766064	  981.0	  559.4	  263.0	.
766066	  980.3	  559.7	  263.0	.
766068	  980.5	  560.6	  264.0	.
766070	  980.5	  561.6	  264.0	.
766072	  980.8	  561.6	  264.0	.
766074	  980.8	  561.1	  264.0	.
766076	  980.5	  561.3	  264.0	.
766078	  980.0	  561.0	  265.0	.
766080	  980.3	  560.9	  264.0	.
766082	  980.5	  560.9	  265.0	.
766084	  980.6	  561.3	  265.0	.
766086	  981.7	  562.0	  266.0	.
766088	  982.8	  563.2	  266.0	.
766090	  982.8	  564.6	  264.0	.
766092	  983.4	  564.5	  264.0	.
766094	  983.2	  562.5	  264.0	.
766096	  983.1	  561.9	  264.0	.
766098	  982.7	  562.0	  264.0	.
766100	  982.6	  562.0	  264.0	.
766102	  982.6	  561.8	  264.0	.
766104	  982.7	  562.4	  264.0	.
766106	  982.3	  562.2	  264.0	.
766108	  982.0	  562.0	  265.0	.
766110	  982.6	  561.7	  267.0	.
766112	  982.7	  561.6	  267.0	.
766114	  982.7	  561.5	  266.0	.
766116	  983.3	  560.7	  266.0	.
766118	  983.1	  559.9	  266.0	.
766120	  983.4	  559.9	  266.0	.
766122	  983.4	  559.8	  266.0	.
766124	  983.5	  560.4	  266.0	.
766126	  983.5	  559.2	  265.0	.
766128	  982.9	  558.2	  265.0	.
766130	  983.1	  557.7	  265.0	.
766132	  983.5	  558.4	  265.0	.
766134	  983.5	  558.2	  265.0	.
766136	  982.9	  559.1	  265.0	.
766138	  982.2	  559.9	  267.0	.
766140	  982.3	  560.3	  267.0	.
766142	  981.9	  560.6	  266.0	.
766144	  982.4	  561.2	  266.0	.
766146	  981.9	  560.4	  265.0	.
766148	  981.5	  560.7	  265.0	.
766150	  982.1	  560.1	  264.0	.
766152	  981.8	  559.7	  264.0	.
766154	  982.0	  560.9	  263.0	.
766156	  982.1	  561.3	  263.0	.
766158	  981.8	  561.5	  264.0	.
766160	  981.4	  561.7	  265.0	.
766162	  981.1	  562.0	  267.0	.
766164	  981.7	  561.5	  267.0	.
766166	  981.4	  562.0	  266.0	.
766168	  981.2	  562.3	  265.0	.
766170	  981.9	  562.2	  265.0	.
766172	  981.6	  562.3	  265.0	.
766174	  982.6	  562.1	  264.0	.
766176	  981.9	  562.3	  265.0	.
766178	  982.0	  562.4	  265.0	.
766180	  982.0	  562.6	  265.0	.
766182	  981.8	  563.3	  266.0	.
766184	  982.0	  563.8	  266.0	.
766186	  982.0	  563.8	  266.0	.
766188	  982.2	  562.6	  266.0	.
766190	  982.5	  561.8	  265.0	.
766192	  982.6	  561.4	  265.0	.
766194	  982.6	  561.0	  265.0	.
766196	  983.0	  560.9	  265.0	.
766198	  983.0	  560.8	  265.0	.
766200	  983.0	  560.0	  265.0	.
766202	  982.6	  560.2	  265.0	.
766204	  982.3	  560.4	  265.0	.
766206	  982.0	  560.3	  267.0	.
766208	  981.7	  560.6	  267.0	.
766210	  981.5	  560.0	  267.0	.
766212	  981.3	  559.4	  268.0	.
766214	  981.1	  559.9	  268.0	.
766216	  981.0	  559.4	  267.0	.
766218	  981.0	  559.8	  267.0	.
766220	  980.7	  560.0	  267.0	.
766222	  980.5	  560.5	  267.0	.
766224	  980.8	  560.4	  267.0	.
766226	  980.1	  560.6	  267.0	.
766228	  979.5	  561.5	  267.0	.
766230	  978.9	  561.0	  267.0	.
766232	  979.1	  560.1	  267.0	.
766234	  979.3	  560.3	  267.0	.
766236	  979.4	  560.4	  267.0	.
766238	  978.8	  561.4	  267.0	.
766240	  978.4	  562.2	  268.0	.
766242	  978.3	  562.2	  268.0	.
766244	  978.4	  562.1	  268.0	.
766246	  978.9	  562.3	  268.0	.
766248	  979.1	  561.5	  267.0	.
766250	  979.4	  560.8	  267.0	.
766252	  978.5	  561.4	  267.0	.
766254	  978.8	  561.3	  267.0	.
766256	  978.0	  561.5	  268.0	.
766258	  978.1	  561.8	  268.0	.
766260	  978.2	  561.7	  268.0	.
766262	  978.4	  561.4	  268.0	.
766264	  978.7	  561.3	  268.0	.
766266	  978.3	  561.5	  267.0	.
766268	  978.0	  561.0	  267.0	.
766270	  978.0	  560.9	  267.0	.
766272	  977.9	  560.9	  267.0	.
766274	  978.3	  560.9	  267.0	.
766276	  978.6	  560.9	  267.0	.
766278	  978.4	  561.1	  267.0	.
766280	  978.3	  561.8	  267.0	.
766282	  978.8	  561.2	  267.0	.
766284	  978.6	  561.3	  267.0	.
766286	  978.6	  561.3	  267.0	.
766288	  978.6	  561.3	  267.0	.
766290	  978.8	  560.5	  267.0	.
766292	  979.1	  560.6	  267.0	.
766294	  979.2	  560.5	  267.0	.
766296	  979.2	  560.4	  267.0	.
766298	  979.3	  560.4	  268.0	.
766300	  979.3	  560.4	  268.0	.
766302	  980.9	  561.2	  269.0	.
766304	  981.0	  560.4	  269.0	.
766306	  981.3	  559.8	  267.0	.
766308	  981.3	  559.8	  267.0	.
766310	  980.7	  559.9	  269.0	.
766312	  980.1	  559.9	  269.0	.
766314	  980.3	  559.9	  269.0	.
766316	  979.1	  560.5	  269.0	.
766318	  978.7	  560.6	  269.0	.
766320	  978.5	  560.6	  269.0	.
766322	  978.6	  561.2	  269.0	.
766324	  978.6	  561.7	  269.0	.
766326	  978.8	  561.7	  269.0	.
766328	  978.2	  561.7	  268.0	.
766330	  979.0	  561.5	  269.0	.
766332	  978.9	  561.2	  270.0	.
766334	  979.0	  561.2	  270.0	.
766336	  980.2	  560.6	  270.0	.
766338	  980.8	  561.3	  270.0	.
766340	  980.7	  561.4	  270.0	.
766342	  981.5	  561.5	  270.0	.
766344	  981.3	  561.9	  269.0	.
766346	  981.7	  561.2	  269.0	.
766348	  982.1	  561.1	  269.0	.
766350	  981.8	  561.2	  269.0	.
766352	  981.8	  561.1	  269.0	.
766354	  981.5	  561.8	  269.0	.
766356	  981.0	  561.6	  269.0	.
766358	  980.8	  561.5	  269.0	.
766360	  981.0	  561.6	  269.0	.
766362	  980.1	  561.9	  270.0	.
766364	  980.7	  561.7	  270.0	.
766366	  980.5	  561.5	  273.0	.
766368	  980.9	  561.2	  273.0	.
766370	  980.0	  561.5	  272.0	.
766372	  978.9	  561.3	  272.0	.
766374	  978.8	  561.6	  272.0	.
766376	  978.9	  560.9	  272.0	.
766378	  978.9	  561.1	  271.0	.
766380	  978.8	  561.2	  271.0	.
766382	  978.8	  562.2	  272.0	.
766384	  978.8	  562.2	  272.0	.
766386	  978.5	  562.5	  272.0	.
766388	  979.0	  562.8	  272.0	.
766390	  977.4	  562.8	  273.0	.
766392	  975.9	  563.6	  273.0	.
766394	  976.5	  563.4	  273.0	.
766396	  977.1	  563.3	  274.0	.
766398	  978.4	  563.1	  274.0	.
766400	  978.3	  563.0	  274.0	.
766402	  978.2	  562.9	  273.0	.
766404	  977.8	  562.8	  272.0	.
766406	  977.5	  562.9	  272.0	.
766408	  977.1	  562.2	  272.0	.
766410	  977.3	  562.0	  273.0	.
766412	  977.5	  561.8	  275.0	.
766414	  976.9	  561.9	  275.0	.
766416	  977.3	  561.2	  275.0	.
766418	  977.6	  560.6	  275.0	.
766420	  976.6	  560.8	  275.0	.
766422	  976.3	  560.7	  276.0	.
766424	  976.1	  561.0	  276.0	.
766426	  976.8	  561.2	  275.0	.
766428	  977.5	  560.9	  274.0	.
766430	  976.8	  560.7	  274.0	.
766432	  977.9	  559.8	  274.0	.
766434	  978.1	  559.8	  275.0	.
766436	  978.0	  559.9	  275.0	.
766438	  978.5	  559.5	  275.0	.
766440	  978.0	  559.3	  275.0	.
766442	  977.5	  559.7	  275.0	.
766444	  976.0	  559.4	  274.0	.
766446	  976.3	  558.7	  275.0	.
766448	  975.6	  559.1	  275.0	.
766450	  977.1	  559.0	  277.0	.
766452	  978.7	  558.9	  277.0	.
766454	  977.2	  559.3	  277.0	.
766456	  977.0	  559.4	  277.0	.
766458	  976.8	  560.6	  276.0	.
766460	  976.1	  561.9	  276.0	.
766462	  975.2	  561.4	  276.0	.
766464	  974.0	  561.1	  276.0	.
766466	  973.8	  561.4	  276.0	.
766468	  974.7	  561.6	  276.0	.
766470	  974.4	  562.4	  277.0	.
766472	  974.7	  562.4	  277.0	.
766474	  975.0	  562.4	  277.0	.
766476	  975.9	  563.0	  277.0	.
766478	  975.9	  562.3	  277.0	.
766480	  975.4	  561.8	  277.0	.
766482	  974.9	  562.2	  278.0	.
766484	  975.1	  562.6	  278.0	.
766486	  975.1	  563.3	  278.0	.
766488	  975.3	  563.5	  277.0	.
766490	  975.5	  563.8	  278.0	.
766492	  975.8	  563.7	  278.0	.
766494	  975.6	  563.7	  278.0	.
766496	  975.8	  562.7	  279.0	.
766498	  975.4	  561.9	  279.0	.
766500	  975.1	  562.1	  279.0	.
766502	  974.8	  562.3	  279.0	.
766504	  974.6	  562.6	  279.0	.
766506	  974.4	  563.0	  279.0	.
766508	  974.4	  562.7	  279.0	.
766510	  975.0	  562.6	  279.0	.
766512	  974.5	  562.2	  279.0	.
766514	  974.6	  561.7	  279.0	.
766516	  974.5	  562.6	  280.0	.
766518	  974.7	  562.1	  280.0	.
766520	  974.9	  561.4	  280.0	.
766522	  974.2	  561.7	  280.0	.
766524	  974.5	  561.4	  280.0	.
766526	  974.6	  562.6	  281.0	.
766528	  974.8	  562.5	  282.0	.
766530	  974.6	  562.0	  282.0	.
766532	  974.6	  562.5	  282.0	.
766534	  974.6	  562.5	  281.0	.
766536	  973.3	  562.6	  281.0	.
766538	  974.2	  562.3	  281.0	.
766540	  975.3	  562.8	  281.0	.
766542	  975.2	  561.0	  281.0	.
766544	  974.9	  560.9	  281.0	.
766546	  974.9	  561.5	  282.0	.
766548	  975.2	  561.6	  281.0	.
766550	  975.4	  561.6	  281.0	.
766552	  975.5	  563.0	  280.0	.
766554	  975.4	  561.7	  280.0	.
766556	  976.2	  562.3	  281.0	.
766558	  975.7	  561.9	  282.0	.
766560	  975.3	  561.5	  282.0	.
766562	  975.3	  562.1	  282.0	.
766564	  975.6	  562.7	  282.0	.
766566	  975.8	  562.1	  282.0	.
766568	  976.0	  561.5	  282.0	.
766570	  976.3	  561.6	  282.0	.
766572	  976.3	  559.7	  283.0	.
766574	  976.3	  561.6	  284.0	.
766576	  976.3	  563.4	  284.0	.
766578	  975.9	  561.8	  284.0	.
766580	  975.5	  561.8	  284.0	.
766582	  975.5	  562.0	  285.0	.
766584	  976.0	  560.2	  285.0	.
766586	  976.5	  558.5	  286.0	.
766588	  976.8	  559.0	  286.0	.
766590	  977.1	  557.8	  287.0	.
766592	  977.6	  558.9	  286.0	.
766594	  978.1	  559.0	  288.0	.
766596	  978.5	  558.8	  289.0	.
766598	  979.2	  560.7	  290.0	.
766600	  979.3	  562.6	  290.0	.
766602	  979.1	  560.3	  291.0	.
766604	  979.5	  559.9	  291.0	.
766606	  979.7	  559.5	  291.0	.
766608	  979.2	  555.2	  292.0	.
766610	  980.0	  555.3	  293.0	.
766612	  979.8	  554.8	  294.0	.
766614	  980.1	  558.3	  294.0	.
766616	  979.2	  559.3	  294.0	.
766618	  979.2	  559.4	  296.0	.
766620	  978.7	  559.1	  296.0	.
766622	  979.7	  559.5	  296.0	.
766624	  979.9	  560.1	  296.0	.
766626	  980.0	  559.1	  296.0	.
766628	  979.7	  558.2	  296.0	.
766630	  979.7	  558.3	  296.0	.
766632	  979.7	  556.3	  296.0	.
766634	  980.1	  557.5	  295.0	.
766636	  980.8	  558.7	  295.0	.
766638	  982.9	  563.1	  293.0	.
766640	  982.7	  563.1	  293.0	.
766642	  981.4	  560.8	  294.0	.
766644	  981.4	  560.8	  294.0	.
766646	  980.9	  560.3	  294.0	.
766648	  980.2	  559.7	  294.0	.
766650	  980.0	  558.6	  295.0	.
766652	  979.8	  558.4	  295.0	.
766654	  980.9	  557.9	  296.0	.
766656	  980.3	  557.8	  299.0	.
766658	  979.8	  557.7	  301.0	.
766660	  979.1	  556.8	  301.0	.
766662	  978.5	  555.8	  300.0	.
766664	  978.8	  555.6	  301.0	.
766666	  978.7	  556.7	  300.0	.
766668	  979.3	  555.0	  300.0	.
766670	  980.2	  555.9	  300.0	.
766672	  979.8	  557.0	  300.0	.
766674	  980.4	  560.4	  300.0	.
766676	  980.3	  560.4	  300.0	.
766678	  980.2	  558.6	  302.0	.
766680	  980.0	  556.8	  303.0	.
766682	  980.1	  558.4	  303.0	.
766684	  980.3	  557.2	  302.0	.
766686	  980.1	  557.2	  301.0	.
766688	  980.1	  557.1	  301.0	.
766690	  980.1	  556.1	  302.0	.
766692	  980.0	  555.8	  304.0	.
766694	  980.0	  555.4	  304.0	.
766696	  979.8	  555.4	  304.0	.
766698	  979.7	  555.3	  304.0	.
766700	  978.1	  554.3	  305.0	.
766702	  977.6	  553.2	  305.0	.
766704	  977.4	  553.6	  305.0	.
766706	  977.4	  554.0	  305.0	.
766708	  977.4	  555.5	  306.0	.
766710	  977.6	  557.0	  308.0	.
766712	  977.7	  556.8	  308.0	.
766714	  978.7	  556.6	  308.0	.
766716	  978.8	  555.9	  308.0	.
766718	  978.4	  555.4	  307.0	.
766720	  978.1	  556.3	  307.0	.
766722	  977.2	  555.7	  307.0	.
766724	  977.4	  556.3	  307.0	.
766726	  977.7	  556.9	  306.0	.
766728	  977.5	  556.8	  307.0	.
766730	  977.4	  557.8	  307.0	.
766732	  977.4	  558.6	  306.0	.
766734	  977.3	  558.5	  306.0	.
766736	  976.5	  559.2	  306.0	.
766738	  976.2	  560.0	  306.0	.
766740	  976.6	  559.1	  306.0	.
766742	  976.0	  559.0	  306.0	.
766744	  976.4	  558.8	  306.0	.
766746	  975.7	  558.3	  307.0	.
766748	  976.0	  558.7	  310.0	.
766750	  976.0	  558.3	  310.0	.
766752	  975.9	  557.8	  311.0	.
766754	  975.9	  557.4	  313.0	.
766756	  975.8	  557.0	  313.0	.
766758	  975.7	  556.5	  312.0	.
766760	  976.3	  556.8	  311.0	.
766762	  976.2	  556.6	  309.0	.
766764	  976.1	  556.4	  308.0	.
766766	  975.8	  556.7	  309.0	.
766768	  976.0	  556.4	  311.0	.
766770	  976.2	  556.0	  310.0	.
766772	  975.6	  555.0	  310.0	.
766774	  975.9	  555.0	  310.0	.
766776	  976.3	  556.1	  309.0	.
766778	  977.4	  557.1	  308.0	.
766780	  978.0	  559.6	  308.0	.
766782	  977.8	  558.7	  309.0	.
766784	  977.8	  558.3	  309.0	.
766786	  977.2	  558.0	  310.0	.
766788	  978.0	  557.6	  311.0	.
766790	  978.8	  557.5	  310.0	.
766792	  978.1	  557.6	  311.0	.
766794	  978.1	  557.4	  312.0	.
766796	  978.5	  558.8	  311.0	.
766798	  978.1	  558.1	  311.0	.
766800	  978.8	  559.7	  311.0	.
766802	  979.6	  560.5	  311.0	.
766804	  979.6	  561.3	  311.0	.
766806	  979.1	  560.7	  313.0	.
766808	  980.2	  562.0	  313.0	.
766810	  980.0	  562.0	  314.0	.
766812	  979.8	  562.0	  314.0	.
766814	  979.8	  562.5	  314.0	.
766816	  980.6	  562.1	  314.0	.
766818	  980.6	  564.1	  313.0	.
766820	  980.4	  566.1	  312.0	.
766822	  980.6	  570.4	  310.0	.
766824	  980.4	  569.2	  310.0	.
766826	  980.0	  569.2	  310.0	.
766828	  979.9	  569.2	  310.0	.
766830	  979.8	  568.7	  311.0	.
766832	  979.8	  568.2	  311.0	.
766834	  980.1	  569.6	  311.0	.
766836	  980.1	  571.0	  311.0	.
766838	  980.1	  570.8	  311.0	.
766840	  980.3	  572.0	  311.0	.
766842	  980.4	  570.7	  311.0	.
766844	  980.3	  569.3	  311.0	.
766846	  980.8	  569.0	  311.0	.
766848	  980.9	  569.8	  311.0	.
766850	  980.9	  568.5	  311.0	.
766852	  980.1	  568.0	  311.0	.
766854	  979.5	  567.5	  312.0	.
766856	  979.4	  568.0	  311.0	.
766858	  979.3	  567.4	  312.0	.
766860	  979.0	  566.9	  312.0	.
766862	  979.2	  566.9	  315.0	.
766864	  979.4	  567.3	  315.0	.
766866	  979.5	  565.8	  316.0	.
766868	  979.5	  566.2	  317.0	.
766870	  979.5	  566.5	  317.0	.
766872	  979.3	  565.3	  316.0	.
766874	  979.4	  564.0	  316.0	.
766876	  979.0	  563.2	  316.0	.
766878	  978.7	  563.0	  316.0	.
766880	  978.8	  564.2	  316.0	.
766882	  978.5	  563.5	  315.0	.
766884	  978.1	  562.9	  315.0	.
766886	  978.4	  562.0	  315.0	.
766888	  978.0	  561.3	  315.0	.
766890	  978.0	  561.8	  315.0	.
766892	  978.0	  561.8	  315.0	.
766894	  978.1	  561.8	  315.0	.
766896	  978.1	  561.9	  315.0	.
766898	  978.1	  562.2	  315.0	.
766900	  978.1	  562.4	  315.0	.
766902	  978.1	  562.2	  315.0	.
766904	  978.0	  562.1	  316.0	.
766906	  978.0	  562.0	  316.0	.
766908	  977.1	  562.2	  317.0	.
766910	  976.7	  562.4	  316.0	.
766912	  976.3	  561.9	  316.0	.
766914	  976.3	  561.2	  316.0	.
766916	  976.4	  560.9	  318.0	.
766918	  976.4	  561.1	  318.0	.
766920	  976.4	  560.5	  317.0	.
766922	  976.4	  559.7	  317.0	.
766924	  976.6	  560.8	  317.0	.
766926	  977.0	  560.9	  317.0	.
766928	  977.4	  560.7	  316.0	.
766930	  977.3	  560.6	  315.0	.
766932	  977.3	  560.6	  315.0	.
766934	  977.1	  561.1	  315.0	.
766936	  977.0	  561.7	  315.0	.
766938	  976.1	  561.1	  316.0	.
766940	  975.8	  561.1	  316.0	.
766942	  975.9	  561.0	  316.0	.
766944	  975.6	  561.1	  316.0	.
766946	  975.3	  561.0	  316.0	.
766948	  975.3	  560.6	  316.0	.
766950	  975.2	  560.2	  316.0	.
766952	  976.1	  561.3	  318.0	.
766954	  975.5	  560.8	  318.0	.
766956	  975.8	  560.5	  318.0	.
766958	  975.8	  560.6	  318.0	.
766960	  975.8	  560.7	  317.0	.
766962	  975.5	  561.0	  317.0	.
766964	  975.3	  561.4	  316.0	.
766966	  975.2	  562.5	  317.0	.
766968	  975.7	  562.4	  317.0	.
766970	  976.4	  564.1	  316.0	.
766972	  976.9	  563.7	  316.0	.
766974	  977.4	  563.3	  317.0	.
766976	  976.8	  562.3	  318.0	.
766978	  976.2	  562.3	  318.0	.
766980	  974.7	  562.4	  318.0	.
766982	  974.6	  561.9	  318.0	.
766984	  974.3	  561.8	  317.0	.
766986	  974.3	  561.6	  317.0	.
766988	  974.2	  559.7	  317.0	.
766990	  974.5	  559.2	  317.0	.
766992	  974.6	  559.9	  317.0	.
766994	  974.6	  559.8	  317.0	.
766996	  976.2	  560.0	  316.0	.
766998	  975.9	  559.0	  317.0	.
767000	  975.7	  559.8	  317.0	.
767002	  975.6	  559.1	  319.0	.
767004	  975.9	  559.0	  319.0	.
767006	  975.8	  558.8	  319.0	.
767008	  975.6	  558.8	  318.0	.
767010	  975.8	  558.6	  318.0	.
767012	  975.7	  558.3	  318.0	.
767014	  975.7	  558.0	  319.0	.
767016	  976.4	  558.4	  319.0	.
767018	  976.9	  558.7	  318.0	.
767020	  977.1	  559.3	  318.0	.
767022	  977.1	  559.2	  317.0	.
767024	  977.0	  560.2	  317.0	.
767026	  977.2	  559.3	  318.0	.
767028	  977.2	  559.8	  318.0	.
767030	  977.3	  560.2	  316.0	.
767032	  977.3	  561.0	  315.0	.
767034	  977.3	  559.8	  315.0	.
767036	  977.1	  560.4	  317.0	.
767038	  977.1	  560.9	  317.0	.
767040	  976.7	  560.4	  317.0	.
767042	  977.2	  561.1	  317.0	.
767044	  976.8	  561.5	  317.0	.
767046	  977.3	  561.6	  317.0	.
767048	  977.3	  561.7	  318.0	.
767050	  977.3	  561.2	  318.0	.
767052	  976.9	  561.2	  318.0	.
767054	  977.8	  561.3	  318.0	.
767056	  977.8	  561.5	  317.0	.
767058	  977.9	  562.8	  317.0	.
767060	  978.6	  562.8	  317.0	.
767062	  977.8	  562.9	  317.0	.
767064	  977.4	  562.9	  317.0	.
767066	  977.7	  564.4	  317.0	.
767068	  977.6	  564.2	  318.0	.
767070	  977.8	  563.9	  318.0	.
767072	  977.7	  563.1	  318.0	.
767074	  978.3	  562.7	  318.0	.
767076	  978.1	  562.5	  317.0	.
767078	  978.0	  562.0	  317.0	.
767080	  978.0	  562.0	  317.0	.
767082	  977.6	  562.0	  317.0	.
767084	  977.9	  562.5	  316.0	.
767086	  978.5	  562.7	  316.0	.
767088	  978.6	  562.9	  316.0	.
767090	  978.9	  563.1	  317.0	.
767092	  979.4	  562.3	  318.0	.
767094	  978.4	  561.7	  318.0	.
767096	  978.3	  560.1	  317.0	.
767098	  978.4	  559.9	  318.0	.
767100	  978.6	  558.9	  318.0	.
767102	  979.0	  558.6	  319.0	.
767104	  978.7	  558.6	  319.0	.
767106	  978.8	  558.5	  319.0	.
767108	  978.7	  558.0	  319.0	.
767110	  979.1	  557.8	  319.0	.
767112	  978.9	  557.8	  319.0	.
767114	  979.4	  558.0	  319.0	.
767116	  978.8	  558.4	  319.0	.
767118	  978.2	  558.5	  319.0	.
767120	  978.2	  558.5	  319.0	.
767122	  978.1	  558.4	  319.0	.
767124	  977.9	  558.5	  319.0	.
767126	  977.9	  558.7	  320.0	.
767128	  978.1	  559.0	  319.0	.
767130	  977.5	  559.3	  318.0	.
767132	  977.8	  559.5	  316.0	.
767134	  977.2	  559.8	  316.0	.
767136	  976.6	  560.0	  316.0	.
767138	  977.4	  559.8	  316.0	.
767140	  977.1	  560.1	  316.0	.
767142	  976.5	  558.6	  317.0	.
767144	  976.1	  558.7	  317.0	.
767146	  976.2	  558.5	  318.0	.
767148	  976.5	  558.9	  320.0	.
767150	  977.5	  558.8	  320.0	.
767152	  977.1	  559.0	  319.0	.
767154	  976.6	  559.2	  318.0	.
767156	  977.7	  559.1	  318.0	.
767158	  978.7	  558.9	  317.0	.
767160	  981.6	  558.4	  317.0	.
767162	  981.6	  558.4	  317.0	.
767164	  975.6	  559.7	  317.0	.
767166	  975.0	  559.6	  318.0	.
767168	  975.2	  559.9	  319.0	.
767170	  975.1	  560.2	  319.0	.
767172	  974.6	  560.2	  319.0	.
767174	  973.8	  560.3	  319.0	.
767176	  974.4	  559.9	  319.0	.
767178	  973.9	  560.0	  319.0	.
767180	  973.7	  560.3	  318.0	.
767182	  973.4	  561.0	  318.0	.
767184	  973.7	  561.9	  318.0	.
767186	  973.6	  561.8	  318.0	.
767188	  973.8	  562.3	  319.0	.
767190	  973.6	  561.7	  319.0	.
767192	  972.3	  562.0	  319.0	.
767194	  972.0	  562.0	  319.0	.
767196	  972.3	  562.7	  320.0	.
767198	  972.4	  563.4	  320.0	.
767200	  972.8	  563.4	  320.0	.
767202	  972.6	  563.3	  320.0	.
767204	  972.7	  563.6	  320.0	.
767206	  972.4	  563.6	  321.0	.
767208	  971.3	  563.8	  322.0	.
767210	  971.0	  563.6	  322.0	.
767212	  971.1	  563.5	  322.0	.
767214	  971.0	  563.5	  323.0	.
767216	  971.2	  563.9	  324.0	.
767218	  971.1	  562.4	  324.0	.
767220	  970.0	  562.5	  322.0	.
767222	  970.3	  562.9	  320.0	.
767224	  970.2	  562.3	  320.0	.
767226	  970.0	  562.4	  320.0	.
767228	  970.0	  562.0	  320.0	.
767230	  970.1	  563.1	  320.0	.
767232	  969.8	  562.2	  320.0	.
767234	  969.5	  562.0	  320.0	.
767236	  969.7	  562.2	  321.0	.
767238	  969.3	  562.0	  321.0	.
767240	  969.7	  563.4	  321.0	.
767242	  969.8	  563.4	  321.0	.
767244	  970.1	  563.4	  322.0	.
767246	  970.0	  562.0	  322.0	.
767248	  971.3	  561.1	  321.0	.
767250	  971.9	  560.9	  321.0	.
767252	  972.5	  561.2	  319.0	.
767254	  972.2	  560.6	  319.0	.
767256	  972.8	  560.6	  319.0	.
767258	  973.3	  560.5	  319.0	.
767260	  973.3	  559.9	  319.0	.
767262	  972.9	  559.7	  319.0	.
767264	  972.8	  559.6	  319.0	.
767266	  972.8	  559.5	  320.0	.
767268	  972.9	  559.5	  321.0	.
767270	  972.4	  560.1	  321.0	.
767272	  972.2	  559.9	  321.0	.
767274	  972.1	  560.3	  322.0	.
767276	  972.0	  560.1	  322.0	.
767278	  972.3	  559.6	  321.0	.
767280	  972.6	  560.2	  320.0	.
767282	  973.1	  560.2	  319.0	.
767284	  973.3	  560.4	  319.0	.
767286	  973.2	  560.5	  319.0	.
767288	  973.2	  560.7	  320.0	.
767290	  973.0	  561.0	  320.0	.
767292	  972.9	  561.2	  319.0	.
767294	  973.0	  560.9	  319.0	.
767296	  972.7	  561.1	  319.0	.
767298	  972.6	  560.4	  321.0	.
767300	  972.4	  559.7	  323.0	.
767302	  972.5	  559.3	  322.0	.
767304	  972.1	  559.5	  323.0	.
767306	  973.6	  559.3	  324.0	.
767308	  973.9	  559.8	  327.0	.
767310	  973.6	  560.0	  327.0	.
767312	  973.8	  559.8	  325.0	.
767314	  973.2	  560.1	  325.0	.
767316	  973.2	  560.0	  325.0	.
767318	  972.4	  560.0	  324.0	.
767320	  973.6	  559.3	  323.0	.
767322	  973.2	  560.1	  322.0	.
767324	  972.9	  560.8	  321.0	.
767326	  972.8	  560.8	  321.0	.
767328	  972.9	  560.7	  321.0	.
767330	  972.2	  560.4	  321.0	.
767332	  972.1	  559.4	  322.0	.
767334	  972.2	  559.6	  323.0	.
767336	  973.0	  559.8	  323.0	.
767338	  972.3	  559.6	  323.0	.
767340	  972.2	  560.5	  322.0	.
767342	  972.4	  561.4	  321.0	.
767344	  972.5	  560.4	  321.0	.
767346	  972.6	  560.8	  320.0	.
767348	  972.5	  561.3	  321.0	.
767350	  972.6	  562.1	  321.0	.
767352	  972.7	  562.9	  321.0	.
767354	  972.1	  563.7	  322.0	.
767356	  971.5	  564.1	  323.0	.
767358	  971.6	  564.1	  323.0	.
767360	  971.6	  564.0	  323.0	.
767362	  971.5	  563.2	  324.0	.
767364	  971.6	  562.3	  324.0	.
767366	  971.2	  562.4	  324.0	.
767368	  971.3	  562.5	  323.0	.
767370	  971.3	  562.7	  323.0	.
767372	  972.1	  563.5	  322.0	.
767374	  972.0	  563.6	  322.0	.
767376	  971.9	  563.3	  322.0	.
767378	  971.9	  563.1	  322.0	.
767380	  971.9	  563.0	  323.0	.
767382	  971.8	  563.0	  323.0	.
767384	  971.0	  561.3	  323.0	.
767386	  970.7	  560.9	  323.0	.
767388	  970.5	  561.4	  321.0	.
767390	  970.5	  562.0	  321.0	.
767392	  970.7	  562.4	  322.0	.
767394	  970.1	  562.9	  323.0	.
767396	  969.9	  563.3	  323.0	.
767398	  970.0	  563.4	  323.0	.
767400	  969.9	  563.2	  323.0	.
767402	  970.2	  563.0	  323.0	.
767404	  970.5	  562.3	  323.0	.
767406	  970.6	  561.6	  323.0	.
767408	  970.5	  560.7	  323.0	.
767410	  970.8	  561.2	  321.0	.
767412	  971.2	  561.2	  321.0	.
767414	  971.5	  561.3	  321.0	.
767416	  970.5	  562.1	  321.0	.
767418	  970.9	  562.6	  321.0	.
767420	  970.5	  562.3	  321.0	.
767422	  971.2	  561.8	  320.0	.
767424	  971.9	  561.6	  320.0	.
767426	  973.7	  561.2	  320.0	.
767428	  979.4	  559.7	  318.0	.
767430	  984.4	  557.9	  317.0	.
767432	  985.7	  557.7	  317.0	.
767434	  985.5	  556.8	  320.0	.
767436	  985.7	  555.9	  320.0	.
767438	  985.3	  554.9	  320.0	.
767440	  985.1	  554.0	  320.0	.
767442	  984.9	  553.8	  320.0	.
767444	  984.7	  553.6	  317.0	.
767446	  984.6	  553.0	  317.0	.
767448	  984.6	  552.3	  317.0	.
767450	  984.4	  553.2	  317.0	.
767452	  984.4	  553.7	  319.0	.
767454	  984.5	  553.9	  319.0	.
767456	  984.1	  552.6	  318.0	.
767458	  983.6	  551.3	  318.0	.
767460	  983.3	  551.8	  318.0	.
767462	  983.3	  551.6	  318.0	.
767464	  983.4	  551.4	  318.0	.
767466	  983.5	  552.0	  317.0	.
767468	  983.7	  551.7	  317.0	.
767470	  983.7	  551.3	  317.0	.
767472	  983.8	  550.9	  316.0	.
767474	  983.7	  550.3	  317.0	.
767476	  983.8	  549.7	  317.0	.
767478	  983.5	  549.0	  317.0	.
767480	  983.2	  548.3	  317.0	.
767482	  983.2	  548.5	  317.0	.
767484	  983.2	  548.7	  317.0	.
767486	  983.2	  549.1	  317.0	.
767488	  983.1	  549.2	  318.0	.
767490	  983.8	  550.2	  318.0	.
767492	  984.1	  551.3	  318.0	.
767494	  984.0	  551.4	  318.0	.
767496	  984.1	  551.6	  318.0	.
767498	  984.0	  553.7	  318.0	.
767500	  984.0	  553.5	  318.0	.
767502	  984.6	  554.2	  319.0	.
767504	  985.2	  554.5	  319.0	.
767506	  985.1	  554.9	  318.0	.
767508	  985.6	  555.4	  318.0	.
767510	  985.5	  556.0	  318.0	.
767512	  985.4	  556.6	  318.0	.
767514	  984.6	  558.2	  317.0	.
767516	  984.0	  558.9	  316.0	.
767518	  983.3	  559.5	  316.0	.
767520	  982.9	  559.8	  316.0	.
767522	  983.2	  559.9	  315.0	.
767524	  983.0	  560.0	  315.0	.
767526	  983.0	  560.0	  315.0	.
767528	  982.7	  560.0	  316.0	.
767530	  982.7	  559.9	  315.0	.
767532	  982.2	  559.9	  315.0	.
767534	  982.6	  559.7	  314.0	.
767536	  982.5	  557.7	  314.0	.
767538	  982.6	  557.6	  314.0	.
767540	  982.6	  557.7	  315.0	.
767542	  982.7	  555.4	  315.0	.
767544	  983.8	  555.2	  315.0	.
767546	  983.9	  555.2	  315.0	.
767548	  983.9	  555.2	  315.0	.
767550	  984.2	  555.1	  315.0	.
767552	  984.3	  555.0	  315.0	.
767554	  985.9	  554.5	  315.0	.
767556	  986.0	  555.4	  315.0	.
767558	  986.2	  555.4	  315.0	.
767560	  985.8	  555.6	  315.0	.
767562	  986.7	  555.5	  314.0	.
767564	  987.4	  554.8	  314.0	.
767566	  986.8	  554.2	  314.0	.
767568	  986.7	  554.3	  314.0	.
767570	  986.8	  554.2	  314.0	.
767572	  987.4	  554.4	  314.0	.
767574	  988.0	  554.4	  314.0	.
767576	  987.8	  555.7	  314.0	.
767578	  987.6	  555.4	  314.0	.
767580	  987.0	  556.4	  313.0	.
767582	  987.5	  557.2	  314.0	.
767584	  987.5	  559.3	  313.0	.
767586	  988.2	  560.3	  313.0	.
767588	  987.7	  561.0	  313.0	.
767590	  987.9	  560.5	  313.0	.
767592	  988.0	  560.4	  313.0	.
767594	  988.3	  560.4	  313.0	.
767596	  987.6	  559.1	  314.0	.
767598	  987.5	  560.2	  313.0	.
767600	  987.3	  561.4	  314.0	.
767602	  987.2	  561.4	  314.0	.
767604	  987.0	  561.4	  314.0	.
767606	  987.6	  562.3	  314.0	.
767608	  987.9	  562.7	  314.0	.
767610	  988.1	  563.0	  314.0	.
767612	  988.0	  563.2	  313.0	.
767614	  987.8	  563.3	  311.0	.
767616	  987.4	  563.3	  311.0	.
767618	  987.6	  563.3	  311.0	.
767620	  987.3	  563.3	  312.0	.
767622	  987.8	  563.3	  312.0	.
767624	  988.3	  563.0	  312.0	.
767626	  987.9	  562.8	  312.0	.
767628	  987.9	  563.2	  312.0	.
767630	  987.5	  562.7	  311.0	.
767632	  987.0	  562.2	  311.0	.
767634	  987.6	  560.5	  311.0	.
767636	  987.2	  560.4	  312.0	.
767638	  986.8	  560.4	  313.0	.
767640	  987.2	  559.7	  313.0	.
767642	  987.4	  559.6	  312.0	.
767644	  987.5	  560.1	  312.0	.
767646	  987.2	  560.1	  312.0	.
767648	  986.8	  559.9	  312.0	.
767650	  986.0	  559.9	  311.0	.
767652	  986.1	  559.8	  311.0	.
767654	  986.2	  560.3	  311.0	.
767656	  986.1	  559.7	  311.0	.
767658	  986.1	  559.8	  311.0	.
767660	  986.2	  559.8	  310.0	.
767662	  984.1	  559.6	  310.0	.
767664	  983.5	  559.2	  311.0	.
767666	  982.9	  559.4	  311.0	.
767668	  982.8	  559.6	  310.0	.
767670	  982.9	  560.0	  310.0	.
767672	  982.8	  560.1	  310.0	.
767674	  982.6	  560.3	  310.0	.
767676	  982.8	  560.9	  310.0	.
767678	  982.8	  560.9	  309.0	.
767680	  982.7	  560.8	  309.0	.
767682	  982.9	  560.8	  309.0	.
767684	  983.3	  560.8	  308.0	.
767686	  983.0	  560.6	  308.0	.
767688	  983.1	  562.2	  306.0	.
767690	  983.0	  563.8	  306.0	.
767692	  983.0	  563.2	  306.0	.
767694	  982.1	  562.8	  307.0	.
767696	  981.4	  562.2	  307.0	.
767698	  980.8	  561.6	  308.0	.
767700	  980.8	  560.2	  308.0	.
767702	  980.7	  559.0	  308.0	.
767704	  981.1	  559.2	  309.0	.
767706	  981.1	  558.9	  309.0	.
767708	  981.5	  558.9	  308.0	.
767710	  981.2	  558.2	  308.0	.
767712	  981.3	  558.1	  307.0	.
767714	  981.0	  558.0	  307.0	.
767716	  980.7	  556.3	  305.0	.
767718	  980.2	  557.1	  305.0	.
767720	  979.9	  556.1	  304.0	.
767722	  979.3	  555.8	  304.0	.
767724	  979.0	  555.5	  304.0	.
767726	  978.3	  555.0	  304.0	.
767728	  978.7	  555.1	  304.0	.
767730	  978.4	  555.2	  304.0	.
767732	  978.4	  555.6	  304.0	.
767734	  978.7	  555.8	  304.0	.
767736	  979.3	  557.4	  303.0	.
767738	  979.2	  557.8	  303.0	.
767740	  979.3	  558.0	  304.0	.
767742	  979.2	  557.8	  304.0	.
767744	  979.3	  557.5	  304.0	.
767746	  979.3	  556.8	  304.0	.
767748	  979.2	  556.6	  305.0	.
767750	  979.2	  557.2	  305.0	.
767752	  979.4	  557.1	  304.0	.
767754	  979.5	  557.1	  304.0	.
767756	  979.5	  556.9	  304.0	.
767758	  979.8	  556.7	  304.0	.
767760	  979.7	  557.0	  304.0	.
767762	  979.7	  556.4	  304.0	.
767764	  979.7	  555.7	  303.0	.
767766	  978.9	  555.4	  302.0	.
767768	  978.7	  554.9	  302.0	.
767770	  978.5	  554.4	  302.0	.
767772	  979.1	  554.1	  302.0	.
767774	  979.7	  554.1	  302.0	.
767776	  979.9	  554.1	  302.0	.
767778	  980.1	  554.4	  302.0	.
767780	  981.4	  556.2	  301.0	.
767782	  980.5	  556.2	  302.0	.
767784	  980.5	  556.4	  303.0	.
767786	  979.9	  556.4	  303.0	.
767788	  980.0	  556.5	  302.0	.
767790	  980.1	  556.6	  302.0	.
767792	  981.0	  556.8	  303.0	.
767794	  980.8	  556.7	  303.0	.
767796	  980.8	  556.8	  303.0	.
767798	  980.7	  557.1	  303.0	.
767800	  980.8	  557.0	  304.0	.
767802	  980.9	  557.1	  304.0	.
767804	  980.9	  557.3	  304.0	.
767806	  981.0	  557.6	  305.0	.
767808	  981.6	  556.8	  305.0	.
767810	  981.9	  557.6	  303.0	.
767812	  982.1	  558.3	  302.0	.
767814	  982.7	  558.8	  302.0	.
767816	  981.8	  558.9	  302.0	.
767818	  982.4	  559.0	  302.0	.
767820	  982.9	  560.0	  302.0	.
767822	  983.1	  561.2	  302.0	.
767824	  983.2	  561.6	  301.0	.
767826	  983.0	  561.7	  300.0	.
767828	  983.0	  561.6	  300.0	.
767830	  982.9	  561.6	  300.0	.
767832	  982.9	  562.1	  300.0	.
767834	  983.1	  562.9	  300.0	.
767836	  982.1	  563.1	  299.0	.
767838	  981.2	  563.3	  299.0	.
767840	  981.1	  563.0	  300.0	.
767842	  980.8	  562.9	  300.0	.
767844	  981.3	  563.8	  300.0	.
767846	  980.9	  565.0	  297.0	.
767848	  980.8	  563.8	  297.0	.
767850	  980.9	  563.6	  297.0	.
767852	  980.7	  563.3	  298.0	.
767854	  980.9	  563.0	  299.0	.
767856	  981.1	  562.6	  300.0	.
767858	  981.4	  562.1	  300.0	.
767860	  981.4	  562.0	  300.0	.
767862	  981.5	  561.6	  300.0	.
767864	  981.3	  563.0	  299.0	.
767866	  981.1	  561.6	  300.0	.
767868	  980.9	  561.2	  301.0	.
767870	  981.1	  560.8	  301.0	.
767872	  981.3	  561.0	  301.0	.
767874	  982.0	  561.3	  301.0	.
767876	  982.1	  560.3	  301.0	.
767878	  982.2	  559.4	  301.0	.
767880	  982.3	  559.2	  300.0	.
767882	  982.0	  559.0	  299.0	.
767884	  981.7	  558.7	  299.0	.
767886	  981.1	  558.3	  299.0	.
767888	  980.4	  556.9	  300.0	.
767890	  980.3	  555.2	  300.0	.
767892	  980.4	  555.1	  300.0	.
767894	  979.9	  555.3	  301.0	.
767896	  979.9	  555.0	  301.0	.
767898	  980.2	  555.0	  302.0	.
767900	  979.8	  554.6	  302.0	.
767902	  979.5	  554.1	  302.0	.
MSG	767904 DSP: STIM
767904	  979.6	  554.7	  303.0	.
767906	  979.5	  554.0	  305.0	.
767908	  979.6	  554.6	  305.0	.
767910	  979.6	  554.4	  302.0	.
767912	  979.9	  554.4	  301.0	.
767914	  979.6	  554.5	  301.0	.
767916	  979.4	  554.7	  301.0	.
767918	  978.7	  554.7	  302.0	.
767920	  978.8	  554.7	  302.0	.
767922	  978.7	  554.3	  302.0	.
767924	  978.1	  553.0	  302.0	.
767926	  978.1	  552.4	  302.0	.
767928	  978.3	  551.9	  302.0	.
767930	  978.0	  549.9	  303.0	.
767932	  978.0	  551.3	  303.0	.
767934	  977.1	  552.8	  303.0	.
767936	  977.2	  553.3	  303.0	.
767938	  977.1	  552.5	  303.0	.
767940	  977.2	  552.8	  303.0	.
767942	  977.4	  552.9	  303.0	.
767944	  977.0	  553.0	  303.0	.
767946	  976.8	  553.4	  303.0	.
767948	  976.9	  553.8	  304.0	.
767950	  976.4	  553.5	  305.0	.
767952	  976.2	  553.6	  306.0	.
767954	  976.1	  553.6	  306.0	.
767956	  976.1	  551.3	  305.0	.
767958	  976.2	  551.5	  305.0	.
767960	  976.4	  551.3	  305.0	.
767962	  976.4	  552.0	  305.0	.
767964	  976.5	  552.7	  305.0	.
767966	  976.6	  554.0	  305.0	.
767968	  976.9	  555.0	  305.0	.
767970	  976.8	  555.9	  305.0	.
767972	  977.0	  555.9	  305.0	.
767974	  976.1	  556.1	  305.0	.
767976	  976.0	  556.3	  306.0	.
767978	  976.0	  556.3	  306.0	.
767980	  976.2	  556.3	  306.0	.
767982	  976.7	  556.0	  306.0	.
767984	  976.9	  555.2	  305.0	.
767986	  976.8	  554.5	  305.0	.
767988	  977.4	  554.4	  305.0	.
767990	  977.1	  554.4	  305.0	.
767992	  976.9	  553.7	  307.0	.
767994	  976.7	  553.6	  307.0	.
767996	  976.8	  553.5	  307.0	.
767998	  976.2	  553.8	  307.0	.
768000	  976.6	  554.0	  307.0	.
768002	  976.7	  553.2	  309.0	.
768004	  977.7	  553.0	  309.0	.
768006	  977.5	  553.2	  309.0	.
768008	  977.4	  553.1	  310.0	.
768010	  977.2	  553.9	  309.0	.
768012	  977.8	  554.5	  308.0	.
768014	  978.4	  556.0	  308.0	.
768016	  977.9	  555.0	  308.0	.
768018	  977.7	  553.9	  308.0	.
768020	  977.8	  554.6	  309.0	.
768022	  977.7	  554.8	  309.0	.
768024	  977.6	  554.9	  309.0	.
768026	  977.4	  553.7	  309.0	.
768028	  977.2	  553.2	  309.0	.
768030	  976.9	  552.6	  312.0	.
768032	  976.7	  552.0	  312.0	.
768034	  976.6	  551.4	  312.0	.
768036	  977.5	  552.1	  311.0	.
768038	  977.8	  552.9	  310.0	.
768040	  977.6	  552.5	  310.0	.
768042	  977.6	  552.7	  310.0	.
768044	  977.6	  552.9	  310.0	.
768046	  976.9	  552.9	  311.0	.
768048	  976.2	  553.1	  311.0	.
768050	  976.5	  553.2	  310.0	.
768052	  976.7	  553.3	  310.0	.
768054	  976.8	  553.4	  308.0	.
768056	  976.4	  554.4	  308.0	.
768058	  976.2	  553.2	  309.0	.
768060	  976.3	  553.3	  311.0	.
768062	  975.5	  553.6	  312.0	.
768064	  975.4	  554.2	  312.0	.
768066	  975.5	  554.8	  313.0	.
768068	  976.4	  556.9	  314.0	.
768070	  976.4	  557.0	  314.0	.
768072	  976.7	  557.0	  313.0	.
768074	  976.5	  556.3	  313.0	.
768076	  976.3	  556.0	  313.0	.
768078	  976.5	  555.8	  313.0	.
768080	  976.7	  555.7	  312.0	.
768082	  976.4	  554.9	  312.0	.
768084	  976.2	  555.4	  312.0	.
768086	  976.5	  555.9	  312.0	.
768088	  976.8	  556.2	  312.0	.
768090	  977.4	  554.6	  312.0	.
768092	  976.7	  554.5	  313.0	.
768094	  977.7	  554.2	  314.0	.
768096	  978.4	  552.7	  316.0	.
768098	  978.4	  552.5	  316.0	.
768100	  978.2	  552.4	  316.0	.
768102	  977.3	  552.4	  316.0	.
768104	  976.5	  552.2	  316.0	.
768106	  975.9	  552.0	  317.0	.
768108	  976.0	  551.9	  317.0	.
768110	  976.1	  551.6	  316.0	.
768112	  976.9	  551.3	  316.0	.
768114	  977.5	  551.2	  315.0	.
768116	  977.4	  551.2	  315.0	.
768118	  977.4	  551.2	  315.0	.
768120	  977.4	  551.3	  315.0	.
768122	  977.6	  555.4	  314.0	.
768124	  977.5	  554.2	  314.0	.
768126	  976.8	  553.1	  314.0	.
768128	  976.6	  553.0	  315.0	.
768130	  978.0	  552.7	  316.0	.
768132	  979.4	  553.1	  317.0	.
768134	  978.9	  553.9	  317.0	.
768136	  978.1	  552.7	  317.0	.
768138	  978.8	  552.5	  317.0	.
768140	  978.0	  552.5	  316.0	.
768142	  977.9	  551.4	  316.0	.
768144	  977.8	  550.4	  316.0	.
768146	  977.4	  549.7	  317.0	.
768148	  977.4	  549.1	  317.0	.
768150	  977.2	  547.7	  318.0	.
768152	  977.0	  547.3	  318.0	.
768154	  977.3	  547.9	  318.0	.
768156	  977.5	  548.7	  318.0	.
768158	  977.7	  550.6	  318.0	.
768160	  977.7	  550.3	  318.0	.
768162	  977.7	  550.4	  319.0	.
768164	  977.5	  550.5	  322.0	.
768166	  977.3	  550.0	  322.0	.
EFIX L   764732	768166	3436	  975.1	  560.1	    319
SSACC L  768168
768168	  973.6	  552.5	  321.0	.
768170	  971.0	  554.7	  322.0	.
768172	  962.4	  555.8	  321.0	.
768174	  945.2	  558.0	  321.0	.
768176	  927.6	  560.8	  321.0	.
768178	  906.1	  564.2	  321.0	.
768180	  878.3	  567.6	  322.0	.
768182	  849.0	  571.0	  322.0	.
768184	  816.3	  575.4	  322.0	.
768186	  782.0	  579.7	  322.0	.
768188	  752.9	  580.8	  321.0	.
768190	  713.5	  584.6	  322.0	.
768192	  676.7	  588.8	  323.0	.
768194	  638.3	  592.0	  324.0	.
768196	  605.2	  594.6	  324.0	.
768198	  577.4	  595.7	  324.0	.
768200	  547.3	  595.5	  324.0	.
768202	  521.2	  597.0	  324.0	.
768204	  500.4	  598.6	  324.0	.
768206	  479.5	  599.3	  325.0	.
768208	  465.3	  599.7	  325.0	.
768210	  457.3	  599.8	  325.0	.
768212	  454.9	  600.1	  325.0	.
768214	  454.5	  598.5	  325.0	.
ESACC L  768168	768214	48	  973.6	  552.5	  454.9	  600.1	  12.72	    445
SFIX L   768216
768216	  454.7	  597.8	  325.0	.
768218	  455.1	  597.5	  325.0	.
768220	  456.1	  597.8	  325.0	.
768222	  456.2	  597.9	  325.0	.
768224	  455.9	  598.1	  326.0	.
768226	  456.2	  598.0	  326.0	.
768228	  456.1	  598.0	  326.0	.
768230	  456.2	  597.7	  326.0	.
768232	  457.8	  597.5	  326.0	.
768234	  458.1	  595.2	  326.0	.
768236	  458.0	  595.3	  326.0	.
768238	  458.1	  595.2	  325.0	.
768240	  458.1	  594.5	  325.0	.
768242	  458.4	  594.7	  325.0	.
768244	  458.5	  594.6	  325.0	.
768246	  458.9	  595.1	  325.0	.
768248	  460.0	  595.2	  325.0	.
768250	  460.5	  595.2	  325.0	.
768252	  460.1	  595.4	  325.0	.
768254	  460.3	  596.0	  326.0	.
768256	  459.8	  596.9	  326.0	.
768258	  459.5	  597.5	  328.0	.
768260	  459.5	  598.2	  328.0	.
768262	  459.5	  599.1	  328.0	.
768264	  459.2	  597.5	  328.0	.
768266	  459.5	  597.2	  328.0	.
768268	  459.0	  597.0	  327.0	.
768270	  459.1	  597.4	  327.0	.
768272	  458.6	  598.0	  327.0	.
768274	  458.8	  598.5	  329.0	.
768276	  458.9	  599.0	  329.0	.
768278	  459.2	  598.6	  329.0	.
768280	  459.3	  598.6	  329.0	.
768282	  458.5	  598.8	  328.0	.
768284	  458.3	  598.9	  328.0	.
768286	  458.5	  599.0	  328.0	.
768288	  458.2	  597.9	  329.0	.
768290	  458.2	  597.9	  329.0	.
768292	  459.0	  597.2	  329.0	.
768294	  458.5	  598.1	  328.0	.
768296	  458.3	  598.4	  328.0	.
768298	  458.3	  598.7	  329.0	.
768300	  458.0	  599.0	  329.0	.
768302	  458.2	  599.0	  329.0	.
768304	  458.1	  598.8	  329.0	.
768306	  458.3	  598.6	  330.0	.
768308	  458.1	  598.3	  330.0	.
768310	  458.5	  597.7	  331.0	.
768312	  458.0	  596.9	  331.0	.
768314	  458.2	  596.8	  331.0	.
768316	  458.1	  596.8	  331.0	.
768318	  458.1	  596.6	  331.0	.
768320	  458.4	  596.4	  332.0	.
768322	  459.0	  596.3	  332.0	.
768324	  458.8	  595.7	  331.0	.
768326	  458.8	  595.6	  331.0	.
768328	  458.8	  595.3	  331.0	.
768330	  458.8	  595.6	  331.0	.
768332	  458.6	  595.7	  331.0	.
768334	  458.3	  595.8	  331.0	.
768336	  457.9	  596.4	  331.0	.
768338	  457.6	  596.6	  331.0	.
768340	  457.3	  596.7	  331.0	.
768342	  457.6	  596.7	  331.0	.
768344	  457.6	  596.7	  331.0	.
768346	  457.5	  596.7	  330.0	.
768348	  457.5	  596.6	  330.0	.
768350	  457.9	  596.5	  331.0	.
768352	  457.9	  596.6	  331.0	.
768354	  457.9	  596.7	  332.0	.
768356	  457.5	  597.9	  332.0	.
768358	  457.2	  597.8	  332.0	.
768360	  456.9	  597.7	  332.0	.
768362	  456.5	  597.3	  332.0	.
768364	  456.1	  597.3	  332.0	.
768366	  455.7	  598.0	  332.0	.
EFIX L   768216	768366	152	  458.1	  597.1	    328
SSACC L  768368
768368	  455.3	  598.7	  332.0	.
768370	  447.7	  599.3	  332.0	.
768372	  435.5	  599.9	  332.0	.
768374	  425.7	  600.4	  332.0	.
768376	  421.7	  601.3	  332.0	.
768378	  419.1	  601.0	  332.0	.
ESACC L  768368	768378	12	  455.3	  598.7	  421.7	  601.3	   0.79	     98
SFIX L   768380
768380	  419.9	  601.9	  331.0	.
768382	  420.8	  601.5	  331.0	.
768384	  421.1	  601.7	  331.0	.
768386	  421.0	  601.9	  330.0	.
768388	  420.9	  601.8	  330.0	.
768390	  420.9	  601.7	  331.0	.
768392	  419.5	  601.3	  332.0	.
768394	  419.3	  600.1	  333.0	.
768396	  419.0	  600.1	  333.0	.
768398	  418.7	  600.2	  333.0	.
768400	  420.1	  600.7	  333.0	.
768402	  420.7	  601.3	  333.0	.
768404	  421.0	  601.9	  333.0	.
768406	  421.0	  602.0	  334.0	.
768408	  420.9	  601.9	  336.0	.
768410	  420.0	  601.9	  336.0	.
768412	  419.2	  602.1	  333.0	.
768414	  419.4	  601.9	  333.0	.
768416	  419.0	  602.1	  332.0	.
768418	  418.9	  601.7	  332.0	.
768420	  418.8	  601.4	  332.0	.
768422	  418.5	  600.5	  332.0	.
768424	  419.1	  600.4	  332.0	.
768426	  419.7	  600.4	  332.0	.
768428	  419.4	  601.3	  333.0	.
768430	  419.1	  602.3	  333.0	.
768432	  419.2	  602.5	  333.0	.
768434	  419.1	  602.9	  333.0	.
768436	  418.8	  603.4	  332.0	.
768438	  419.1	  604.0	  332.0	.
768440	  419.2	  603.8	  332.0	.
768442	  419.6	  603.2	  331.0	.
768444	  419.3	  602.6	  330.0	.
768446	  419.4	  602.5	  330.0	.
768448	  419.4	  602.3	  330.0	.
768450	  419.8	  603.0	  330.0	.
768452	  419.6	  602.8	  332.0	.
768454	  419.5	  603.0	  332.0	.
768456	  419.6	  603.0	  332.0	.
768458	  419.8	  603.5	  332.0	.
768460	  419.8	  602.3	  333.0	.
768462	  419.9	  601.2	  334.0	.
768464	  420.1	  601.3	  334.0	.
768466	  420.4	  600.6	  334.0	.
768468	  420.2	  600.3	  334.0	.
768470	  420.0	  600.1	  335.0	.
768472	  420.6	  599.9	  335.0	.
768474	  421.3	  599.9	  335.0	.
EFIX L   768380	768474	96	  419.8	  601.8	    332
SSACC L  768476
768476	  423.1	  599.8	  335.0	.
768478	  428.6	  600.4	  335.0	.
768480	  445.4	  600.0	  335.0	.
768482	  464.5	  601.0	  335.0	.
768484	  501.4	  603.3	  336.0	.
768486	  539.7	  602.2	  337.0	.
768488	  583.2	  610.3	  336.0	.
768490	  633.2	  621.8	  336.0	.
768492	  687.8	  630.3	  336.0	.
768494	  736.3	  636.5	  336.0	.
768496	  792.1	  637.3	  337.0	.
768498	  851.5	  639.6	  338.0	.
768500	  909.2	  640.4	  339.0	.
768502	  962.3	  638.5	  340.0	.
768504	 1023.7	  641.0	  339.0	.
768506	 1080.7	  634.8	  339.0	.
768508	 1131.9	  633.1	  337.0	.
768510	 1186.6	  641.7	  336.0	.
768512	 1240.5	  648.7	  336.0	.
768514	 1293.8	  664.0	  335.0	.
768516	 1341.1	  659.0	  334.0	.
768518	 1387.3	  656.4	  329.0	.
768520	 1424.0	  650.9	  329.0	.
768522	 1454.4	  647.6	  327.0	.
768524	 1489.9	  642.4	  327.0	.
768526	 1509.2	  638.0	  327.0	.
768528	 1526.6	  636.9	  328.0	.
768530	 1527.4	  638.4	  330.0	.
768532	 1527.5	  637.5	  333.0	.
768534	 1526.1	  637.2	  333.0	.
ESACC L  768476	768534	60	  423.1	  599.8	 1527.5	  637.5	  26.25	    726
SFIX L   768536
768536	 1524.7	  636.4	  333.0	.
768538	 1523.8	  635.4	  333.0	.
768540	 1523.5	  632.9	  333.0	.
768542	 1523.5	  632.1	  332.0	.
768544	 1523.5	  631.2	  332.0	.
768546	 1523.7	  631.4	  332.0	.
768548	 1523.8	  631.5	  332.0	.
768550	 1523.8	  632.3	  332.0	.
768552	 1523.9	  632.4	  332.0	.
768554	 1522.8	  632.9	  332.0	.
768556	 1522.6	  632.2	  332.0	.
768558	 1522.4	  631.5	  332.0	.
768560	 1522.4	  631.5	  331.0	.
768562	 1522.6	  631.4	  330.0	.
768564	 1522.0	  630.4	  330.0	.
768566	 1521.3	  629.4	  330.0	.
768568	 1520.1	  629.9	  330.0	.
768570	 1519.4	  629.9	  330.0	.
768572	 1518.8	  630.1	  330.0	.
768574	 1519.9	  630.4	  330.0	.
768576	 1520.3	  630.4	  330.0	.
768578	 1520.3	  630.5	  332.0	.
768580	 1520.4	  630.5	  332.0	.
768582	 1519.2	  630.9	  332.0	.
768584	 1518.7	  630.5	  332.0	.
768586	 1518.5	  630.3	  332.0	.
768588	 1518.4	  630.2	  332.0	.
768590	 1517.8	  630.7	  332.0	.
768592	 1517.4	  630.8	  332.0	.
768594	 1517.8	  630.6	  333.0	.
768596	 1517.3	  630.1	  333.0	.
768598	 1517.3	  630.7	  333.0	.
768600	 1517.3	  630.8	  334.0	.
768602	 1516.0	  631.0	  334.0	.
768604	 1515.8	  631.7	  334.0	.
768606	 1515.3	  630.7	  334.0	.
768608	 1513.0	  631.5	  336.0	.
768610	 1513.0	  631.6	  336.0	.
768612	 1513.0	  631.3	  336.0	.
768614	 1511.9	  631.7	  334.0	.
768616	 1510.9	  631.6	  332.0	.
768618	 1509.3	  631.7	  332.0	.
768620	 1509.4	  630.8	  333.0	.
768622	 1508.4	  631.1	  334.0	.
768624	 1507.4	  631.3	  334.0	.
768626	 1507.5	  631.2	  334.0	.
768628	 1507.1	  631.2	  334.0	.
768630	 1506.5	  630.7	  334.0	.
768632	 1506.9	  630.6	  334.0	.
768634	 1506.9	  630.6	  335.0	.
768636	 1506.9	  630.5	  336.0	.
768638	 1507.3	  630.7	  336.0	.
768640	 1506.6	  630.8	  336.0	.
768642	 1506.0	  630.9	  336.0	.
768644	 1505.8	  630.9	  338.0	.
768646	 1505.6	  630.5	  338.0	.
768648	 1505.8	  629.9	  337.0	.
768650	 1505.0	  629.0	  337.0	.
768652	 1504.4	  629.0	  337.0	.
768654	 1503.9	  629.6	  336.0	.
768656	 1504.1	  628.9	  336.0	.
768658	 1504.4	  628.2	  337.0	.
768660	 1504.1	  627.8	  338.0	.
768662	 1504.5	  627.3	  337.0	.
768664	 1504.2	  625.8	  338.0	.
768666	 1504.1	  626.5	  337.0	.
768668	 1504.0	  626.1	  337.0	.
768670	 1504.1	  625.8	  337.0	.
EFIX L   768536	768670	136	 1514.3	  630.6	    333
SSACC L  768672
768672	 1504.1	  625.6	  338.0	.
768674	 1504.8	  625.4	  338.0	.
768676	 1509.0	  623.3	  339.0	.
768678	 1520.7	  619.6	  341.0	.
768680	 1530.6	  616.6	  343.0	.
768682	 1539.9	  613.4	  344.0	.
768684	 1544.4	  611.5	  344.0	.
768686	 1547.1	  611.5	  344.0	.
ESACC L  768672	768686	16	 1504.1	  625.6	 1544.4	  611.5	   1.05	    114
SFIX L   768688
768688	 1548.4	  611.9	  344.0	.
768690	 1548.9	  610.9	  344.0	.
768692	 1548.1	  611.9	  344.0	.
768694	 1547.3	  612.3	  346.0	.
768696	 1545.0	  612.6	  346.0	.
768698	 1545.0	  612.4	  347.0	.
768700	 1544.6	  608.8	  348.0	.
768702	 1544.5	  607.4	  350.0	.
768704	 1544.4	  607.2	  350.0	.
768706	 1542.2	  610.3	  349.0	.
768708	 1541.6	  611.1	  349.0	.
768710	 1542.0	  611.8	  349.0	.
768712	 1542.0	  612.5	  349.0	.
768714	 1541.9	  611.8	  350.0	.
768716	 1541.5	  612.7	  349.0	.
768718	 1541.2	  612.2	  348.0	.
768720	 1540.8	  611.7	  348.0	.
768722	 1541.5	  612.1	  348.0	.
768724	 1541.2	  611.6	  348.0	.
768726	 1541.1	  611.2	  347.0	.
768728	 1540.8	  609.7	  347.0	.
768730	 1540.8	  609.5	  347.0	.
768732	 1540.7	  609.2	  347.0	.
768734	 1540.4	  605.9	  347.0	.
768736	 1540.0	  605.6	  347.0	.
768738	 1539.8	  605.2	  348.0	.
768740	 1539.3	  606.4	  348.0	.
768742	 1539.7	  606.4	  349.0	.
768744	 1538.9	  606.2	  349.0	.
768746	 1538.2	  606.0	  349.0	.
768748	 1537.8	  607.0	  349.0	.
768750	 1537.3	  605.0	  349.0	.
768752	 1537.3	  604.6	  349.0	.
768754	 1537.1	  604.3	  349.0	.
768756	 1537.5	  602.8	  350.0	.
768758	 1538.0	  602.2	  350.0	.
768760	 1537.8	  601.8	  350.0	.
768762	 1537.8	  601.6	  350.0	.
768764	 1537.6	  601.5	  350.0	.
768766	 1538.6	  600.3	  351.0	.
768768	 1538.4	  599.5	  351.0	.
768770	 1537.9	  599.3	  351.0	.
768772	 1537.2	  599.2	  351.0	.
768774	 1537.1	  597.8	  351.0	.
768776	 1536.7	  598.6	  351.0	.
768778	 1536.4	  598.9	  350.0	.
768780	 1536.9	  598.7	  350.0	.
768782	 1536.6	  598.7	  350.0	.
768784	 1536.0	  596.6	  349.0	.
768786	 1534.8	  597.6	  349.0	.
768788	 1535.1	  598.2	  349.0	.
768790	 1535.5	  598.5	  349.0	.
768792	 1535.7	  597.4	  350.0	.
768794	 1535.9	  597.4	  350.0	.
768796	 1534.8	  597.8	  351.0	.
768798	 1534.6	  597.4	  351.0	.
768800	 1534.4	  597.8	  352.0	.
768802	 1534.5	  598.1	  352.0	.
768804	 1534.4	  597.7	  352.0	.
768806	 1534.0	  598.4	  352.0	.
768808	 1534.1	  597.2	  351.0	.
768810	 1534.4	  598.5	  351.0	.
768812	 1534.3	  599.8	  348.0	.
768814	 1534.7	  599.9	  348.0	.
768816	 1535.1	  599.9	  348.0	.
768818	 1534.5	  601.4	  346.0	.
768820	 1534.7	  602.4	  345.0	.
768822	 1534.6	  601.5	  344.0	.
768824	 1534.1	  601.5	  344.0	.
768826	 1533.6	  601.6	  345.0	.
768828	 1533.4	  600.4	  345.0	.
768830	 1533.2	  600.7	  345.0	.
768832	 1533.2	  599.9	  346.0	.
768834	 1533.1	  599.1	  346.0	.
768836	 1533.8	  600.9	  346.0	.
768838	 1534.5	  602.8	  345.0	.
768840	 1534.7	  601.9	  345.0	.
768842	 1534.7	  603.2	  345.0	.
768844	 1534.9	  604.4	  344.0	.
768846	 1534.5	  602.8	  344.0	.
768848	 1533.9	  602.9	  344.0	.
768850	 1533.2	  603.0	  344.0	.
768852	 1533.6	  602.7	  344.0	.
768854	 1533.9	  602.5	  343.0	.
768856	 1534.3	  604.0	  343.0	.
768858	 1533.9	  601.9	  343.0	.
768860	 1533.8	  601.7	  343.0	.
768862	 1534.1	  602.5	  343.0	.
768864	 1534.3	  602.2	  343.0	.
768866	 1534.0	  602.1	  342.0	.
768868	 1535.1	  602.2	  342.0	.
768870	 1534.8	  601.6	  341.0	.
768872	 1534.6	  601.4	  340.0	.
768874	 1533.8	  601.4	  340.0	.
768876	 1533.1	  601.6	  340.0	.
768878	 1533.3	  604.0	  341.0	.
768880	 1534.0	  606.4	  341.0	.
768882	 1534.3	  605.1	  341.0	.
768884	 1534.6	  606.4	  340.0	.
768886	 1534.6	  607.7	  340.0	.
768888	 1535.0	  611.5	  340.0	.
768890	 1534.4	  611.3	  339.0	.
768892	 1533.9	  611.2	  340.0	.
768894	 1533.9	  610.5	  341.0	.
768896	 1534.0	  610.9	  341.0	.
768898	 1534.1	  609.9	  341.0	.
768900	 1534.1	  609.0	  340.0	.
768902	 1534.2	  609.1	  340.0	.
768904	 1534.4	  609.1	  340.0	.
768906	 1534.5	  611.3	  340.0	.
768908	 1535.4	  611.1	  340.0	.
768910	 1535.5	  611.2	  340.0	.
768912	 1535.8	  612.1	  340.0	.
768914	 1536.2	  612.0	  340.0	.
768916	 1536.3	  612.0	  340.0	.
768918	 1536.5	  612.0	  338.0	.
768920	 1537.2	  611.8	  337.0	.
768922	 1538.4	  611.0	  337.0	.
768924	 1539.7	  610.7	  337.0	.
768926	 1539.3	  610.1	  337.0	.
768928	 1539.3	  610.0	  337.0	.
768930	 1539.4	  610.3	  336.0	.
768932	 1538.9	  610.7	  336.0	.
768934	 1539.2	  610.4	  336.0	.
768936	 1539.1	  610.3	  335.0	.
768938	 1539.0	  610.0	  334.0	.
768940	 1538.8	  609.8	  334.0	.
768942	 1538.7	  609.9	  334.0	.
EFIX L   768688	768942	256	 1537.2	  605.3	    345
SSACC L  768944
768944	 1537.8	  610.2	  334.0	.
768946	 1537.0	  609.8	  334.0	.
768948	 1527.0	  612.5	  334.0	.
768950	 1517.4	  615.1	  334.0	.
768952	 1497.4	  619.6	  334.0	.
768954	 1471.1	  625.7	  334.0	.
768956	 1431.7	  627.5	  337.0	.
768958	 1389.9	  630.6	  343.0	.
768960	 1341.3	  636.0	  344.0	.
768962	 1299.0	  636.1	  345.0	.
768964	 1245.8	  625.2	  345.0	.
768966	 1196.2	  621.3	  347.0	.
768968	 1142.7	  620.0	  347.0	.
768970	 1092.0	  624.1	  347.0	.
768972	 1036.8	  628.2	  347.0	.
768974	  988.0	  624.1	  345.0	.
768976	  936.0	  626.8	  344.0	.
768978	  885.7	  628.8	  341.0	.
768980	  830.5	  632.8	  339.0	.
768982	  784.2	  635.6	  335.0	.
768984	  738.1	  637.8	  335.0	.
768986	  699.5	  636.4	  335.0	.
768988	  647.5	  636.5	  335.0	.
768990	  609.3	  635.7	  336.0	.
768992	  572.1	  631.2	  337.0	.
768994	  531.9	  632.9	  338.0	.
768996	  503.4	  633.5	  340.0	.
768998	  486.1	  629.1	  340.0	.
769000	  468.5	  629.8	  341.0	.
769002	  463.7	  629.8	  345.0	.
769004	  462.5	  629.8	  345.0	.
769006	  462.1	  629.9	  345.0	.
ESACC L  768944	769006	64	 1537.8	  610.2	  462.5	  629.8	  25.64	    655
SFIX L   769008
769008	  461.8	  630.6	  345.0	.
769010	  461.6	  631.1	  343.0	.
769012	  460.4	  631.2	  342.0	.
769014	  459.4	  631.3	  342.0	.
769016	  459.9	  631.3	  342.0	.
769018	  460.5	  632.3	  342.0	.
769020	  461.9	  633.3	  342.0	.
769022	  462.9	  633.3	  342.0	.
769024	  463.0	  632.6	  342.0	.
769026	  463.2	  634.4	  341.0	.
769028	  463.2	  633.7	  341.0	.
769030	  463.2	  633.6	  340.0	.
769032	  463.2	  633.7	  340.0	.
769034	  463.8	  632.2	  340.0	.
769036	  463.9	  632.6	  338.0	.
769038	  464.0	  632.4	  337.0	.
769040	  463.9	  632.2	  337.0	.
769042	  463.9	  631.5	  337.0	.
769044	  463.8	  631.5	  338.0	.
769046	  463.2	  632.2	  338.0	.
769048	  462.5	  632.8	  337.0	.
769050	  462.2	  631.6	  337.0	.
769052	  461.9	  630.4	  337.0	.
769054	  461.8	  628.8	  338.0	.
769056	  461.9	  628.3	  338.0	.
769058	  461.3	  627.9	  338.0	.
769060	  460.7	  626.7	  338.0	.
769062	  460.5	  626.4	  338.0	.
769064	  460.5	  626.1	  338.0	.
769066	  460.4	  626.3	  338.0	.
769068	  460.1	  624.4	  339.0	.
769070	  459.8	  622.5	  339.0	.
769072	  458.5	  622.4	  339.0	.
769074	  458.7	  622.1	  340.0	.
769076	  457.4	  619.4	  340.0	.
769078	  456.9	  617.0	  339.0	.
769080	  456.8	  616.8	  339.0	.
769082	  456.8	  616.5	  340.0	.
769084	  456.7	  616.1	  340.0	.
769086	  456.7	  615.6	  340.0	.
769088	  456.5	  614.8	  339.0	.
769090	  456.7	  613.9	  339.0	.
769092	  457.0	  613.7	  339.0	.
769094	  457.0	  613.9	  341.0	.
769096	  457.1	  613.3	  341.0	.
769098	  456.4	  612.7	  341.0	.
769100	  456.2	  611.4	  341.0	.
769102	  456.1	  610.9	  340.0	.
769104	  456.1	  610.4	  340.0	.
769106	  454.9	  608.6	  339.0	.
769108	  454.6	  607.0	  339.0	.
769110	  454.4	  607.1	  339.0	.
769112	  454.6	  607.0	  339.0	.
769114	  454.2	  607.4	  339.0	.
769116	  453.8	  606.9	  339.0	.
769118	  453.5	  606.5	  339.0	.
769120	  453.6	  606.7	  339.0	.
769122	  453.4	  606.5	  339.0	.
769124	  451.2	  606.2	  339.0	.
769126	  450.8	  606.2	  338.0	.
769128	  450.9	  606.1	  338.0	.
769130	  451.0	  606.9	  338.0	.
769132	  451.3	  607.5	  338.0	.
769134	  450.3	  607.1	  338.0	.
769136	  449.5	  606.8	  338.0	.
769138	  447.6	  606.8	  337.0	.
769140	  448.1	  604.9	  338.0	.
769142	  448.7	  605.7	  339.0	.
769144	  448.9	  605.7	  339.0	.
769146	  449.0	  605.6	  337.0	.
769148	  450.1	  605.9	  337.0	.
769150	  449.1	  606.0	  338.0	.
769152	  448.2	  605.8	  338.0	.
769154	  448.0	  605.8	  338.0	.
769156	  449.0	  605.3	  338.0	.
769158	  449.2	  605.1	  338.0	.
769160	  449.3	  604.0	  338.0	.
769162	  449.3	  604.5	  339.0	.
769164	  447.6	  605.0	  339.0	.
769166	  445.7	  605.6	  339.0	.
769168	  445.1	  604.7	  339.0	.
769170	  444.2	  604.9	  339.0	.
769172	  443.8	  604.9	  341.0	.
769174	  443.6	  605.4	  341.0	.
769176	  443.2	  605.5	  341.0	.
769178	  443.1	  605.5	  341.0	.
769180	  443.4	  605.4	  341.0	.
769182	  442.8	  604.4	  341.0	.
769184	  442.5	  603.2	  341.0	.
769186	  442.4	  603.1	  341.0	.
769188	  442.7	  603.0	  341.0	.
769190	  441.4	  603.0	  341.0	.
769192	  441.1	  602.9	  342.0	.
769194	  441.3	  602.7	  342.0	.
769196	  441.0	  603.6	  343.0	.
769198	  440.8	  602.9	  343.0	.
769200	  440.9	  602.1	  343.0	.
769202	  441.4	  602.1	  343.0	.
769204	  440.7	  600.9	  343.0	.
769206	  440.4	  601.9	  343.0	.
769208	  440.5	  602.7	  344.0	.
769210	  439.6	  602.4	  344.0	.
769212	  439.0	  602.8	  344.0	.
769214	  440.1	  602.4	  344.0	.
769216	  440.5	  602.2	  345.0	.
769218	  440.5	  602.1	  345.0	.
769220	  439.8	  602.4	  346.0	.
769222	  438.9	  602.9	  347.0	.
769224	  439.0	  602.5	  347.0	.
769226	  438.9	  602.8	  347.0	.
769228	  438.2	  603.0	  346.0	.
769230	  437.8	  602.5	  346.0	.
769232	  437.9	  601.8	  345.0	.
769234	  438.0	  601.3	  345.0	.
769236	  438.3	  601.1	  346.0	.
769238	  438.3	  601.1	  346.0	.
769240	  438.5	  600.5	  346.0	.
769242	  438.0	  600.1	  346.0	.
769244	  437.9	  600.6	  345.0	.
769246	  436.7	  600.4	  345.0	.
769248	  435.8	  600.2	  346.0	.
769250	  436.1	  600.1	  346.0	.
769252	  436.1	  600.0	  346.0	.
769254	  436.4	  600.6	  346.0	.
769256	  436.3	  600.6	  346.0	.
769258	  436.0	  600.7	  347.0	.
769260	  436.3	  600.4	  347.0	.
769262	  435.3	  600.4	  347.0	.
769264	  435.4	  600.4	  348.0	.
769266	  435.4	  600.0	  348.0	.
769268	  435.5	  599.4	  348.0	.
769270	  435.3	  599.6	  347.0	.
769272	  435.4	  599.0	  347.0	.
769274	  434.9	  598.4	  348.0	.
769276	  435.0	  598.4	  348.0	.
769278	  435.0	  598.4	  348.0	.
769280	  434.9	  598.4	  348.0	.
769282	  434.9	  598.3	  348.0	.
769284	  435.0	  597.9	  348.0	.
769286	  435.0	  597.7	  348.0	.
769288	  435.2	  597.6	  350.0	.
769290	  434.4	  597.7	  350.0	.
769292	  434.6	  597.8	  350.0	.
769294	  434.5	  597.7	  351.0	.
769296	  434.7	  597.6	  352.0	.
769298	  434.6	  597.6	  352.0	.
769300	  434.8	  597.6	  352.0	.
769302	  435.2	  597.0	  351.0	.
769304	  434.6	  596.7	  351.0	.
769306	  434.7	  596.6	  352.0	.
769308	  434.1	  596.7	  352.0	.
769310	  433.5	  596.7	  352.0	.
769312	  433.2	  596.8	  352.0	.
769314	  432.9	  596.3	  352.0	.
769316	  431.8	  595.9	  352.0	.
769318	  431.7	  596.1	  352.0	.
769320	  431.9	  596.3	  352.0	.
769322	  431.7	  596.7	  352.0	.
769324	  431.6	  595.9	  352.0	.
769326	  432.1	  596.3	  352.0	.
769328	  431.6	  596.4	  352.0	.
769330	  431.7	  596.5	  352.0	.
769332	  431.5	  596.4	  352.0	.
769334	  431.3	  596.6	  353.0	.
769336	  431.1	  596.1	  353.0	.
769338	  430.9	  595.5	  353.0	.
769340	  431.0	  594.2	  353.0	.
769342	  431.0	  594.7	  353.0	.
769344	  431.2	  594.2	  353.0	.
769346	  431.5	  594.4	  353.0	.
769348	  431.7	  594.1	  353.0	.
769350	  431.6	  593.8	  354.0	.
769352	  431.5	  593.9	  355.0	.
769354	  431.3	  593.9	  355.0	.
769356	  431.3	  594.3	  355.0	.
769358	  431.3	  594.3	  355.0	.
769360	  431.6	  594.6	  355.0	.
769362	  431.8	  594.6	  355.0	.
769364	  432.0	  594.7	  355.0	.
769366	  431.8	  594.7	  355.0	.
769368	  432.0	  594.7	  355.0	.
769370	  432.1	  594.5	  355.0	.
769372	  432.1	  594.6	  355.0	.
769374	  429.5	  594.2	  354.0	.
EFIX L   769008	769374	368	  445.1	  607.4	    344
SSACC L  769376
769376	  426.9	  594.7	  354.0	.
769378	  419.2	  593.7	  354.0	.
769380	  413.7	  592.7	  354.0	.
769382	  413.1	  591.7	  354.0	.
ESACC L  769376	769382	8	  426.9	  594.7	  413.7	  592.7	   0.31	     54
SFIX L   769384
769384	  413.4	  590.7	  354.0	.
769386	  413.7	  589.4	  354.0	.
769388	  414.9	  590.1	  354.0	.
769390	  414.9	  590.8	  356.0	.
769392	  414.9	  591.4	  358.0	.
769394	  414.2	  591.2	  358.0	.
769396	  413.4	  591.1	  358.0	.
769398	  413.8	  590.1	  359.0	.
769400	  413.7	  590.8	  359.0	.
769402	  413.7	  590.7	  359.0	.
769404	  413.6	  590.6	  358.0	.
769406	  413.3	  589.7	  358.0	.
769408	  413.2	  589.8	  358.0	.
769410	  413.2	  589.8	  358.0	.
769412	  412.6	  589.9	  358.0	.
769414	  412.5	  589.5	  358.0	.
769416	  412.5	  589.5	  358.0	.
769418	  412.1	  589.6	  358.0	.
769420	  411.7	  588.9	  358.0	.
769422	  411.6	  588.1	  358.0	.
769424	  411.9	  588.2	  358.0	.
769426	  412.4	  589.1	  358.0	.
769428	  412.1	  588.8	  360.0	.
769430	  412.6	  588.6	  360.0	.
769432	  413.0	  588.5	  360.0	.
769434	  413.1	  588.4	  360.0	.
769436	  412.9	  588.5	  361.0	.
769438	  412.9	  588.5	  361.0	.
769440	  412.7	  587.8	  361.0	.
769442	  412.7	  588.4	  361.0	.
769444	  411.5	  588.7	  361.0	.
769446	  411.4	  588.6	  361.0	.
769448	  411.3	  589.0	  362.0	.
769450	  412.3	  589.3	  362.0	.
769452	  413.2	  589.5	  362.0	.
769454	  413.1	  589.5	  362.0	.
769456	  413.0	  589.5	  361.0	.
769458	  413.0	  589.5	  361.0	.
769460	  412.9	  588.1	  363.0	.
769462	  412.7	  587.5	  364.0	.
769464	  412.6	  587.6	  364.0	.
769466	  412.6	  587.6	  364.0	.
769468	  412.2	  587.7	  363.0	.
769470	  411.9	  587.5	  363.0	.
769472	  411.8	  588.3	  362.0	.
769474	  411.8	  588.6	  363.0	.
769476	  412.0	  588.8	  363.0	.
769478	  411.6	  588.9	  363.0	.
769480	  411.2	  588.9	  364.0	.
769482	  410.2	  589.0	  366.0	.
769484	  410.8	  588.9	  366.0	.
769486	  411.1	  588.8	  367.0	.
769488	  411.2	  588.9	  368.0	.
769490	  411.2	  589.1	  368.0	.
769492	  411.0	  589.4	  369.0	.
769494	  410.6	  589.6	  368.0	.
769496	  410.4	  589.7	  368.0	.
769498	  410.5	  590.2	  369.0	.
769500	  410.1	  590.7	  369.0	.
769502	  409.8	  590.4	  369.0	.
769504	  409.2	  590.2	  370.0	.
769506	  409.6	  590.1	  371.0	.
769508	  410.0	  590.1	  371.0	.
769510	  410.0	  589.9	  371.0	.
769512	  410.0	  591.2	  370.0	.
769514	  410.0	  592.4	  370.0	.
769516	  410.2	  592.0	  371.0	.
769518	  409.9	  591.6	  371.0	.
769520	  410.0	  591.5	  371.0	.
769522	  409.7	  591.7	  371.0	.
769524	  409.3	  591.5	  371.0	.
769526	  409.7	  591.9	  371.0	.
769528	  409.4	  590.7	  372.0	.
769530	  409.7	  589.6	  372.0	.
769532	  409.7	  589.8	  372.0	.
769534	  409.5	  589.3	  374.0	.
769536	  409.5	  588.8	  374.0	.
769538	  409.6	  589.0	  373.0	.
769540	  409.2	  589.2	  373.0	.
769542	  408.9	  587.7	  373.0	.
769544	  408.7	  587.6	  373.0	.
769546	  408.5	  587.5	  373.0	.
769548	  408.7	  586.4	  375.0	.
769550	  408.4	  586.4	  375.0	.
769552	  408.1	  586.4	  375.0	.
769554	  407.2	  582.5	  376.0	.
769556	  407.2	  582.2	  377.0	.
769558	  407.5	  581.7	  377.0	.
769560	  406.9	  581.4	  377.0	.
769562	  406.3	  581.0	  378.0	.
769564	  404.8	  579.8	  379.0	.
769566	  405.6	  578.5	  380.0	.
769568	  405.7	  580.9	  380.0	.
769570	  405.6	  581.4	  380.0	.
769572	  405.8	  581.0	  382.0	.
769574	  405.7	  583.0	  380.0	.
769576	  405.7	  582.1	  381.0	.
769578	  405.6	  581.1	  382.0	.
769580	  405.7	  581.0	  382.0	.
769582	  405.6	  581.4	  381.0	.
769584	  405.6	  581.8	  381.0	.
769586	  404.2	  581.9	  380.0	.
769588	  404.2	  582.0	  381.0	.
769590	  404.5	  580.7	  381.0	.
769592	  404.5	  581.4	  382.0	.
769594	  404.4	  580.9	  384.0	.
769596	  404.4	  581.6	  384.0	.
769598	  403.9	  582.3	  385.0	.
769600	  403.9	  581.4	  386.0	.
769602	  404.0	  581.7	  385.0	.
769604	  403.6	  582.0	  385.0	.
769606	  404.4	  583.5	  384.0	.
769608	  404.7	  583.7	  384.0	.
769610	  404.9	  584.0	  384.0	.
769612	  405.0	  584.7	  384.0	.
769614	  405.2	  585.5	  383.0	.
769616	  405.2	  588.7	  383.0	.
769618	  405.3	  588.3	  382.0	.
769620	  404.9	  589.0	  382.0	.
769622	  404.6	  589.8	  382.0	.
769624	  404.1	  590.1	  382.0	.
769626	  403.8	  589.5	  382.0	.
769628	  404.5	  591.2	  382.0	.
769630	  404.9	  589.9	  382.0	.
769632	  405.1	  588.6	  382.0	.
769634	  404.8	  587.1	  385.0	.
769636	  405.6	  585.5	  388.0	.
769638	  405.0	  585.0	  388.0	.
769640	  405.1	  584.5	  387.0	.
769642	  405.4	  585.4	  387.0	.
769644	  405.2	  585.2	  387.0	.
769646	  405.3	  588.1	  386.0	.
769648	  405.2	  588.5	  386.0	.
769650	  404.8	  587.6	  388.0	.
769652	  404.3	  586.7	  388.0	.
769654	  404.6	  587.0	  388.0	.
769656	  404.7	  584.9	  388.0	.
769658	  405.0	  587.3	  388.0	.
769660	  404.9	  585.9	  388.0	.
769662	  405.0	  584.6	  388.0	.
769664	  404.5	  584.1	  388.0	.
769666	  404.0	  584.0	  387.0	.
769668	  403.6	  583.9	  388.0	.
769670	  403.2	  585.1	  388.0	.
769672	  403.3	  584.2	  388.0	.
769674	  403.2	  583.2	  388.0	.
769676	  403.9	  583.4	  388.0	.
769678	  403.7	  582.3	  389.0	.
769680	  403.6	  581.4	  389.0	.
769682	  402.5	  579.1	  390.0	.
769684	  402.3	  577.9	  389.0	.
769686	  403.1	  577.2	  390.0	.
769688	  402.7	  578.7	  390.0	.
769690	  402.2	  578.0	  390.0	.
769692	  401.5	  577.5	  390.0	.
769694	  400.7	  577.3	  391.0	.
769696	  399.2	  577.3	  392.0	.
769698	  399.0	  575.2	  393.0	.
769700	  398.9	  576.9	  393.0	.
769702	  398.6	  577.3	  393.0	.
769704	  398.5	  577.1	  394.0	.
MSG	769705 TRIAL 2 END
