MSG	787131 TRIAL 4 START
MSG	789932 DRIFTCORRECT L LEFT  at 960,540  OFFSET 0.41 deg.  -3.7,-14.3 pix.
MSG	790690 RECCFG P 500 2 1 
MSG	790690 GAZE_COORDS 0.00 0.00 1919.00 1079.00
MSG	790691 !MODE RECORD P 500 2 1
START	790692 	LEFT	SAMPLES	EVENTS
PRESCALER	1
VPRESCALER	1
PUPIL	AREA
EVENTS	GAZE	LEFT	RATE	 500.00	TRACKING	P	FILTER	2
SAMPLES	GAZE	LEFT	RATE	 500.00	TRACKING	P	FILTER	2
790692	  916.3	  525.4	  471.0	.
790694	  916.4	  525.5	  471.0	.
790696	  916.6	  524.7	  470.0	.
790698	  916.8	  523.9	  470.0	.
SFIX L   790700
790700	  917.4	  523.1	  471.0	.
790702	  916.9	  523.1	  471.0	.
790704	  917.1	  523.5	  472.0	.
790706	  916.3	  524.1	  472.0	.
790708	  916.4	  524.1	  471.0	.
790710	  916.5	  524.1	  471.0	.
790712	  917.6	  524.3	  469.0	.
790714	  917.5	  524.7	  469.0	.
790716	  918.3	  524.5	  469.0	.
790718	  918.7	  525.0	  469.0	.
790720	  919.1	  524.9	  469.0	.
790722	  919.2	  524.6	  468.0	.
790724	  919.1	  524.3	  468.0	.
790726	  919.0	  524.2	  468.0	.
790728	  920.4	  523.7	  467.0	.
790730	  921.8	  523.7	  467.0	.
790732	  921.3	  524.0	  467.0	.
790734	  921.3	  525.1	  467.0	.
790736	  921.6	  525.6	  467.0	.
790738	  920.6	  526.2	  467.0	.
790740	  920.9	  526.2	  467.0	.
790742	  921.2	  526.1	  467.0	.
790744	  920.6	  526.2	  466.0	.
790746	  920.8	  526.2	  467.0	.
790748	  920.9	  526.4	  467.0	.
790750	  920.9	  527.5	  469.0	.
790752	  921.0	  528.7	  467.0	.
790754	  921.2	  529.9	  467.0	.
790756	  919.9	  531.2	  467.0	.
790758	  919.6	  532.4	  467.0	.
790760	  919.8	  533.7	  467.0	.
790762	  920.1	  534.2	  467.0	.
790764	  920.2	  534.3	  466.0	.
790766	  921.1	  534.3	  465.0	.
790768	  921.3	  535.1	  464.0	.
790770	  921.5	  535.4	  464.0	.
790772	  921.4	  535.3	  462.0	.
790774	  921.3	  535.3	  462.0	.
790776	  922.0	  535.1	  462.0	.
790778	  922.7	  535.1	  462.0	.
790780	  922.9	  536.4	  462.0	.
790782	  922.7	  537.0	  463.0	.
790784	  922.7	  537.5	  464.0	.
790786	  922.8	  537.2	  464.0	.
790788	  922.8	  536.9	  464.0	.
790790	  922.6	  537.7	  464.0	.
790792	  923.6	  537.7	  464.0	.
790794	  923.7	  538.0	  464.0	.
790796	  923.3	  537.3	  463.0	.
790798	  923.1	  536.7	  462.0	.
790800	  923.3	  536.7	  461.0	.
MSG	790801 Start Recording with 0
MSG	790801 SYNCTIME
790802	  923.0	  536.9	  461.0	.
790804	  923.0	  537.1	  461.0	.
790806	  922.8	  536.2	  461.0	.
790808	  922.8	  536.6	  459.0	.
790810	  922.6	  535.9	  458.0	.
790812	  923.1	  535.0	  457.0	.
790814	  922.7	  535.5	  457.0	.
790816	  922.8	  534.4	  457.0	.
790818	  922.7	  535.6	  454.0	.
MSG	790820 DSP: FIXATION
790820	  923.4	  536.0	  454.0	.
790822	  922.9	  536.2	  455.0	.
790824	  922.9	  536.2	  454.0	.
790826	  922.8	  536.3	  455.0	.
790828	  924.1	  535.7	  453.0	.
790830	  925.4	  535.6	  452.0	.
790832	  925.5	  535.7	  452.0	.
790834	  926.1	  535.5	  452.0	.
790836	  926.2	  536.4	  451.0	.
790838	  926.2	  537.4	  451.0	.
790840	  925.6	  536.8	  452.0	.
790842	  925.9	  536.6	  452.0	.
790844	  925.6	  536.7	  452.0	.
790846	  926.3	  536.0	  451.0	.
790848	  926.0	  536.6	  450.0	.
790850	  925.6	  536.9	  450.0	.
790852	  926.0	  537.0	  450.0	.
790854	  926.3	  537.7	  449.0	.
790856	  928.5	  536.5	  449.0	.
790858	  928.5	  536.6	  449.0	.
790860	  928.3	  536.7	  448.0	.
790862	  928.0	  537.2	  448.0	.
790864	  929.2	  537.0	  446.0	.
790866	  928.3	  537.0	  446.0	.
790868	  928.1	  536.9	  446.0	.
790870	  928.0	  536.6	  446.0	.
790872	  928.0	  534.4	  445.0	.
790874	  927.6	  533.6	  445.0	.
790876	  928.8	  533.0	  444.0	.
790878	  929.1	  533.7	  443.0	.
790880	  929.3	  534.4	  443.0	.
790882	  929.3	  534.5	  443.0	.
790884	  929.6	  535.5	  443.0	.
790886	  929.6	  535.5	  443.0	.
790888	  929.2	  535.6	  443.0	.
790890	  928.6	  535.7	  443.0	.
790892	  927.6	  535.7	  442.0	.
790894	  927.3	  535.6	  442.0	.
790896	  927.3	  536.0	  442.0	.
790898	  926.3	  536.6	  440.0	.
790900	  925.5	  536.7	  440.0	.
790902	  925.8	  536.8	  442.0	.
790904	  925.8	  537.9	  442.0	.
790906	  926.0	  539.2	  441.0	.
790908	  926.4	  540.2	  441.0	.
790910	  926.5	  540.5	  438.0	.
790912	  926.6	  540.1	  437.0	.
790914	  927.3	  539.7	  437.0	.
790916	  926.8	  539.6	  436.0	.
790918	  926.2	  539.7	  436.0	.
790920	  926.8	  539.6	  436.0	.
790922	  926.9	  539.3	  436.0	.
790924	  927.1	  538.9	  435.0	.
790926	  927.3	  540.0	  435.0	.
790928	  927.5	  541.0	  435.0	.
790930	  927.0	  540.3	  435.0	.
790932	  926.7	  539.4	  434.0	.
790934	  926.9	  540.1	  434.0	.
790936	  926.9	  540.6	  433.0	.
790938	  927.5	  541.0	  434.0	.
790940	  927.3	  540.8	  433.0	.
790942	  927.1	  540.9	  433.0	.
790944	  927.6	  540.7	  432.0	.
790946	  928.0	  540.5	  432.0	.
790948	  928.5	  540.0	  431.0	.
790950	  928.7	  539.4	  431.0	.
790952	  928.9	  538.8	  431.0	.
790954	  929.4	  538.3	  431.0	.
790956	  929.5	  538.0	  430.0	.
790958	  929.1	  537.9	  430.0	.
790960	  929.6	  536.2	  427.0	.
790962	  929.7	  535.4	  426.0	.
790964	  929.8	  535.3	  426.0	.
790966	  929.9	  535.4	  426.0	.
790968	  930.7	  535.2	  427.0	.
790970	  930.4	  535.4	  427.0	.
790972	  931.1	  534.9	  426.0	.
790974	  931.9	  534.5	  425.0	.
790976	  933.7	  534.6	  424.0	.
790978	  933.8	  534.9	  424.0	.
EFIX L   790700	790978	280	  924.6	  534.3	    451
SSACC L  790980
790980	  940.3	  536.9	  424.0	.
790982	  942.2	  538.2	  424.0	.
790984	  949.2	  537.3	  424.0	.
790986	  955.6	  536.7	  424.0	.
ESACC L  790980	790986	8	  940.3	  536.9	  949.2	  537.3	   0.23	     50
SFIX L   790988
790988	  956.3	  537.6	  424.0	.
790990	  957.0	  538.0	  423.0	.
790992	  957.5	  537.6	  422.0	.
790994	  957.1	  537.5	  422.0	.
790996	  956.5	  537.5	  423.0	.
790998	  957.5	  537.7	  423.0	.
791000	  958.3	  537.9	  423.0	.
791002	  958.7	  538.1	  423.0	.
791004	  958.6	  538.3	  422.0	.
791006	  957.2	  539.7	  422.0	.
791008	  957.1	  541.4	  421.0	.
791010	  957.8	  543.0	  420.0	.
791012	  957.8	  543.3	  420.0	.
791014	  957.8	  543.6	  420.0	.
791016	  958.3	  543.9	  420.0	.
791018	  958.1	  544.4	  420.0	.
791020	  958.5	  545.1	  417.0	.
791022	  958.4	  544.5	  417.0	.
791024	  958.4	  546.2	  415.0	.
791026	  958.5	  546.3	  415.0	.
791028	  958.4	  545.4	  415.0	.
791030	  959.0	  545.7	  415.0	.
791032	  959.4	  545.4	  415.0	.
791034	  960.5	  546.0	  415.0	.
791036	  960.1	  546.3	  415.0	.
791038	  960.8	  546.6	  414.0	.
791040	  960.4	  549.0	  413.0	.
791042	  961.3	  549.6	  409.0	.
791044	  961.9	  549.2	  409.0	.
791046	  961.8	  549.7	  408.0	.
791048	  962.2	  549.9	  408.0	.
791050	  962.3	  550.9	  408.0	.
791052	  962.1	  550.8	  408.0	.
791054	  962.5	  552.0	  408.0	.
791056	  962.5	  553.2	  407.0	.
791058	  962.7	  553.0	  406.0	.
791060	  962.5	  552.8	  405.0	.
791062	  962.5	  552.2	  404.0	.
791064	  963.0	  552.0	  404.0	.
791066	  963.8	  553.5	  404.0	.
791068	  964.2	  554.0	  401.0	.
791070	  963.8	  554.2	  400.0	.
791072	  963.2	  553.0	  399.0	.
791074	  964.1	  551.6	  398.0	.
791076	  964.9	  550.7	  398.0	.
791078	  964.8	  551.0	  399.0	.
791080	  964.6	  551.4	  399.0	.
791082	  964.2	  552.1	  396.0	.
791084	  963.8	  552.7	  393.0	.
791086	  963.2	  552.8	  393.0	.
791088	  962.9	  552.5	  393.0	.
791090	  962.6	  551.6	  393.0	.
791092	  962.7	  550.7	  393.0	.
791094	  962.9	  551.2	  392.0	.
791096	  963.2	  551.7	  391.0	.
791098	  962.7	  550.3	  391.0	.
791100	  962.2	  548.9	  390.0	.
791102	  962.2	  548.5	  385.0	.
791104	  962.6	  548.2	  384.0	.
791106	  963.0	  547.9	  384.0	.
791108	  962.2	  547.7	  384.0	.
791110	  962.4	  547.2	  381.0	.
791112	  962.8	  547.3	  380.0	.
791114	  964.1	  547.2	  378.0	.
791116	  963.6	  547.1	  376.0	.
791118	  964.6	  547.5	  375.0	.
791120	  965.6	  547.1	  375.0	.
791122	  965.6	  547.5	  371.0	.
791124	  965.6	  547.1	  370.0	.
791126	  965.7	  547.9	  369.0	.
791128	  965.3	  547.4	  368.0	.
791130	  965.5	  546.6	  366.0	.
791132	  965.6	  544.4	  364.0	.
791134	  965.7	  544.4	  364.0	.
791136	  966.0	  544.7	  364.0	.
791138	  965.8	  545.2	  364.0	.
791140	  965.7	  545.2	  362.0	.
791142	  962.0	  545.9	  357.0	.
791144	  961.9	  546.1	  356.0	.
791146	  961.7	  546.3	  356.0	.
791148	  961.7	  546.4	  356.0	.
791150	  961.1	  546.2	  355.0	.
791152	  961.6	  546.9	  353.0	.
791154	  960.7	  548.0	  352.0	.
791156	  961.7	  548.6	  352.0	.
791158	  961.5	  549.5	  350.0	.
791160	  961.3	  549.9	  349.0	.
791162	  961.0	  549.6	  349.0	.
791164	  961.0	  549.2	  348.0	.
791166	  961.0	  550.0	  347.0	.
791168	  961.3	  550.7	  346.0	.
791170	  961.0	  552.6	  346.0	.
791172	  961.2	  552.6	  344.0	.
791174	  961.2	  552.3	  341.0	.
791176	  961.7	  551.8	  341.0	.
791178	  961.9	  552.4	  341.0	.
791180	  962.2	  552.9	  337.0	.
791182	  962.2	  553.3	  337.0	.
791184	  962.4	  553.7	  335.0	.
791186	  963.0	  553.1	  334.0	.
791188	  963.7	  552.5	  334.0	.
791190	  964.0	  551.6	  334.0	.
791192	  964.1	  550.7	  334.0	.
791194	  964.2	  550.3	  334.0	.
791196	  965.7	  549.8	  331.0	.
791198	  966.1	  550.1	  330.0	.
791200	  966.1	  549.9	  329.0	.
791202	  966.2	  549.7	  328.0	.
791204	  965.4	  549.1	  326.0	.
791206	  966.4	  545.9	  326.0	.
791208	  967.1	  547.0	  321.0	.
791210	  967.3	  546.7	  320.0	.
791212	  967.6	  546.8	  319.0	.
791214	  968.2	  546.0	  318.0	.
791216	  968.2	  545.4	  317.0	.
791218	  968.0	  545.4	  316.0	.
791220	  968.3	  546.1	  315.0	.
791222	  968.6	  546.2	  315.0	.
791224	  969.4	  546.2	  313.0	.
791226	  970.5	  546.0	  312.0	.
791228	  970.3	  544.9	  306.0	.
791230	  970.3	  543.6	  305.0	.
791232	  970.2	  542.3	  304.0	.
791234	  970.3	  541.8	  304.0	.
791236	  970.3	  541.8	  303.0	.
791238	  971.2	  542.0	  302.0	.
791240	  971.3	  541.8	  301.0	.
791242	  971.4	  541.6	  301.0	.
791244	  972.8	  541.8	  299.0	.
791246	  972.9	  542.0	  299.0	.
791248	  972.9	  542.0	  297.0	.
791250	  972.9	  541.7	  295.0	.
791252	  973.2	  544.6	  293.0	.
791254	  973.3	  544.9	  292.0	.
791256	  973.3	  545.1	  292.0	.
791258	  974.0	  547.8	  291.0	.
791260	  973.6	  548.8	  291.0	.
791262	  974.0	  549.2	  290.0	.
791264	  974.5	  549.6	  288.0	.
791266	  974.6	  551.0	  285.0	.
791268	  974.8	  552.4	  285.0	.
791270	  977.1	  553.7	  283.0	.
791272	  977.1	  552.6	  283.0	.
791274	  977.2	  553.3	  282.0	.
791276	  977.1	  554.0	  282.0	.
791278	  977.7	  554.5	  282.0	.
791280	  978.2	  553.9	  280.0	.
791282	  978.0	  554.7	  278.0	.
791284	  978.8	  553.8	  278.0	.
791286	  978.6	  553.0	  279.0	.
791288	  978.3	  552.1	  278.0	.
791290	  977.8	  551.9	  278.0	.
791292	  977.3	  553.3	  277.0	.
791294	  977.3	  554.7	  276.0	.
791296	  977.4	  555.7	  276.0	.
791298	  977.4	  555.2	  274.0	.
791300	  977.0	  554.7	  273.0	.
791302	  977.0	  554.2	  271.0	.
791304	  976.0	  554.1	  270.0	.
791306	  975.0	  554.2	  269.0	.
791308	  974.5	  554.2	  268.0	.
791310	  974.7	  554.1	  268.0	.
791312	  974.9	  555.1	  268.0	.
791314	  974.7	  554.1	  267.0	.
791316	  975.4	  552.9	  267.0	.
791318	  975.5	  553.4	  266.0	.
791320	  975.7	  552.7	  265.0	.
791322	  975.9	  552.0	  264.0	.
791324	  976.1	  550.1	  263.0	.
791326	  976.4	  550.6	  262.0	.
791328	  976.7	  550.9	  262.0	.
791330	  976.4	  552.7	  262.0	.
791332	  976.0	  551.8	  262.0	.
791334	  975.6	  551.8	  262.0	.
791336	  975.8	  552.0	  262.0	.
791338	  975.9	  552.3	  262.0	.
791340	  978.7	  552.0	  261.0	.
791342	  978.4	  552.1	  260.0	.
791344	  978.2	  552.1	  260.0	.
791346	  978.9	  551.9	  259.0	.
791348	  978.3	  551.3	  259.0	.
791350	  977.5	  550.8	  257.0	.
791352	  975.4	  549.7	  257.0	.
791354	  976.1	  550.1	  257.0	.
791356	  976.5	  549.6	  257.0	.
791358	  976.6	  549.2	  256.0	.
791360	  976.7	  548.9	  255.0	.
791362	  976.3	  549.2	  255.0	.
791364	  975.9	  549.2	  255.0	.
791366	  975.9	  549.2	  255.0	.
791368	  976.1	  549.3	  254.0	.
791370	  976.6	  549.3	  253.0	.
791372	  976.9	  549.1	  251.0	.
791374	  977.1	  549.0	  251.0	.
791376	  975.6	  549.3	  251.0	.
791378	  975.7	  548.5	  251.0	.
791380	  974.9	  547.9	  251.0	.
791382	  974.8	  548.1	  250.0	.
791384	  975.1	  548.3	  250.0	.
791386	  975.3	  548.3	  250.0	.
791388	  974.7	  548.5	  251.0	.
791390	  974.2	  549.9	  251.0	.
791392	  974.7	  551.3	  251.0	.
791394	  974.6	  551.1	  249.0	.
791396	  974.7	  552.1	  249.0	.
791398	  974.7	  552.1	  249.0	.
791400	  975.0	  552.2	  248.0	.
791402	  974.5	  552.3	  248.0	.
791404	  974.4	  551.7	  248.0	.
791406	  974.6	  552.1	  247.0	.
791408	  974.9	  552.6	  246.0	.
791410	  975.0	  552.3	  245.0	.
791412	  975.2	  552.3	  245.0	.
791414	  975.2	  552.3	  243.0	.
791416	  975.3	  552.4	  243.0	.
791418	  975.3	  552.4	  244.0	.
791420	  976.0	  552.4	  244.0	.
791422	  975.9	  552.5	  244.0	.
791424	  976.4	  552.6	  244.0	.
791426	  976.8	  552.8	  244.0	.
791428	  977.2	  552.8	  244.0	.
791430	  977.4	  552.9	  244.0	.
791432	  977.5	  552.4	  244.0	.
791434	  977.6	  552.4	  244.0	.
791436	  977.8	  552.4	  244.0	.
791438	  977.1	  552.7	  244.0	.
791440	  977.6	  552.9	  243.0	.
791442	  977.9	  552.1	  243.0	.
791444	  977.5	  552.1	  243.0	.
791446	  977.5	  552.4	  243.0	.
791448	  977.5	  552.3	  243.0	.
791450	  977.3	  553.2	  243.0	.
791452	  977.3	  552.2	  243.0	.
791454	  977.3	  551.1	  242.0	.
791456	  977.4	  549.8	  242.0	.
791458	  977.6	  549.8	  242.0	.
791460	  979.1	  549.3	  241.0	.
791462	  979.7	  549.7	  240.0	.
791464	  980.2	  549.6	  240.0	.
791466	  980.4	  549.4	  239.0	.
791468	  980.3	  550.1	  239.0	.
791470	  980.2	  549.8	  239.0	.
791472	  980.6	  550.0	  239.0	.
791474	  981.2	  549.8	  240.0	.
791476	  981.3	  550.4	  240.0	.
791478	  980.7	  550.2	  241.0	.
791480	  980.5	  550.3	  241.0	.
791482	  980.7	  550.3	  239.0	.
791484	  980.4	  550.1	  239.0	.
791486	  980.3	  550.5	  239.0	.
791488	  979.6	  550.3	  239.0	.
791490	  979.7	  551.1	  239.0	.
791492	  979.6	  551.6	  239.0	.
791494	  979.2	  552.1	  239.0	.
791496	  979.9	  551.5	  238.0	.
791498	  980.7	  550.8	  239.0	.
791500	  981.2	  551.2	  239.0	.
791502	  981.3	  550.3	  241.0	.
791504	  981.4	  551.3	  241.0	.
791506	  980.7	  551.0	  240.0	.
791508	  980.7	  552.0	  240.0	.
791510	  980.6	  551.7	  240.0	.
791512	  980.4	  552.1	  240.0	.
791514	  980.4	  551.8	  239.0	.
791516	  980.3	  551.7	  239.0	.
791518	  980.7	  550.8	  238.0	.
791520	  980.8	  551.3	  238.0	.
791522	  980.9	  551.2	  237.0	.
791524	  980.9	  552.0	  237.0	.
791526	  982.0	  551.2	  237.0	.
791528	  981.3	  550.7	  237.0	.
791530	  980.8	  550.3	  238.0	.
791532	  980.8	  549.8	  239.0	.
791534	  980.9	  548.5	  239.0	.
791536	  981.2	  547.4	  239.0	.
791538	  981.2	  547.4	  239.0	.
791540	  981.1	  547.6	  239.0	.
791542	  980.8	  548.0	  239.0	.
791544	  981.0	  548.4	  239.0	.
791546	  981.3	  548.7	  238.0	.
791548	  981.0	  549.2	  238.0	.
791550	  981.3	  549.2	  238.0	.
791552	  981.6	  549.4	  238.0	.
791554	  982.0	  549.0	  238.0	.
791556	  982.2	  548.9	  238.0	.
791558	  982.1	  548.6	  238.0	.
791560	  982.1	  548.7	  238.0	.
791562	  981.8	  548.6	  239.0	.
791564	  982.0	  548.8	  239.0	.
791566	  982.2	  549.2	  238.0	.
791568	  982.2	  550.0	  238.0	.
791570	  982.2	  549.2	  238.0	.
791572	  982.8	  550.2	  238.0	.
791574	  982.3	  550.5	  238.0	.
791576	  982.3	  550.9	  238.0	.
791578	  982.1	  549.7	  238.0	.
791580	  981.9	  548.9	  239.0	.
791582	  982.6	  548.3	  239.0	.
791584	  982.4	  548.7	  239.0	.
791586	  982.2	  548.7	  239.0	.
791588	  981.1	  548.8	  240.0	.
791590	  981.1	  548.8	  240.0	.
791592	  981.7	  549.2	  239.0	.
791594	  982.4	  548.7	  239.0	.
791596	  983.7	  550.1	  239.0	.
791598	  985.0	  551.2	  239.0	.
791600	  984.7	  551.5	  239.0	.
791602	  984.5	  551.4	  242.0	.
791604	  983.7	  551.6	  242.0	.
791606	  983.9	  551.6	  241.0	.
791608	  983.2	  552.0	  241.0	.
791610	  982.4	  552.0	  240.0	.
791612	  983.0	  552.0	  241.0	.
791614	  983.2	  552.4	  240.0	.
791616	  983.5	  553.1	  240.0	.
791618	  983.5	  553.2	  241.0	.
791620	  982.5	  553.7	  240.0	.
791622	  982.4	  553.6	  240.0	.
791624	  982.9	  553.7	  239.0	.
791626	  983.1	  554.5	  239.0	.
791628	  983.3	  555.5	  240.0	.
791630	  983.6	  554.8	  240.0	.
791632	  983.6	  555.0	  240.0	.
791634	  983.6	  555.2	  240.0	.
791636	  983.5	  555.2	  239.0	.
791638	  983.3	  555.0	  239.0	.
791640	  983.1	  555.8	  239.0	.
791642	  982.9	  555.9	  239.0	.
791644	  982.7	  555.9	  239.0	.
791646	  982.6	  555.7	  239.0	.
791648	  982.5	  555.8	  239.0	.
791650	  982.3	  555.6	  239.0	.
791652	  982.1	  554.6	  239.0	.
791654	  982.1	  554.6	  240.0	.
791656	  982.2	  554.8	  241.0	.
791658	  982.4	  555.1	  241.0	.
791660	  982.5	  555.2	  241.0	.
791662	  982.5	  555.2	  241.0	.
791664	  982.5	  555.5	  241.0	.
791666	  982.4	  555.7	  241.0	.
791668	  982.5	  556.2	  241.0	.
791670	  982.6	  556.1	  241.0	.
791672	  982.8	  556.3	  241.0	.
791674	  982.3	  556.6	  241.0	.
791676	  981.8	  557.2	  241.0	.
791678	  982.3	  557.1	  241.0	.
791680	  982.8	  556.9	  241.0	.
791682	  982.9	  556.6	  241.0	.
791684	  983.0	  556.0	  241.0	.
791686	  984.8	  555.7	  241.0	.
791688	  984.5	  556.1	  242.0	.
791690	  985.2	  556.2	  242.0	.
791692	  984.6	  556.5	  242.0	.
791694	  985.0	  556.4	  242.0	.
791696	  983.7	  556.7	  243.0	.
791698	  983.1	  556.3	  243.0	.
791700	  982.9	  556.0	  243.0	.
791702	  983.0	  555.8	  243.0	.
791704	  983.0	  555.7	  243.0	.
791706	  983.0	  555.1	  242.0	.
791708	  983.1	  555.2	  242.0	.
791710	  983.5	  555.1	  243.0	.
791712	  983.9	  554.7	  243.0	.
791714	  983.8	  555.3	  243.0	.
791716	  984.3	  556.0	  244.0	.
791718	  984.7	  556.1	  245.0	.
791720	  984.8	  556.2	  245.0	.
791722	  984.7	  555.6	  245.0	.
791724	  984.4	  555.4	  244.0	.
791726	  984.6	  555.2	  244.0	.
791728	  984.3	  555.1	  244.0	.
791730	  984.9	  555.0	  243.0	.
791732	  984.1	  555.2	  243.0	.
791734	  983.4	  556.7	  243.0	.
791736	  983.5	  558.0	  243.0	.
791738	  983.5	  557.5	  244.0	.
791740	  983.6	  557.6	  244.0	.
791742	  983.8	  557.3	  244.0	.
791744	  984.9	  556.8	  244.0	.
791746	  984.4	  556.3	  244.0	.
791748	  984.4	  556.6	  245.0	.
791750	  984.7	  557.0	  245.0	.
791752	  983.6	  557.2	  246.0	.
791754	  983.7	  557.3	  246.0	.
791756	  983.9	  558.0	  246.0	.
791758	  983.8	  557.7	  246.0	.
791760	  983.8	  557.4	  245.0	.
791762	  983.0	  557.4	  245.0	.
791764	  982.9	  557.2	  245.0	.
791766	  982.9	  556.4	  247.0	.
791768	  983.0	  557.2	  247.0	.
791770	  982.9	  557.2	  247.0	.
791772	  983.6	  557.5	  247.0	.
791774	  984.3	  557.8	  248.0	.
791776	  983.4	  557.8	  248.0	.
791778	  982.5	  557.9	  248.0	.
791780	  983.4	  557.9	  248.0	.
791782	  984.3	  557.7	  248.0	.
791784	  984.9	  557.9	  248.0	.
791786	  985.4	  557.1	  249.0	.
791788	  985.5	  556.5	  249.0	.
791790	  985.4	  556.5	  249.0	.
791792	  985.4	  556.5	  249.0	.
791794	  984.2	  556.2	  250.0	.
791796	  984.1	  555.8	  250.0	.
791798	  984.1	  555.0	  250.0	.
791800	  984.0	  554.3	  251.0	.
791802	  983.0	  554.0	  253.0	.
791804	  982.0	  553.7	  253.0	.
791806	  982.9	  552.0	  251.0	.
791808	  983.9	  552.1	  250.0	.
791810	  984.1	  552.4	  250.0	.
791812	  983.9	  552.3	  251.0	.
791814	  984.4	  552.9	  251.0	.
791816	  984.6	  553.0	  251.0	.
791818	  984.7	  552.8	  250.0	.
791820	  984.1	  553.0	  250.0	.
791822	  983.4	  553.1	  251.0	.
791824	  984.1	  553.3	  251.0	.
791826	  983.6	  552.9	  251.0	.
791828	  984.1	  553.0	  251.0	.
791830	  984.5	  552.6	  252.0	.
791832	  984.9	  552.7	  252.0	.
791834	  984.6	  552.8	  252.0	.
791836	  984.4	  552.6	  252.0	.
791838	  984.5	  552.7	  252.0	.
791840	  984.7	  552.8	  252.0	.
791842	  984.7	  553.2	  252.0	.
791844	  985.0	  554.7	  253.0	.
791846	  985.2	  555.3	  253.0	.
791848	  983.8	  556.0	  254.0	.
791850	  982.4	  557.0	  254.0	.
791852	  983.3	  557.5	  255.0	.
791854	  984.2	  558.3	  255.0	.
791856	  984.5	  558.2	  255.0	.
791858	  984.3	  558.2	  255.0	.
791860	  984.0	  558.1	  255.0	.
791862	  984.2	  558.2	  255.0	.
791864	  984.4	  558.9	  256.0	.
791866	  984.9	  559.7	  257.0	.
791868	  984.8	  560.9	  257.0	.
791870	  985.4	  562.0	  257.0	.
791872	  985.2	  561.7	  257.0	.
791874	  985.1	  562.0	  256.0	.
791876	  985.7	  561.4	  256.0	.
791878	  984.5	  561.2	  257.0	.
791880	  983.4	  560.9	  258.0	.
791882	  983.3	  560.9	  258.0	.
791884	  983.3	  560.2	  260.0	.
791886	  982.9	  559.5	  261.0	.
791888	  982.6	  560.5	  261.0	.
791890	  982.5	  560.1	  261.0	.
791892	  982.5	  559.8	  260.0	.
791894	  982.4	  559.7	  260.0	.
791896	  982.4	  559.7	  260.0	.
791898	  982.2	  558.9	  260.0	.
791900	  982.1	  558.9	  260.0	.
791902	  981.9	  558.9	  261.0	.
791904	  981.8	  559.3	  261.0	.
791906	  982.2	  559.6	  261.0	.
791908	  981.5	  558.8	  261.0	.
791910	  981.2	  558.0	  261.0	.
791912	  981.2	  558.0	  261.0	.
791914	  981.1	  556.4	  261.0	.
791916	  981.3	  556.0	  261.0	.
791918	  981.3	  556.1	  261.0	.
791920	  981.4	  556.2	  261.0	.
791922	  982.0	  556.1	  261.0	.
791924	  982.1	  556.6	  261.0	.
791926	  982.1	  557.0	  261.0	.
791928	  982.0	  556.4	  261.0	.
791930	  982.3	  556.7	  261.0	.
791932	  981.1	  556.7	  261.0	.
791934	  981.0	  557.0	  261.0	.
791936	  981.0	  557.0	  261.0	.
791938	  980.2	  557.0	  262.0	.
791940	  979.4	  556.8	  263.0	.
791942	  979.4	  556.8	  263.0	.
791944	  979.7	  555.7	  263.0	.
791946	  979.8	  555.3	  263.0	.
791948	  979.7	  555.4	  263.0	.
791950	  979.7	  555.4	  263.0	.
791952	  979.8	  556.2	  263.0	.
791954	  980.6	  556.2	  263.0	.
791956	  980.2	  556.1	  264.0	.
791958	  980.7	  556.6	  264.0	.
791960	  979.6	  556.2	  264.0	.
791962	  979.1	  556.3	  263.0	.
791964	  979.1	  556.3	  263.0	.
791966	  979.0	  556.9	  263.0	.
791968	  979.0	  556.8	  264.0	.
791970	  978.9	  557.9	  266.0	.
791972	  978.5	  559.1	  266.0	.
791974	  977.7	  558.9	  266.0	.
791976	  978.2	  558.6	  266.0	.
791978	  978.3	  559.7	  266.0	.
791980	  978.4	  559.9	  266.0	.
791982	  978.3	  559.7	  268.0	.
791984	  977.8	  560.7	  268.0	.
791986	  976.9	  560.7	  267.0	.
791988	  976.4	  560.5	  268.0	.
791990	  975.5	  559.2	  268.0	.
791992	  975.8	  559.4	  268.0	.
791994	  974.4	  558.4	  269.0	.
791996	  973.2	  557.3	  270.0	.
791998	  973.2	  559.3	  272.0	.
792000	  973.3	  560.1	  271.0	.
792002	  972.6	  561.0	  271.0	.
792004	  972.4	  560.6	  270.0	.
792006	  972.2	  560.2	  269.0	.
792008	  972.5	  561.5	  269.0	.
792010	  972.5	  561.6	  269.0	.
792012	  972.7	  561.2	  269.0	.
792014	  972.8	  562.3	  269.0	.
792016	  972.9	  562.8	  269.0	.
792018	  972.9	  562.9	  269.0	.
792020	  973.4	  563.0	  269.0	.
792022	  973.6	  561.9	  270.0	.
792024	  974.0	  562.7	  271.0	.
792026	  973.8	  563.5	  271.0	.
792028	  973.8	  563.7	  271.0	.
792030	  972.9	  562.8	  271.0	.
792032	  972.7	  561.9	  271.0	.
792034	  972.4	  560.9	  271.0	.
792036	  970.8	  560.2	  271.0	.
792038	  971.4	  560.9	  271.0	.
792040	  970.6	  561.2	  270.0	.
792042	  970.6	  561.0	  270.0	.
792044	  970.8	  562.2	  270.0	.
792046	  971.0	  559.4	  271.0	.
792048	  971.1	  558.1	  271.0	.
792050	  970.9	  557.6	  271.0	.
792052	  971.5	  559.5	  271.0	.
792054	  971.9	  560.2	  270.0	.
792056	  972.2	  560.2	  270.0	.
792058	  972.1	  560.3	  270.0	.
792060	  972.3	  560.0	  270.0	.
792062	  972.5	  560.8	  270.0	.
792064	  973.0	  559.4	  274.0	.
792066	  973.1	  558.0	  274.0	.
792068	  973.1	  557.4	  274.0	.
792070	  973.0	  556.8	  274.0	.
792072	  972.5	  552.3	  276.0	.
792074	  972.8	  554.1	  276.0	.
792076	  972.7	  552.9	  274.0	.
792078	  972.6	  551.7	  274.0	.
792080	  972.9	  551.9	  274.0	.
792082	  972.5	  549.9	  275.0	.
792084	  972.7	  549.9	  275.0	.
792086	  972.8	  547.9	  275.0	.
792088	  972.2	  546.1	  279.0	.
792090	  972.4	  544.7	  280.0	.
792092	  972.6	  544.8	  281.0	.
792094	  972.9	  544.8	  282.0	.
792096	  973.2	  545.3	  282.0	.
792098	  973.3	  545.8	  279.0	.
792100	  973.2	  544.5	  279.0	.
792102	  972.9	  546.4	  279.0	.
792104	  973.0	  548.3	  279.0	.
792106	  972.9	  548.5	  279.0	.
792108	  973.0	  548.7	  278.0	.
792110	  973.2	  548.1	  278.0	.
792112	  973.1	  547.6	  280.0	.
792114	  973.1	  546.2	  280.0	.
792116	  973.1	  545.9	  280.0	.
792118	  973.1	  545.6	  280.0	.
792120	  973.1	  546.5	  280.0	.
792122	  973.3	  547.4	  279.0	.
792124	  973.3	  547.2	  279.0	.
792126	  974.1	  547.3	  279.0	.
792128	  974.7	  547.4	  278.0	.
792130	  974.5	  548.1	  278.0	.
792132	  974.1	  547.8	  276.0	.
792134	  973.8	  548.0	  276.0	.
792136	  973.7	  548.2	  277.0	.
792138	  973.2	  549.0	  277.0	.
792140	  972.5	  549.3	  277.0	.
792142	  973.0	  549.4	  277.0	.
792144	  973.1	  551.1	  277.0	.
792146	  973.3	  551.4	  278.0	.
792148	  973.2	  551.7	  278.0	.
792150	  973.2	  551.9	  277.0	.
792152	  973.1	  551.9	  277.0	.
792154	  973.1	  552.3	  278.0	.
792156	  972.5	  552.6	  278.0	.
792158	  972.1	  552.7	  278.0	.
792160	  972.6	  553.6	  277.0	.
792162	  972.7	  554.7	  277.0	.
792164	  972.5	  554.3	  277.0	.
792166	  972.4	  554.0	  278.0	.
792168	  971.6	  556.0	  277.0	.
792170	  971.5	  555.7	  277.0	.
792172	  971.7	  555.4	  278.0	.
792174	  971.3	  554.5	  280.0	.
792176	  970.9	  553.7	  281.0	.
792178	  970.8	  552.2	  281.0	.
792180	  970.7	  550.8	  279.0	.
792182	  971.2	  550.4	  279.0	.
792184	  971.6	  550.1	  280.0	.
792186	  971.3	  543.8	  282.0	.
792188	  971.4	  544.1	  282.0	.
792190	  971.4	  544.4	  283.0	.
792192	  971.5	  545.5	  283.0	.
792194	  971.2	  546.1	  283.0	.
792196	  971.4	  546.7	  282.0	.
792198	  971.6	  546.7	  282.0	.
792200	  971.6	  546.8	  283.0	.
792202	  971.5	  545.1	  283.0	.
792204	  971.5	  543.5	  283.0	.
792206	  971.6	  543.4	  284.0	.
792208	  971.9	  543.4	  284.0	.
792210	  972.2	  543.5	  284.0	.
792212	  972.2	  543.5	  283.0	.
792214	  972.2	  543.5	  283.0	.
792216	  973.1	  544.5	  283.0	.
792218	  972.5	  544.5	  283.0	.
792220	  972.2	  544.3	  284.0	.
792222	  972.1	  543.7	  285.0	.
792224	  972.0	  543.1	  285.0	.
792226	  971.6	  542.9	  285.0	.
792228	  971.9	  542.7	  284.0	.
792230	  971.6	  544.3	  285.0	.
792232	  971.6	  544.6	  286.0	.
792234	  971.7	  544.4	  286.0	.
792236	  971.8	  544.0	  286.0	.
792238	  972.6	  543.9	  286.0	.
792240	  973.3	  543.8	  286.0	.
792242	  973.0	  543.6	  286.0	.
792244	  972.9	  543.4	  285.0	.
792246	  973.0	  544.4	  285.0	.
792248	  972.6	  545.3	  285.0	.
792250	  972.2	  546.2	  285.0	.
792252	  973.0	  546.0	  284.0	.
792254	  972.5	  548.6	  284.0	.
792256	  972.4	  548.7	  285.0	.
792258	  972.4	  547.7	  285.0	.
792260	  972.4	  548.0	  285.0	.
792262	  972.6	  548.4	  284.0	.
792264	  972.7	  548.1	  285.0	.
792266	  972.2	  548.1	  285.0	.
792268	  972.8	  545.6	  287.0	.
792270	  973.6	  544.1	  287.0	.
792272	  972.7	  544.2	  286.0	.
792274	  972.9	  544.1	  286.0	.
792276	  972.8	  543.2	  287.0	.
792278	  973.9	  542.9	  288.0	.
792280	  973.4	  543.9	  288.0	.
792282	  974.2	  543.7	  289.0	.
792284	  973.8	  543.9	  291.0	.
792286	  974.0	  543.0	  291.0	.
792288	  974.1	  542.7	  291.0	.
792290	  973.7	  543.0	  291.0	.
792292	  973.8	  541.9	  291.0	.
792294	  974.1	  541.7	  291.0	.
792296	  974.1	  541.4	  291.0	.
792298	  974.3	  541.8	  291.0	.
792300	  974.7	  542.0	  291.0	.
792302	  974.9	  542.0	  291.0	.
792304	  974.7	  541.9	  291.0	.
792306	  974.8	  542.8	  291.0	.
792308	  974.9	  543.8	  290.0	.
792310	  974.9	  544.8	  290.0	.
792312	  975.2	  544.9	  290.0	.
792314	  975.3	  545.0	  290.0	.
792316	  975.3	  545.4	  290.0	.
792318	  975.3	  545.8	  291.0	.
792320	  975.3	  545.9	  291.0	.
792322	  974.8	  546.1	  293.0	.
792324	  974.1	  546.6	  293.0	.
792326	  974.6	  546.8	  293.0	.
792328	  973.8	  547.0	  292.0	.
792330	  973.6	  547.0	  292.0	.
792332	  973.5	  548.8	  292.0	.
792334	  972.8	  550.8	  293.0	.
792336	  973.2	  554.2	  293.0	.
792338	  973.3	  553.8	  293.0	.
792340	  972.9	  554.5	  293.0	.
792342	  973.2	  555.1	  293.0	.
792344	  972.5	  554.3	  291.0	.
792346	  972.5	  553.5	  291.0	.
792348	  972.3	  551.3	  292.0	.
792350	  972.3	  551.3	  294.0	.
792352	  972.2	  551.3	  294.0	.
792354	  972.6	  551.0	  294.0	.
792356	  972.9	  550.8	  295.0	.
792358	  972.9	  550.2	  296.0	.
792360	  972.8	  550.1	  296.0	.
792362	  972.9	  550.1	  296.0	.
792364	  972.8	  550.1	  296.0	.
792366	  973.6	  550.0	  296.0	.
792368	  973.8	  549.9	  297.0	.
792370	  974.1	  549.7	  296.0	.
792372	  975.8	  549.3	  296.0	.
792374	  975.4	  548.5	  295.0	.
792376	  975.1	  547.8	  295.0	.
792378	  975.1	  547.7	  295.0	.
792380	  975.5	  547.9	  295.0	.
792382	  975.3	  548.1	  296.0	.
792384	  975.2	  547.9	  296.0	.
792386	  975.2	  548.1	  296.0	.
792388	  975.3	  547.9	  297.0	.
792390	  975.7	  547.7	  297.0	.
792392	  975.6	  548.8	  298.0	.
792394	  976.2	  548.2	  298.0	.
792396	  976.7	  549.0	  298.0	.
792398	  976.7	  550.0	  297.0	.
792400	  976.5	  549.1	  297.0	.
792402	  976.5	  549.0	  297.0	.
792404	  976.4	  549.4	  297.0	.
792406	  976.4	  549.8	  299.0	.
792408	  976.0	  550.8	  299.0	.
792410	  975.9	  551.8	  299.0	.
792412	  976.1	  554.5	  299.0	.
792414	  976.0	  555.8	  299.0	.
792416	  975.7	  557.0	  299.0	.
792418	  975.7	  557.0	  300.0	.
792420	  975.6	  558.2	  300.0	.
792422	  975.6	  558.2	  300.0	.
792424	  974.3	  558.9	  299.0	.
792426	  974.7	  559.4	  299.0	.
792428	  974.9	  559.5	  299.0	.
792430	  975.0	  559.9	  299.0	.
792432	  974.9	  560.8	  298.0	.
792434	  975.5	  560.8	  299.0	.
792436	  975.0	  560.1	  299.0	.
792438	  974.7	  561.0	  299.0	.
792440	  974.6	  559.7	  299.0	.
792442	  974.6	  558.4	  299.0	.
792444	  974.6	  555.0	  299.0	.
792446	  974.6	  556.4	  300.0	.
792448	  974.4	  556.7	  300.0	.
792450	  974.9	  557.0	  300.0	.
792452	  975.3	  558.7	  300.0	.
792454	  975.0	  557.5	  300.0	.
792456	  975.1	  557.6	  299.0	.
792458	  975.2	  558.0	  300.0	.
792460	  975.1	  555.6	  299.0	.
792462	  976.0	  554.4	  298.0	.
792464	  976.1	  553.8	  296.0	.
792466	  975.9	  553.4	  296.0	.
792468	  975.8	  551.5	  296.0	.
792470	  975.2	  552.9	  297.0	.
792472	  974.4	  553.1	  297.0	.
792474	  974.8	  553.0	  298.0	.
792476	  975.3	  553.6	  298.0	.
792478	  974.5	  552.8	  299.0	.
792480	  973.6	  552.1	  298.0	.
792482	  973.1	  552.2	  299.0	.
792484	  973.1	  550.7	  298.0	.
792486	  972.7	  549.3	  299.0	.
792488	  972.4	  550.7	  299.0	.
792490	  972.4	  551.4	  301.0	.
792492	  972.8	  551.7	  302.0	.
792494	  972.7	  552.0	  302.0	.
792496	  972.8	  552.0	  301.0	.
792498	  972.9	  552.0	  302.0	.
792500	  972.6	  555.8	  302.0	.
792502	  973.0	  557.3	  304.0	.
792504	  973.3	  557.3	  304.0	.
792506	  973.2	  557.3	  303.0	.
792508	  973.2	  557.3	  303.0	.
792510	  972.7	  557.4	  303.0	.
792512	  972.1	  557.5	  302.0	.
792514	  971.8	  558.6	  302.0	.
792516	  971.9	  558.0	  302.0	.
792518	  972.0	  558.0	  302.0	.
792520	  972.5	  556.5	  301.0	.
792522	  972.4	  555.0	  301.0	.
792524	  972.5	  556.2	  300.0	.
792526	  972.0	  554.2	  300.0	.
792528	  971.6	  553.5	  299.0	.
792530	  971.7	  553.2	  299.0	.
792532	  971.7	  553.2	  300.0	.
792534	  971.6	  553.2	  300.0	.
792536	  971.8	  553.7	  300.0	.
792538	  972.0	  552.0	  301.0	.
792540	  972.6	  550.3	  301.0	.
792542	  972.5	  550.1	  300.0	.
792544	  972.4	  550.0	  300.0	.
792546	  972.8	  549.5	  299.0	.
792548	  973.1	  550.4	  299.0	.
792550	  972.6	  551.4	  299.0	.
792552	  973.3	  552.0	  300.0	.
792554	  973.2	  552.7	  302.0	.
792556	  972.9	  552.2	  302.0	.
792558	  972.8	  551.5	  301.0	.
792560	  972.9	  550.1	  301.0	.
792562	  972.8	  550.1	  300.0	.
792564	  972.9	  549.8	  300.0	.
792566	  972.8	  549.3	  299.0	.
792568	  972.8	  548.5	  299.0	.
792570	  973.0	  548.5	  299.0	.
792572	  972.4	  550.0	  298.0	.
792574	  971.8	  549.3	  298.0	.
792576	  972.3	  551.3	  298.0	.
792578	  972.6	  552.2	  299.0	.
792580	  972.7	  553.2	  300.0	.
792582	  973.9	  553.0	  299.0	.
792584	  973.7	  553.1	  300.0	.
792586	  973.9	  554.2	  300.0	.
792588	  973.1	  554.5	  302.0	.
792590	  973.1	  554.7	  303.0	.
792592	  972.9	  556.9	  303.0	.
792594	  973.3	  557.3	  304.0	.
792596	  972.6	  557.3	  306.0	.
792598	  973.9	  557.1	  306.0	.
792600	  975.1	  558.4	  305.0	.
792602	  975.8	  558.4	  305.0	.
792604	  976.1	  557.6	  305.0	.
792606	  976.2	  558.2	  303.0	.
792608	  975.8	  558.8	  303.0	.
792610	  975.5	  558.0	  303.0	.
792612	  975.1	  558.2	  303.0	.
792614	  975.0	  558.3	  303.0	.
792616	  974.7	  559.4	  304.0	.
792618	  975.4	  559.6	  305.0	.
792620	  974.9	  559.1	  305.0	.
792622	  975.4	  560.3	  304.0	.
792624	  975.4	  560.4	  304.0	.
792626	  975.1	  560.2	  304.0	.
792628	  974.5	  559.8	  304.0	.
792630	  975.3	  559.6	  305.0	.
792632	  975.1	  559.6	  305.0	.
792634	  974.7	  558.7	  305.0	.
792636	  974.9	  557.6	  304.0	.
792638	  974.5	  558.9	  303.0	.
792640	  974.3	  558.8	  303.0	.
792642	  974.4	  558.9	  303.0	.
792644	  973.3	  558.8	  303.0	.
792646	  973.3	  558.6	  304.0	.
792648	  973.3	  557.9	  306.0	.
792650	  973.4	  558.2	  306.0	.
792652	  973.2	  558.0	  306.0	.
792654	  973.2	  557.8	  306.0	.
792656	  973.8	  558.5	  306.0	.
792658	  974.1	  558.4	  306.0	.
792660	  974.4	  558.5	  305.0	.
792662	  974.2	  558.5	  305.0	.
792664	  974.0	  558.6	  306.0	.
792666	  973.5	  558.5	  306.0	.
792668	  973.4	  558.9	  306.0	.
792670	  974.0	  557.9	  306.0	.
792672	  974.6	  557.1	  306.0	.
792674	  973.7	  556.3	  306.0	.
792676	  972.9	  555.6	  304.0	.
792678	  973.6	  555.8	  304.0	.
792680	  974.2	  555.7	  305.0	.
792682	  974.4	  555.5	  305.0	.
792684	  974.7	  555.7	  306.0	.
792686	  978.6	  554.9	  307.0	.
792688	  980.3	  554.6	  309.0	.
792690	  981.9	  554.1	  310.0	.
792692	  982.7	  553.2	  311.0	.
792694	  982.9	  553.0	  310.0	.
792696	  983.2	  552.9	  310.0	.
792698	  984.2	  553.3	  310.0	.
792700	  983.1	  551.5	  310.0	.
792702	  982.1	  551.5	  309.0	.
792704	  981.9	  551.4	  307.0	.
792706	  981.8	  550.8	  307.0	.
792708	  981.9	  551.3	  306.0	.
792710	  981.6	  551.4	  307.0	.
792712	  981.3	  551.3	  308.0	.
792714	  980.6	  551.2	  308.0	.
792716	  980.6	  552.0	  308.0	.
792718	  980.4	  551.0	  308.0	.
792720	  979.6	  551.5	  308.0	.
792722	  979.5	  551.8	  309.0	.
792724	  979.5	  552.3	  309.0	.
792726	  980.0	  552.1	  309.0	.
792728	  979.7	  553.5	  309.0	.
792730	  979.8	  552.6	  309.0	.
792732	  979.9	  551.6	  310.0	.
792734	  980.0	  551.6	  310.0	.
792736	  979.8	  551.6	  309.0	.
792738	  979.4	  550.4	  309.0	.
792740	  979.7	  550.4	  309.0	.
792742	  979.2	  550.4	  309.0	.
792744	  979.1	  550.3	  309.0	.
792746	  978.9	  550.6	  309.0	.
792748	  979.0	  551.0	  309.0	.
792750	  979.2	  551.9	  309.0	.
792752	  978.7	  552.1	  310.0	.
792754	  978.0	  551.3	  309.0	.
792756	  977.7	  551.0	  309.0	.
792758	  977.2	  550.9	  309.0	.
792760	  977.5	  550.9	  309.0	.
792762	  977.5	  549.7	  308.0	.
792764	  978.0	  550.4	  308.0	.
792766	  977.6	  551.2	  308.0	.
792768	  978.1	  553.0	  308.0	.
792770	  978.2	  552.4	  308.0	.
792772	  978.1	  552.0	  308.0	.
792774	  978.1	  551.3	  307.0	.
792776	  977.5	  551.1	  307.0	.
792778	  976.7	  552.0	  307.0	.
792780	  976.6	  552.8	  307.0	.
792782	  976.4	  553.6	  308.0	.
792784	  976.9	  553.3	  309.0	.
792786	  977.3	  553.1	  309.0	.
792788	  977.5	  553.1	  310.0	.
792790	  976.9	  553.2	  310.0	.
792792	  977.8	  553.6	  310.0	.
792794	  977.8	  553.4	  311.0	.
792796	  977.6	  553.2	  312.0	.
792798	  977.6	  553.9	  312.0	.
792800	  977.8	  554.0	  311.0	.
792802	  977.9	  553.7	  311.0	.
792804	  979.4	  553.3	  311.0	.
792806	  979.3	  553.0	  311.0	.
792808	  979.3	  552.9	  311.0	.
792810	  980.4	  552.6	  311.0	.
792812	  980.6	  552.3	  308.0	.
792814	  980.3	  552.3	  308.0	.
792816	  980.4	  552.3	  307.0	.
792818	  979.5	  552.5	  308.0	.
792820	  978.6	  551.1	  307.0	.
792822	  979.1	  549.4	  307.0	.
792824	  978.8	  546.4	  307.0	.
792826	  978.7	  546.4	  306.0	.
792828	  979.3	  546.3	  306.0	.
792830	  978.8	  547.0	  306.0	.
792832	  978.9	  546.8	  307.0	.
792834	  979.0	  546.8	  307.0	.
792836	  979.0	  546.8	  307.0	.
792838	  979.4	  546.7	  307.0	.
792840	  979.5	  547.5	  307.0	.
792842	  979.6	  548.4	  308.0	.
792844	  979.5	  548.3	  308.0	.
792846	  980.0	  548.2	  308.0	.
792848	  979.3	  547.1	  307.0	.
792850	  979.2	  547.7	  307.0	.
792852	  979.3	  548.2	  307.0	.
792854	  979.4	  548.6	  308.0	.
792856	  979.4	  548.5	  307.0	.
792858	  980.3	  548.6	  307.0	.
792860	  979.9	  548.9	  307.0	.
792862	  979.4	  548.5	  306.0	.
792864	  980.1	  549.7	  308.0	.
792866	  980.8	  551.1	  308.0	.
792868	  980.0	  551.0	  308.0	.
792870	  980.8	  550.8	  307.0	.
792872	  980.5	  551.6	  307.0	.
792874	  980.5	  551.8	  307.0	.
792876	  980.5	  551.8	  306.0	.
792878	  980.9	  555.9	  308.0	.
792880	  980.9	  555.5	  308.0	.
792882	  981.1	  556.4	  308.0	.
792884	  980.3	  556.8	  308.0	.
792886	  980.3	  557.0	  309.0	.
792888	  980.5	  557.1	  311.0	.
792890	  980.3	  557.3	  311.0	.
792892	  979.9	  557.4	  311.0	.
792894	  980.6	  557.2	  311.0	.
792896	  980.5	  557.6	  309.0	.
792898	  980.4	  557.0	  309.0	.
792900	  981.0	  556.3	  311.0	.
792902	  980.9	  554.6	  310.0	.
792904	  980.5	  554.2	  310.0	.
792906	  980.5	  553.9	  310.0	.
792908	  980.4	  553.8	  310.0	.
792910	  980.0	  553.8	  310.0	.
792912	  980.4	  554.6	  309.0	.
792914	  980.8	  555.5	  309.0	.
792916	  980.4	  554.7	  309.0	.
792918	  980.4	  554.0	  308.0	.
792920	  980.3	  554.1	  307.0	.
792922	  980.4	  553.9	  307.0	.
792924	  980.5	  554.0	  306.0	.
792926	  980.7	  553.3	  306.0	.
792928	  980.7	  552.5	  307.0	.
792930	  980.7	  550.8	  307.0	.
792932	  980.7	  551.3	  307.0	.
792934	  980.6	  550.3	  307.0	.
792936	  980.2	  549.3	  307.0	.
792938	  980.2	  550.0	  307.0	.
792940	  980.4	  550.7	  307.0	.
792942	  980.7	  552.7	  307.0	.
792944	  980.9	  552.4	  307.0	.
792946	  980.7	  552.3	  307.0	.
792948	  980.5	  552.4	  307.0	.
792950	  980.7	  552.4	  307.0	.
792952	  980.0	  551.3	  307.0	.
792954	  979.9	  551.2	  307.0	.
792956	  979.9	  551.7	  307.0	.
792958	  979.9	  551.9	  307.0	.
792960	  979.0	  552.2	  307.0	.
792962	  979.0	  551.9	  308.0	.
792964	  978.9	  551.7	  308.0	.
792966	  978.9	  551.8	  308.0	.
792968	  978.8	  552.1	  307.0	.
792970	  978.6	  552.0	  307.0	.
792972	  979.1	  552.4	  307.0	.
792974	  979.0	  553.0	  307.0	.
792976	  978.9	  552.8	  308.0	.
792978	  978.9	  553.9	  308.0	.
792980	  978.9	  553.8	  308.0	.
792982	  978.6	  553.8	  307.0	.
792984	  978.6	  552.5	  307.0	.
792986	  978.7	  552.6	  307.0	.
792988	  979.3	  552.1	  308.0	.
792990	  979.9	  551.7	  308.0	.
792992	  980.0	  552.2	  309.0	.
792994	  980.1	  552.2	  309.0	.
792996	  980.8	  552.0	  309.0	.
792998	  981.5	  551.3	  309.0	.
793000	  981.0	  549.1	  309.0	.
793002	  980.9	  548.7	  309.0	.
793004	  980.9	  548.6	  309.0	.
793006	  980.7	  548.5	  308.0	.
793008	  980.5	  548.5	  307.0	.
793010	  980.1	  546.4	  305.0	.
793012	  979.8	  544.3	  305.0	.
793014	  979.7	  543.8	  305.0	.
793016	  979.5	  543.4	  305.0	.
793018	  979.6	  544.5	  305.0	.
793020	  979.7	  544.6	  304.0	.
793022	  980.1	  544.5	  304.0	.
793024	  980.2	  545.0	  304.0	.
793026	  980.1	  545.6	  304.0	.
793028	  980.3	  546.6	  304.0	.
793030	  980.0	  546.8	  304.0	.
793032	  980.0	  546.9	  304.0	.
793034	  980.2	  547.9	  305.0	.
793036	  979.7	  549.0	  304.0	.
793038	  980.4	  550.4	  304.0	.
793040	  979.4	  552.1	  304.0	.
793042	  979.1	  553.4	  304.0	.
793044	  979.2	  554.6	  304.0	.
793046	  979.3	  555.8	  304.0	.
793048	  979.3	  555.9	  304.0	.
793050	  979.3	  556.0	  304.0	.
793052	  978.7	  556.1	  304.0	.
793054	  978.4	  556.2	  304.0	.
793056	  978.5	  559.4	  304.0	.
793058	  979.3	  562.5	  304.0	.
793060	  979.8	  562.7	  304.0	.
793062	  980.0	  563.1	  303.0	.
793064	  979.8	  564.1	  303.0	.
793066	  980.0	  563.3	  303.0	.
793068	  980.0	  562.4	  303.0	.
793070	  980.2	  563.7	  303.0	.
793072	  980.0	  563.6	  301.0	.
793074	  980.1	  564.2	  301.0	.
793076	  980.1	  564.1	  301.0	.
793078	  979.9	  564.0	  301.0	.
793080	  981.6	  562.8	  301.0	.
793082	  983.4	  563.8	  301.0	.
793084	  983.9	  565.0	  302.0	.
793086	  984.4	  564.3	  305.0	.
793088	  984.5	  563.5	  306.0	.
793090	  984.7	  563.4	  306.0	.
793092	  983.8	  563.4	  306.0	.
793094	  984.1	  563.5	  306.0	.
793096	  983.4	  561.7	  306.0	.
793098	  983.6	  561.3	  305.0	.
793100	  982.9	  561.9	  305.0	.
793102	  983.1	  562.3	  305.0	.
793104	  982.9	  560.6	  305.0	.
793106	  982.6	  561.0	  305.0	.
793108	  982.2	  560.9	  304.0	.
793110	  981.6	  560.9	  304.0	.
793112	  981.2	  560.9	  304.0	.
793114	  981.1	  560.8	  303.0	.
793116	  981.0	  561.3	  302.0	.
793118	  981.1	  561.7	  304.0	.
793120	  980.9	  560.8	  303.0	.
793122	  981.0	  559.9	  303.0	.
793124	  980.9	  559.9	  301.0	.
793126	  981.0	  559.5	  301.0	.
793128	  981.0	  559.1	  301.0	.
793130	  981.4	  560.5	  301.0	.
793132	  982.2	  560.4	  300.0	.
793134	  983.2	  560.3	  299.0	.
793136	  983.2	  560.9	  300.0	.
793138	  983.1	  561.0	  299.0	.
793140	  982.8	  561.1	  299.0	.
793142	  983.2	  561.4	  300.0	.
793144	  982.8	  561.9	  300.0	.
793146	  983.1	  562.2	  300.0	.
793148	  983.3	  562.6	  301.0	.
793150	  983.3	  562.2	  300.0	.
793152	  983.3	  562.8	  300.0	.
793154	  984.4	  563.2	  299.0	.
793156	  984.6	  560.0	  299.0	.
793158	  984.6	  556.7	  298.0	.
793160	  983.2	  555.2	  298.0	.
793162	  982.1	  554.8	  299.0	.
EFIX L   790988	793162	2176	  976.1	  552.5	    290
SSACC L  793164
793164	  978.3	  554.8	  298.0	.
793166	  978.3	  543.3	  298.0	.
793168	  979.0	  542.9	  298.0	.
793170	  981.3	  543.0	  298.0	.
ESACC L  793164	793170	8	  978.3	  554.8	  979.0	  542.9	   0.33	     46
SFIX L   793172
793172	  982.2	  543.3	  298.0	.
793174	  982.5	  543.4	  298.0	.
793176	  984.2	  543.2	  295.0	.
793178	  984.4	  544.6	  294.0	.
793180	  984.2	  545.1	  294.0	.
793182	  984.7	  545.1	  294.0	.
793184	  984.6	  545.1	  295.0	.
793186	  984.5	  545.1	  296.0	.
793188	  983.7	  545.3	  298.0	.
793190	  982.8	  545.5	  298.0	.
793192	  980.8	  545.9	  298.0	.
793194	  980.3	  548.8	  298.0	.
793196	  980.0	  549.0	  298.0	.
793198	  980.0	  550.0	  298.0	.
793200	  980.0	  549.7	  298.0	.
793202	  979.6	  550.2	  298.0	.
793204	  980.0	  550.0	  298.0	.
793206	  980.3	  550.9	  297.0	.
793208	  981.2	  551.7	  296.0	.
793210	  981.3	  551.7	  296.0	.
793212	  981.6	  551.6	  296.0	.
793214	  981.2	  552.4	  296.0	.
793216	  980.9	  553.1	  296.0	.
793218	  980.4	  552.9	  295.0	.
793220	  980.2	  554.4	  295.0	.
793222	  980.2	  555.9	  294.0	.
793224	  980.2	  556.1	  293.0	.
793226	  979.6	  556.4	  293.0	.
793228	  979.1	  555.0	  293.0	.
793230	  978.8	  553.6	  293.0	.
793232	  978.8	  553.0	  293.0	.
793234	  978.7	  552.4	  293.0	.
793236	  978.8	  551.8	  293.0	.
793238	  977.9	  551.4	  293.0	.
793240	  978.5	  551.2	  293.0	.
793242	  977.6	  551.2	  293.0	.
793244	  976.9	  550.7	  294.0	.
793246	  976.6	  550.0	  293.0	.
793248	  976.3	  548.3	  293.0	.
793250	  976.3	  548.2	  293.0	.
793252	  976.4	  548.0	  293.0	.
793254	  976.2	  544.9	  292.0	.
793256	  978.0	  543.8	  291.0	.
793258	  978.5	  542.9	  291.0	.
793260	  978.6	  542.4	  291.0	.
793262	  978.6	  543.7	  291.0	.
793264	  979.1	  542.7	  293.0	.
793266	  979.6	  541.6	  293.0	.
793268	  980.0	  540.8	  293.0	.
793270	  980.3	  540.0	  293.0	.
793272	  980.8	  540.9	  292.0	.
793274	  980.2	  541.8	  291.0	.
793276	  980.0	  542.8	  291.0	.
793278	  980.0	  542.3	  292.0	.
793280	  980.1	  542.6	  292.0	.
793282	  980.3	  542.8	  294.0	.
793284	  980.5	  542.4	  293.0	.
793286	  982.4	  542.3	  294.0	.
793288	  982.4	  542.6	  293.0	.
793290	  982.6	  542.5	  293.0	.
793292	  982.7	  543.3	  293.0	.
793294	  982.6	  541.9	  292.0	.
793296	  982.5	  542.1	  292.0	.
793298	  982.0	  542.4	  293.0	.
793300	  982.7	  544.1	  293.0	.
793302	  982.5	  546.6	  293.0	.
793304	  982.2	  546.3	  292.0	.
793306	  982.3	  547.5	  292.0	.
793308	  984.2	  548.3	  290.0	.
793310	  983.4	  549.6	  290.0	.
793312	  983.4	  549.6	  290.0	.
793314	  983.5	  549.7	  290.0	.
793316	  982.5	  550.4	  290.0	.
793318	  981.7	  550.5	  290.0	.
793320	  982.1	  550.6	  290.0	.
793322	  982.3	  550.9	  290.0	.
793324	  982.3	  550.9	  291.0	.
793326	  983.5	  550.7	  291.0	.
793328	  983.8	  553.6	  288.0	.
793330	  984.3	  554.8	  288.0	.
793332	  985.2	  554.8	  288.0	.
793334	  984.0	  554.6	  289.0	.
793336	  984.4	  554.0	  290.0	.
793338	  984.7	  551.8	  290.0	.
793340	  985.0	  551.4	  290.0	.
793342	  984.5	  551.4	  290.0	.
793344	  983.9	  552.2	  289.0	.
793346	  983.5	  551.7	  288.0	.
793348	  983.4	  550.9	  288.0	.
793350	  983.6	  552.5	  288.0	.
793352	  982.9	  552.1	  287.0	.
793354	  983.4	  551.5	  287.0	.
793356	  983.7	  549.0	  287.0	.
793358	  982.8	  548.9	  287.0	.
793360	  982.7	  548.7	  287.0	.
793362	  982.7	  548.0	  289.0	.
793364	  983.7	  550.0	  289.0	.
793366	  984.5	  549.1	  288.0	.
793368	  985.1	  548.2	  288.0	.
793370	  984.2	  546.8	  288.0	.
793372	  983.1	  545.5	  288.0	.
793374	  983.7	  545.4	  288.0	.
793376	  982.6	  545.6	  288.0	.
793378	  983.0	  545.2	  288.0	.
793380	  982.5	  545.5	  288.0	.
793382	  981.9	  544.7	  288.0	.
793384	  981.3	  544.8	  288.0	.
793386	  981.2	  544.6	  288.0	.
793388	  981.1	  543.7	  289.0	.
793390	  980.6	  544.7	  289.0	.
793392	  980.4	  545.9	  289.0	.
793394	  980.4	  546.1	  289.0	.
793396	  980.4	  546.3	  289.0	.
793398	  980.8	  544.9	  289.0	.
793400	  979.8	  545.3	  289.0	.
793402	  978.8	  545.7	  289.0	.
793404	  979.2	  547.3	  289.0	.
793406	  979.4	  547.3	  287.0	.
793408	  979.3	  548.2	  287.0	.
793410	  979.9	  546.9	  287.0	.
793412	  979.7	  545.8	  285.0	.
793414	  979.6	  545.9	  285.0	.
793416	  979.6	  545.6	  285.0	.
793418	  979.7	  546.8	  285.0	.
793420	  979.1	  548.2	  285.0	.
793422	  978.8	  548.8	  285.0	.
793424	  978.7	  549.5	  285.0	.
793426	  978.4	  548.3	  285.0	.
793428	  978.5	  550.1	  285.0	.
793430	  977.8	  549.3	  285.0	.
793432	  977.7	  548.5	  285.0	.
793434	  977.8	  548.1	  284.0	.
793436	  977.7	  547.8	  284.0	.
793438	  978.0	  547.5	  285.0	.
793440	  977.8	  547.6	  285.0	.
793442	  977.7	  547.7	  285.0	.
793444	  977.7	  547.3	  286.0	.
793446	  978.4	  546.6	  286.0	.
793448	  978.1	  546.2	  286.0	.
793450	  978.0	  545.9	  286.0	.
793452	  978.2	  545.7	  286.0	.
793454	  978.0	  546.0	  286.0	.
793456	  978.2	  545.6	  286.0	.
793458	  978.2	  545.2	  286.0	.
793460	  978.2	  545.3	  285.0	.
793462	  978.8	  545.2	  285.0	.
793464	  978.7	  543.3	  286.0	.
793466	  978.8	  543.8	  286.0	.
793468	  978.8	  543.3	  285.0	.
793470	  979.2	  543.0	  285.0	.
793472	  979.7	  542.8	  284.0	.
793474	  979.9	  543.3	  284.0	.
793476	  980.1	  543.5	  284.0	.
793478	  980.2	  543.5	  282.0	.
793480	  980.2	  543.4	  282.0	.
793482	  980.4	  543.2	  283.0	.
793484	  980.4	  543.5	  283.0	.
793486	  980.3	  543.4	  283.0	.
793488	  980.8	  543.3	  286.0	.
793490	  980.3	  544.0	  286.0	.
793492	  979.8	  544.8	  286.0	.
793494	  979.7	  544.4	  286.0	.
793496	  979.9	  546.1	  287.0	.
793498	  978.3	  546.2	  287.0	.
793500	  979.3	  546.5	  287.0	.
793502	  980.1	  545.2	  287.0	.
793504	  980.5	  545.2	  284.0	.
793506	  980.8	  545.1	  282.0	.
793508	  980.1	  545.6	  282.0	.
793510	  979.9	  546.0	  282.0	.
793512	  980.0	  545.8	  283.0	.
793514	  979.1	  546.9	  284.0	.
793516	  979.4	  547.9	  283.0	.
793518	  979.6	  548.6	  283.0	.
793520	  980.0	  548.7	  283.0	.
793522	  979.7	  548.6	  283.0	.
793524	  980.1	  549.2	  283.0	.
793526	  979.5	  548.1	  283.0	.
793528	  979.6	  546.9	  283.0	.
793530	  979.7	  546.7	  281.0	.
793532	  979.7	  546.6	  280.0	.
793534	  979.6	  546.5	  280.0	.
793536	  980.1	  546.4	  280.0	.
793538	  979.9	  547.2	  280.0	.
793540	  979.9	  548.1	  282.0	.
793542	  980.0	  548.5	  285.0	.
793544	  980.0	  548.9	  285.0	.
793546	  979.9	  547.0	  284.0	.
793548	  979.9	  546.4	  284.0	.
793550	  980.9	  546.1	  281.0	.
793552	  981.4	  546.0	  281.0	.
793554	  981.2	  544.1	  281.0	.
793556	  981.1	  543.5	  281.0	.
793558	  981.3	  543.6	  281.0	.
793560	  981.5	  543.8	  280.0	.
793562	  981.4	  544.7	  281.0	.
793564	  981.4	  544.0	  281.0	.
793566	  981.4	  543.2	  281.0	.
793568	  981.3	  543.2	  281.0	.
793570	  981.2	  543.1	  281.0	.
793572	  982.0	  542.7	  280.0	.
793574	  982.1	  544.1	  281.0	.
793576	  981.8	  544.7	  281.0	.
793578	  981.5	  544.7	  281.0	.
793580	  981.5	  546.2	  282.0	.
793582	  981.7	  546.4	  281.0	.
793584	  981.8	  546.5	  280.0	.
793586	  981.5	  546.6	  281.0	.
793588	  981.0	  544.9	  282.0	.
793590	  980.6	  544.0	  283.0	.
793592	  980.2	  543.8	  283.0	.
793594	  980.9	  543.3	  283.0	.
793596	  981.5	  543.0	  282.0	.
793598	  982.4	  543.3	  282.0	.
793600	  982.6	  543.6	  283.0	.
793602	  983.1	  545.7	  285.0	.
793604	  983.2	  547.8	  285.0	.
793606	  983.2	  547.9	  285.0	.
793608	  982.8	  547.9	  285.0	.
793610	  982.6	  548.9	  285.0	.
793612	  981.6	  548.7	  284.0	.
793614	  981.9	  548.7	  284.0	.
793616	  981.3	  548.8	  279.0	.
793618	  981.3	  548.8	  279.0	.
793620	  981.4	  548.8	  279.0	.
793622	  981.7	  550.3	  279.0	.
793624	  982.0	  550.5	  278.0	.
793626	  982.2	  550.1	  278.0	.
793628	  982.0	  549.6	  278.0	.
793630	  981.8	  548.2	  280.0	.
793632	  981.3	  546.8	  280.0	.
793634	  981.6	  547.8	  281.0	.
793636	  981.4	  548.7	  281.0	.
793638	  981.5	  548.4	  281.0	.
793640	  981.2	  550.3	  281.0	.
793642	  981.7	  549.4	  280.0	.
793644	  982.0	  549.1	  280.0	.
793646	  982.1	  548.9	  279.0	.
793648	  982.3	  549.2	  279.0	.
793650	  982.8	  549.4	  277.0	.
793652	  983.1	  549.4	  277.0	.
793654	  983.3	  549.5	  278.0	.
793656	  983.5	  550.3	  278.0	.
793658	  983.2	  550.4	  278.0	.
793660	  982.8	  549.0	  279.0	.
793662	  983.1	  549.5	  278.0	.
793664	  982.9	  550.0	  279.0	.
793666	  982.5	  549.8	  280.0	.
793668	  982.6	  549.9	  280.0	.
793670	  982.2	  550.1	  280.0	.
793672	  981.7	  549.6	  280.0	.
793674	  982.0	  549.0	  280.0	.
793676	  982.1	  551.0	  281.0	.
793678	  982.0	  550.7	  281.0	.
793680	  982.6	  550.5	  281.0	.
793682	  981.4	  550.8	  282.0	.
793684	  981.4	  550.9	  280.0	.
793686	  981.3	  549.7	  281.0	.
793688	  979.7	  550.4	  282.0	.
793690	  979.8	  547.9	  282.0	.
793692	  979.8	  547.7	  282.0	.
793694	  979.7	  548.0	  282.0	.
793696	  980.2	  546.5	  282.0	.
793698	  980.7	  546.5	  281.0	.
793700	  980.9	  546.3	  281.0	.
793702	  980.4	  546.7	  282.0	.
793704	  979.9	  546.3	  285.0	.
793706	  979.5	  546.9	  285.0	.
793708	  979.2	  546.6	  283.0	.
793710	  979.4	  546.1	  283.0	.
793712	  979.5	  545.8	  281.0	.
793714	  979.5	  545.6	  281.0	.
793716	  979.3	  543.3	  281.0	.
793718	  979.4	  545.7	  281.0	.
793720	  979.2	  545.5	  283.0	.
793722	  979.0	  545.5	  283.0	.
793724	  979.4	  544.8	  283.0	.
793726	  978.5	  544.3	  282.0	.
793728	  978.8	  544.7	  282.0	.
793730	  978.0	  544.0	  283.0	.
793732	  977.8	  543.3	  283.0	.
793734	  977.8	  543.0	  283.0	.
793736	  978.0	  543.5	  283.0	.
793738	  978.4	  542.9	  283.0	.
793740	  978.8	  542.2	  283.0	.
793742	  979.0	  541.3	  283.0	.
793744	  979.2	  540.8	  283.0	.
793746	  979.7	  540.8	  283.0	.
793748	  979.1	  540.9	  284.0	.
793750	  979.1	  540.6	  284.0	.
793752	  979.1	  541.9	  284.0	.
793754	  979.0	  543.2	  284.0	.
793756	  978.6	  543.6	  284.0	.
793758	  978.3	  543.7	  284.0	.
793760	  978.1	  543.8	  285.0	.
793762	  978.4	  548.5	  285.0	.
793764	  977.9	  548.1	  285.0	.
793766	  978.6	  548.3	  285.0	.
793768	  978.6	  548.5	  285.0	.
793770	  978.6	  547.6	  284.0	.
793772	  978.4	  548.0	  284.0	.
793774	  978.1	  548.1	  284.0	.
793776	  977.7	  548.1	  285.0	.
793778	  977.4	  551.2	  285.0	.
793780	  977.1	  554.2	  286.0	.
793782	  975.1	  556.2	  286.0	.
793784	  974.8	  557.8	  286.0	.
793786	  974.3	  557.9	  286.0	.
793788	  975.1	  557.9	  288.0	.
793790	  974.9	  558.2	  288.0	.
793792	  975.5	  558.6	  288.0	.
793794	  975.2	  558.8	  288.0	.
793796	  974.8	  558.9	  289.0	.
793798	  973.6	  559.8	  289.0	.
793800	  973.7	  560.4	  290.0	.
793802	  973.6	  561.2	  289.0	.
793804	  973.9	  561.8	  288.0	.
793806	  974.3	  561.3	  287.0	.
793808	  975.2	  562.3	  287.0	.
793810	  975.3	  562.0	  287.0	.
793812	  975.3	  562.5	  286.0	.
793814	  975.5	  562.9	  287.0	.
793816	  975.4	  562.3	  287.0	.
793818	  975.3	  561.8	  287.0	.
793820	  975.5	  560.0	  288.0	.
793822	  975.7	  556.1	  290.0	.
793824	  976.4	  556.4	  290.0	.
793826	  976.5	  555.4	  289.0	.
793828	  976.4	  555.5	  289.0	.
793830	  978.1	  555.3	  289.0	.
793832	  978.5	  554.6	  289.0	.
793834	  979.1	  554.0	  289.0	.
793836	  979.8	  553.7	  289.0	.
793838	  980.1	  553.9	  289.0	.
793840	  979.8	  553.3	  288.0	.
793842	  980.6	  552.9	  288.0	.
793844	  980.2	  553.0	  288.0	.
793846	  980.7	  552.9	  288.0	.
793848	  980.5	  552.8	  288.0	.
793850	  980.4	  552.9	  288.0	.
793852	  980.1	  553.1	  288.0	.
793854	  978.6	  554.1	  288.0	.
793856	  978.5	  554.8	  289.0	.
793858	  978.5	  554.8	  289.0	.
793860	  978.7	  555.1	  288.0	.
793862	  978.7	  555.4	  289.0	.
793864	  978.6	  556.0	  289.0	.
793866	  979.2	  558.1	  291.0	.
793868	  978.5	  560.5	  290.0	.
793870	  978.3	  561.5	  290.0	.
793872	  978.1	  562.4	  290.0	.
793874	  977.9	  561.4	  290.0	.
793876	  977.2	  560.4	  292.0	.
793878	  976.6	  560.2	  292.0	.
793880	  976.4	  560.2	  291.0	.
793882	  976.7	  561.2	  291.0	.
793884	  976.2	  561.2	  290.0	.
793886	  975.9	  562.6	  292.0	.
MSG	793887 DSP: STIM
793888	  975.8	  562.6	  294.0	.
793890	  975.9	  564.0	  295.0	.
793892	  975.4	  564.3	  295.0	.
793894	  976.3	  563.9	  296.0	.
793896	  975.4	  563.8	  296.0	.
793898	  975.8	  563.5	  296.0	.
793900	  976.2	  563.1	  296.0	.
793902	  975.2	  564.0	  296.0	.
793904	  974.7	  564.7	  297.0	.
793906	  974.7	  565.5	  297.0	.
793908	  974.7	  565.4	  297.0	.
793910	  974.7	  565.0	  297.0	.
793912	  974.9	  564.6	  297.0	.
793914	  974.9	  563.7	  296.0	.
793916	  974.9	  563.8	  296.0	.
793918	  975.2	  562.5	  296.0	.
793920	  975.5	  561.3	  296.0	.
793922	  975.6	  561.5	  296.0	.
793924	  975.6	  561.6	  295.0	.
793926	  974.9	  563.0	  295.0	.
793928	  974.1	  563.7	  296.0	.
793930	  973.8	  561.0	  296.0	.
793932	  973.7	  561.5	  299.0	.
793934	  973.6	  562.1	  299.0	.
793936	  973.7	  565.7	  298.0	.
793938	  973.2	  565.8	  298.0	.
793940	  973.0	  565.8	  298.0	.
793942	  972.9	  565.8	  298.0	.
793944	  973.0	  565.7	  298.0	.
793946	  972.5	  562.7	  298.0	.
793948	  972.8	  562.2	  295.0	.
793950	  972.7	  565.4	  295.0	.
793952	  973.0	  565.2	  294.0	.
793954	  973.2	  564.9	  294.0	.
793956	  973.4	  566.5	  294.0	.
793958	  973.3	  565.8	  294.0	.
793960	  973.2	  565.7	  295.0	.
793962	  973.3	  565.9	  296.0	.
793964	  973.3	  566.2	  298.0	.
793966	  973.1	  565.4	  298.0	.
793968	  973.1	  564.7	  298.0	.
793970	  973.0	  563.1	  298.0	.
793972	  973.4	  561.5	  298.0	.
793974	  973.1	  559.6	  298.0	.
793976	  972.9	  559.0	  298.0	.
793978	  973.2	  558.1	  298.0	.
793980	  973.7	  557.5	  298.0	.
793982	  972.9	  557.6	  299.0	.
793984	  973.5	  557.5	  299.0	.
793986	  974.0	  557.2	  299.0	.
793988	  974.2	  557.0	  300.0	.
793990	  974.2	  556.2	  300.0	.
793992	  974.0	  557.2	  300.0	.
793994	  973.6	  556.2	  299.0	.
793996	  972.6	  555.4	  300.0	.
793998	  972.6	  556.4	  301.0	.
794000	  972.6	  556.6	  303.0	.
794002	  971.7	  556.4	  303.0	.
794004	  973.2	  557.4	  303.0	.
794006	  973.3	  558.6	  297.0	.
794008	  973.5	  561.1	  297.0	.
794010	  973.6	  561.3	  301.0	.
794012	  972.8	  561.3	  301.0	.
794014	  972.4	  561.2	  301.0	.
794016	  972.3	  561.9	  301.0	.
794018	  972.2	  562.5	  301.0	.
794020	  972.4	  564.4	  301.0	.
794022	  972.6	  564.6	  301.0	.
794024	  972.6	  564.8	  301.0	.
794026	  972.7	  564.5	  301.0	.
794028	  973.8	  564.6	  301.0	.
794030	  973.9	  565.0	  301.0	.
794032	  973.9	  565.0	  301.0	.
794034	  974.2	  565.1	  303.0	.
794036	  973.7	  564.4	  303.0	.
794038	  973.9	  564.4	  303.0	.
794040	  974.1	  564.2	  303.0	.
794042	  973.8	  564.3	  303.0	.
794044	  973.6	  564.3	  303.0	.
794046	  973.3	  566.4	  304.0	.
EFIX L   793172	794046	876	  979.0	  551.2	    288
SSACC L  794048
794048	  972.9	  566.3	  304.0	.
794050	  969.5	  566.2	  302.0	.
794052	  966.2	  566.5	  302.0	.
794054	  955.8	  568.2	  302.0	.
794056	  936.7	  568.9	  302.0	.
794058	  909.2	  571.1	  301.0	.
794060	  880.8	  573.6	  301.0	.
794062	  847.3	  575.2	  303.0	.
794064	  809.2	  580.6	  306.0	.
794066	  772.5	  577.8	  307.0	.
794068	  737.4	  580.7	  307.0	.
794070	  707.4	  582.5	  305.0	.
794072	  665.1	  581.8	  304.0	.
794074	  628.4	  583.0	  304.0	.
794076	  596.2	  583.2	  304.0	.
794078	  557.1	  584.1	  304.0	.
794080	  518.5	  583.6	  304.0	.
794082	  488.8	  582.3	  302.0	.
794084	  473.2	  580.8	  301.0	.
794086	  451.9	  581.4	  301.0	.
794088	  451.5	  580.8	  301.0	.
794090	  451.6	  580.3	  302.0	.
794092	  451.6	  580.0	  304.0	.
794094	  455.5	  579.7	  308.0	.
ESACC L  794048	794094	48	  972.9	  566.3	  451.6	  580.0	  12.75	    441
SFIX L   794096
794096	  455.8	  579.6	  308.0	.
794098	  458.0	  579.4	  307.0	.
794100	  458.4	  579.3	  307.0	.
794102	  458.0	  579.9	  307.0	.
794104	  458.5	  580.7	  310.0	.
794106	  457.9	  581.7	  310.0	.
794108	  457.2	  582.3	  309.0	.
794110	  457.6	  583.0	  309.0	.
794112	  457.9	  582.5	  309.0	.
794114	  457.5	  582.2	  309.0	.
794116	  457.5	  582.7	  309.0	.
794118	  457.5	  581.7	  308.0	.
794120	  457.6	  582.8	  307.0	.
794122	  457.6	  582.2	  307.0	.
794124	  457.6	  581.6	  306.0	.
794126	  457.5	  580.6	  306.0	.
794128	  457.9	  579.6	  306.0	.
794130	  458.3	  579.5	  305.0	.
794132	  458.8	  580.2	  306.0	.
794134	  458.8	  580.4	  306.0	.
794136	  458.8	  580.3	  308.0	.
794138	  457.9	  580.8	  308.0	.
794140	  457.0	  581.4	  308.0	.
794142	  457.0	  582.5	  308.0	.
794144	  457.4	  582.4	  308.0	.
794146	  457.2	  580.1	  308.0	.
794148	  457.2	  579.8	  308.0	.
794150	  457.3	  579.4	  308.0	.
794152	  457.1	  579.9	  309.0	.
794154	  458.0	  580.1	  309.0	.
794156	  458.5	  580.3	  309.0	.
794158	  458.8	  581.7	  309.0	.
794160	  458.0	  581.8	  309.0	.
794162	  458.3	  581.1	  310.0	.
794164	  458.7	  581.1	  310.0	.
794166	  460.3	  580.9	  310.0	.
794168	  460.8	  579.3	  310.0	.
794170	  460.0	  579.3	  310.0	.
794172	  459.8	  579.2	  310.0	.
794174	  459.5	  578.6	  310.0	.
794176	  458.8	  579.1	  309.0	.
794178	  459.0	  579.2	  309.0	.
794180	  459.1	  579.2	  309.0	.
794182	  460.5	  579.1	  310.0	.
794184	  460.6	  581.3	  312.0	.
794186	  460.4	  581.1	  312.0	.
794188	  460.2	  581.0	  312.0	.
794190	  459.8	  578.3	  312.0	.
794192	  459.4	  578.0	  312.0	.
794194	  458.9	  578.0	  312.0	.
794196	  459.1	  578.3	  312.0	.
794198	  459.0	  577.7	  313.0	.
794200	  458.7	  577.3	  313.0	.
794202	  458.2	  576.0	  313.0	.
794204	  457.9	  576.4	  312.0	.
794206	  457.4	  576.7	  313.0	.
794208	  457.1	  577.4	  312.0	.
794210	  456.7	  576.9	  312.0	.
794212	  456.8	  577.0	  312.0	.
794214	  456.8	  576.8	  312.0	.
794216	  457.0	  576.7	  312.0	.
794218	  456.9	  576.6	  312.0	.
794220	  456.4	  576.5	  311.0	.
794222	  455.6	  575.8	  311.0	.
794224	  456.1	  575.0	  311.0	.
794226	  456.1	  574.4	  311.0	.
794228	  456.4	  574.8	  311.0	.
794230	  456.7	  575.2	  312.0	.
794232	  456.7	  576.5	  312.0	.
794234	  456.6	  575.8	  312.0	.
794236	  456.8	  575.8	  312.0	.
794238	  456.6	  575.8	  312.0	.
794240	  456.5	  575.6	  312.0	.
794242	  456.7	  575.4	  313.0	.
794244	  456.5	  575.4	  313.0	.
794246	  456.6	  575.8	  313.0	.
794248	  456.5	  574.8	  314.0	.
794250	  456.3	  573.8	  314.0	.
794252	  457.0	  573.8	  314.0	.
794254	  457.0	  574.1	  316.0	.
794256	  457.1	  574.5	  317.0	.
794258	  456.5	  575.0	  317.0	.
794260	  456.3	  575.2	  316.0	.
794262	  457.3	  575.2	  316.0	.
794264	  457.1	  575.3	  315.0	.
794266	  456.8	  575.0	  315.0	.
794268	  456.8	  574.7	  316.0	.
794270	  456.7	  573.9	  316.0	.
794272	  456.6	  574.0	  315.0	.
794274	  456.8	  574.0	  316.0	.
794276	  455.5	  574.1	  316.0	.
794278	  454.1	  574.1	  317.0	.
794280	  454.1	  573.9	  317.0	.
794282	  455.4	  574.1	  317.0	.
794284	  456.0	  574.4	  317.0	.
794286	  456.1	  574.9	  317.0	.
794288	  456.2	  574.9	  318.0	.
794290	  456.4	  575.6	  319.0	.
794292	  456.3	  576.3	  320.0	.
794294	  456.1	  577.9	  321.0	.
794296	  456.7	  577.8	  321.0	.
794298	  456.0	  575.4	  320.0	.
794300	  455.8	  575.4	  320.0	.
794302	  455.8	  575.3	  320.0	.
794304	  455.7	  575.2	  320.0	.
794306	  455.4	  575.7	  320.0	.
794308	  455.3	  575.4	  320.0	.
794310	  455.4	  575.6	  321.0	.
794312	  455.4	  575.4	  321.0	.
794314	  455.8	  576.6	  321.0	.
794316	  456.0	  576.2	  321.0	.
794318	  456.7	  575.8	  320.0	.
EFIX L   794096	794318	224	  457.3	  577.8	    312
SSACC L  794320
794320	  457.2	  575.8	  319.0	.
794322	  461.3	  576.4	  319.0	.
794324	  467.8	  576.9	  320.0	.
794326	  475.4	  578.6	  322.0	.
794328	  501.0	  579.0	  324.0	.
794330	  527.2	  582.3	  324.0	.
794332	  566.3	  584.3	  326.0	.
794334	  601.3	  591.1	  328.0	.
794336	  642.3	  593.8	  330.0	.
794338	  695.2	  603.7	  330.0	.
794340	  745.4	  604.0	  329.0	.
794342	  793.1	  618.9	  328.0	.
794344	  842.6	  616.3	  327.0	.
794346	  895.3	  619.9	  326.0	.
794348	  944.9	  618.5	  325.0	.
794350	 1000.1	  620.5	  325.0	.
794352	 1057.0	  624.8	  324.0	.
794354	 1105.8	  624.2	  325.0	.
794356	 1158.3	  623.2	  325.0	.
794358	 1211.0	  624.9	  325.0	.
794360	 1261.8	  622.0	  325.0	.
794362	 1316.7	  624.6	  322.0	.
794364	 1362.7	  644.7	  320.0	.
794366	 1413.6	  643.3	  318.0	.
794368	 1448.5	  639.6	  317.0	.
794370	 1491.7	  640.5	  315.0	.
794372	 1519.3	  638.3	  315.0	.
794374	 1548.9	  638.7	  315.0	.
794376	 1571.4	  632.7	  315.0	.
794378	 1594.3	  630.3	  313.0	.
794380	 1597.6	  631.6	  312.0	.
794382	 1599.2	  632.0	  312.0	.
794384	 1596.3	  632.1	  315.0	.
794386	 1593.5	  632.0	  319.0	.
ESACC L  794320	794386	68	  457.2	  575.8	 1596.3	  632.1	  27.13	    674
SFIX L   794388
794388	 1590.5	  628.8	  321.0	.
794390	 1585.5	  629.9	  326.0	.
794392	 1585.3	  630.0	  326.0	.
794394	 1585.2	  630.0	  324.0	.
794396	 1585.1	  630.1	  324.0	.
794398	 1585.1	  630.1	  324.0	.
794400	 1589.4	  631.4	  319.0	.
794402	 1591.2	  631.3	  319.0	.
794404	 1592.0	  631.5	  318.0	.
794406	 1592.9	  631.1	  316.0	.
794408	 1592.1	  631.4	  315.0	.
794410	 1592.1	  631.5	  315.0	.
794412	 1592.6	  631.5	  316.0	.
794414	 1591.6	  631.7	  316.0	.
794416	 1590.8	  632.3	  316.0	.
794418	 1589.9	  631.8	  316.0	.
794420	 1589.1	  631.5	  315.0	.
794422	 1587.1	  630.5	  315.0	.
794424	 1585.4	  630.6	  315.0	.
794426	 1585.1	  630.4	  315.0	.
794428	 1582.8	  631.0	  315.0	.
794430	 1580.3	  630.3	  315.0	.
794432	 1579.3	  629.1	  316.0	.
794434	 1579.0	  628.6	  316.0	.
794436	 1578.9	  628.7	  316.0	.
794438	 1578.0	  629.0	  317.0	.
794440	 1577.3	  629.0	  317.0	.
794442	 1577.3	  629.4	  317.0	.
794444	 1577.5	  629.6	  317.0	.
794446	 1576.5	  629.8	  317.0	.
794448	 1576.4	  629.7	  317.0	.
794450	 1576.1	  628.5	  317.0	.
794452	 1575.7	  627.6	  317.0	.
794454	 1575.6	  627.7	  317.0	.
794456	 1575.7	  627.7	  318.0	.
794458	 1575.1	  627.3	  318.0	.
794460	 1575.1	  627.2	  317.0	.
794462	 1575.0	  627.1	  318.0	.
794464	 1574.7	  627.8	  318.0	.
794466	 1574.3	  628.1	  319.0	.
794468	 1574.2	  628.2	  319.0	.
794470	 1573.9	  628.4	  319.0	.
794472	 1574.0	  628.3	  319.0	.
794474	 1573.9	  628.0	  319.0	.
794476	 1573.4	  627.8	  319.0	.
794478	 1573.3	  627.6	  320.0	.
794480	 1573.3	  627.5	  320.0	.
794482	 1573.1	  627.3	  320.0	.
794484	 1573.1	  627.1	  321.0	.
794486	 1572.5	  626.5	  322.0	.
794488	 1572.0	  626.4	  322.0	.
794490	 1571.7	  625.6	  322.0	.
794492	 1571.8	  625.7	  322.0	.
794494	 1571.3	  625.8	  321.0	.
794496	 1571.5	  625.6	  321.0	.
794498	 1571.4	  625.5	  322.0	.
794500	 1572.0	  625.1	  322.0	.
794502	 1571.6	  625.1	  322.0	.
794504	 1572.0	  626.2	  322.0	.
794506	 1571.8	  625.0	  322.0	.
794508	 1572.0	  624.6	  323.0	.
794510	 1571.7	  624.7	  323.0	.
794512	 1571.4	  624.1	  323.0	.
794514	 1571.0	  623.5	  323.0	.
794516	 1571.1	  623.3	  323.0	.
794518	 1571.0	  623.2	  323.0	.
794520	 1571.6	  622.7	  323.0	.
794522	 1571.7	  622.8	  324.0	.
794524	 1571.5	  621.8	  324.0	.
794526	 1571.3	  621.6	  323.0	.
794528	 1570.6	  621.5	  324.0	.
794530	 1570.5	  621.9	  324.0	.
794532	 1570.6	  622.2	  324.0	.
794534	 1570.6	  622.5	  324.0	.
794536	 1570.5	  622.8	  324.0	.
794538	 1570.3	  622.9	  324.0	.
794540	 1569.1	  622.9	  324.0	.
794542	 1569.0	  622.7	  324.0	.
794544	 1567.6	  623.9	  324.0	.
794546	 1568.3	  624.5	  323.0	.
794548	 1568.3	  625.3	  323.0	.
794550	 1568.2	  625.3	  323.0	.
794552	 1568.3	  625.1	  324.0	.
794554	 1567.6	  624.9	  326.0	.
794556	 1567.5	  625.6	  326.0	.
794558	 1567.7	  626.4	  328.0	.
794560	 1567.8	  626.5	  328.0	.
794562	 1567.8	  626.7	  328.0	.
794564	 1568.1	  627.1	  328.0	.
794566	 1567.6	  627.4	  327.0	.
794568	 1567.3	  627.5	  327.0	.
794570	 1567.4	  628.0	  327.0	.
794572	 1566.7	  628.7	  327.0	.
794574	 1566.1	  628.9	  327.0	.
794576	 1566.8	  633.0	  328.0	.
794578	 1567.1	  632.9	  328.0	.
794580	 1566.8	  630.3	  328.0	.
794582	 1566.8	  630.5	  328.0	.
794584	 1566.5	  629.9	  328.0	.
794586	 1566.5	  629.4	  329.0	.
794588	 1566.5	  630.0	  331.0	.
794590	 1566.7	  629.8	  332.0	.
794592	 1566.7	  629.7	  333.0	.
794594	 1566.8	  629.7	  335.0	.
794596	 1567.7	  628.6	  335.0	.
794598	 1568.0	  627.7	  335.0	.
794600	 1568.0	  627.2	  335.0	.
794602	 1568.1	  626.8	  333.0	.
794604	 1568.4	  624.0	  332.0	.
794606	 1568.2	  624.0	  330.0	.
794608	 1568.0	  623.4	  329.0	.
794610	 1567.3	  622.9	  329.0	.
794612	 1566.6	  622.6	  330.0	.
794614	 1566.8	  621.7	  332.0	.
794616	 1567.1	  622.2	  332.0	.
794618	 1566.7	  622.1	  333.0	.
794620	 1566.2	  622.0	  333.0	.
794622	 1565.9	  621.0	  334.0	.
794624	 1565.8	  621.2	  334.0	.
794626	 1565.3	  621.5	  333.0	.
794628	 1564.8	  621.5	  333.0	.
794630	 1562.2	  622.4	  333.0	.
794632	 1563.0	  622.3	  333.0	.
794634	 1563.1	  622.7	  333.0	.
794636	 1563.2	  623.1	  334.0	.
794638	 1562.7	  623.2	  334.0	.
794640	 1562.1	  623.7	  334.0	.
794642	 1562.5	  623.9	  335.0	.
794644	 1562.5	  623.9	  335.0	.
794646	 1562.4	  623.7	  335.0	.
794648	 1562.6	  624.7	  334.0	.
794650	 1562.8	  624.7	  334.0	.
794652	 1563.5	  624.4	  334.0	.
794654	 1563.6	  624.4	  334.0	.
794656	 1564.1	  624.3	  335.0	.
794658	 1563.9	  624.4	  335.0	.
794660	 1564.3	  625.3	  335.0	.
794662	 1564.4	  626.4	  335.0	.
794664	 1564.4	  625.9	  335.0	.
794666	 1564.3	  626.5	  335.0	.
794668	 1564.1	  626.4	  336.0	.
794670	 1564.1	  626.4	  338.0	.
794672	 1564.0	  626.4	  338.0	.
794674	 1563.8	  626.2	  338.0	.
794676	 1563.5	  625.9	  338.0	.
794678	 1563.8	  625.3	  337.0	.
794680	 1562.9	  625.3	  335.0	.
794682	 1562.1	  625.5	  335.0	.
794684	 1561.8	  625.9	  337.0	.
794686	 1561.4	  625.9	  338.0	.
794688	 1561.1	  625.9	  338.0	.
794690	 1561.0	  625.4	  338.0	.
794692	 1560.9	  625.2	  338.0	.
794694	 1560.9	  623.4	  337.0	.
794696	 1561.2	  623.5	  337.0	.
794698	 1561.8	  623.6	  338.0	.
794700	 1562.2	  623.7	  338.0	.
794702	 1561.9	  623.2	  337.0	.
794704	 1561.6	  622.8	  337.0	.
794706	 1561.4	  622.7	  336.0	.
794708	 1561.2	  622.7	  336.0	.
794710	 1559.6	  623.0	  336.0	.
EFIX L   794388	794710	324	 1571.1	  626.4	    326
SSACC L  794712
794712	 1557.3	  623.4	  336.0	.
794714	 1557.2	  623.3	  336.0	.
794716	 1547.3	  626.2	  337.0	.
794718	 1533.2	  628.4	  338.0	.
794720	 1505.1	  634.8	  339.0	.
794722	 1471.0	  637.8	  343.0	.
794724	 1430.7	  638.2	  344.0	.
794726	 1385.8	  638.4	  353.0	.
794728	 1339.0	  638.3	  357.0	.
794730	 1289.4	  638.6	  357.0	.
794732	 1237.1	  642.1	  357.0	.
794734	 1188.7	  625.9	  356.0	.
794736	 1130.5	  635.0	  355.0	.
794738	 1086.1	  634.6	  353.0	.
794740	 1030.7	  639.2	  353.0	.
794742	  981.6	  644.1	  352.0	.
794744	  930.9	  643.5	  352.0	.
794746	  888.2	  647.8	  351.0	.
794748	  838.5	  649.0	  352.0	.
794750	  799.2	  644.8	  351.0	.
794752	  749.3	  642.1	  351.0	.
794754	  712.1	  644.4	  351.0	.
794756	  675.9	  644.8	  350.0	.
794758	  641.6	  643.2	  350.0	.
794760	  603.8	  641.6	  350.0	.
794762	  577.4	  633.7	  351.0	.
794764	  546.3	  629.2	  352.0	.
794766	  524.3	  630.7	  352.0	.
794768	  503.4	  632.1	  352.0	.
794770	  485.4	  631.0	  352.0	.
794772	  471.3	  629.6	  353.0	.
794774	  470.1	  624.2	  353.0	.
794776	  469.7	  622.9	  354.0	.
794778	  470.0	  620.7	  354.0	.
ESACC L  794712	794778	68	 1557.3	  623.4	  469.7	  622.9	  25.96	    656
SFIX L   794780
794780	  470.5	  621.6	  355.0	.
794782	  473.1	  621.5	  355.0	.
794784	  473.6	  621.6	  354.0	.
794786	  472.8	  621.3	  355.0	.
794788	  472.0	  622.0	  356.0	.
794790	  470.3	  622.7	  356.0	.
794792	  471.5	  624.2	  357.0	.
794794	  472.6	  624.7	  359.0	.
794796	  473.6	  624.6	  359.0	.
794798	  474.7	  624.6	  359.0	.
794800	  475.4	  624.7	  359.0	.
794802	  475.2	  624.9	  358.0	.
794804	  474.8	  624.9	  358.0	.
794806	  473.7	  624.9	  358.0	.
794808	  472.8	  624.0	  357.0	.
794810	  472.5	  624.0	  357.0	.
794812	  472.4	  623.9	  356.0	.
794814	  472.3	  622.5	  356.0	.
794816	  471.8	  622.4	  355.0	.
794818	  471.8	  622.3	  355.0	.
794820	  471.6	  621.7	  355.0	.
794822	  471.5	  621.1	  355.0	.
794824	  471.1	  621.0	  355.0	.
794826	  470.6	  621.6	  354.0	.
794828	  470.8	  621.7	  354.0	.
794830	  471.2	  621.7	  355.0	.
794832	  470.3	  621.8	  355.0	.
794834	  470.1	  621.8	  355.0	.
794836	  469.9	  621.2	  353.0	.
794838	  469.9	  621.2	  353.0	.
794840	  469.4	  621.2	  353.0	.
794842	  469.0	  620.3	  353.0	.
794844	  468.5	  620.1	  353.0	.
794846	  468.3	  620.2	  354.0	.
794848	  468.2	  619.7	  354.0	.
794850	  468.7	  619.2	  354.0	.
794852	  468.7	  619.5	  355.0	.
794854	  468.9	  618.7	  355.0	.
794856	  468.7	  617.9	  355.0	.
794858	  468.8	  618.2	  355.0	.
794860	  468.9	  618.1	  355.0	.
794862	  468.0	  618.1	  356.0	.
794864	  467.1	  618.9	  356.0	.
794866	  466.8	  619.2	  355.0	.
794868	  466.8	  619.2	  354.0	.
794870	  466.9	  619.2	  354.0	.
794872	  466.7	  618.6	  354.0	.
794874	  466.6	  618.7	  354.0	.
794876	  466.6	  618.8	  353.0	.
794878	  466.5	  618.8	  353.0	.
794880	  465.1	  618.8	  353.0	.
794882	  464.6	  619.4	  353.0	.
794884	  464.5	  618.3	  354.0	.
794886	  464.6	  617.2	  354.0	.
794888	  464.0	  617.2	  354.0	.
794890	  463.9	  616.9	  354.0	.
794892	  463.7	  616.8	  354.0	.
794894	  462.3	  616.6	  354.0	.
794896	  462.4	  616.5	  354.0	.
794898	  462.5	  616.3	  354.0	.
794900	  462.5	  616.0	  354.0	.
794902	  462.4	  615.7	  355.0	.
794904	  461.9	  615.9	  355.0	.
794906	  460.7	  615.8	  353.0	.
794908	  460.8	  615.5	  353.0	.
794910	  460.7	  614.8	  353.0	.
794912	  460.6	  613.4	  355.0	.
794914	  460.5	  613.5	  355.0	.
794916	  458.2	  613.4	  356.0	.
794918	  457.8	  613.6	  357.0	.
794920	  457.6	  613.6	  357.0	.
794922	  455.6	  614.0	  357.0	.
794924	  454.9	  614.2	  357.0	.
794926	  454.6	  613.4	  357.0	.
794928	  455.2	  612.4	  357.0	.
794930	  454.8	  612.8	  357.0	.
794932	  454.5	  613.1	  357.0	.
794934	  454.4	  612.2	  357.0	.
794936	  454.6	  611.2	  358.0	.
794938	  454.1	  611.3	  359.0	.
794940	  453.9	  611.4	  359.0	.
794942	  453.4	  611.6	  359.0	.
794944	  453.3	  613.9	  360.0	.
794946	  453.3	  613.3	  360.0	.
794948	  453.6	  612.7	  360.0	.
794950	  453.7	  612.7	  360.0	.
794952	  454.0	  612.7	  360.0	.
794954	  453.9	  612.4	  361.0	.
794956	  454.1	  612.1	  361.0	.
794958	  454.0	  611.0	  361.0	.
794960	  454.3	  610.0	  362.0	.
794962	  454.6	  610.0	  362.0	.
794964	  454.3	  609.9	  361.0	.
794966	  453.8	  610.1	  361.0	.
794968	  454.0	  610.4	  362.0	.
794970	  453.9	  610.5	  363.0	.
794972	  454.0	  610.1	  363.0	.
794974	  453.4	  610.6	  363.0	.
794976	  453.9	  610.2	  362.0	.
794978	  452.9	  610.7	  362.0	.
794980	  452.1	  610.7	  362.0	.
794982	  451.6	  611.4	  363.0	.
794984	  451.4	  611.3	  364.0	.
794986	  451.3	  611.3	  365.0	.
794988	  451.4	  611.5	  366.0	.
794990	  451.2	  611.2	  366.0	.
794992	  451.1	  611.3	  366.0	.
794994	  451.0	  611.2	  366.0	.
794996	  451.0	  610.2	  367.0	.
794998	  450.9	  610.5	  368.0	.
795000	  451.0	  610.2	  368.0	.
795002	  450.3	  610.3	  368.0	.
795004	  450.5	  610.5	  368.0	.
795006	  450.6	  609.9	  368.0	.
795008	  451.0	  609.5	  368.0	.
795010	  450.9	  609.2	  368.0	.
795012	  451.1	  609.5	  368.0	.
795014	  450.6	  609.7	  368.0	.
795016	  450.6	  610.3	  369.0	.
795018	  450.5	  610.3	  369.0	.
795020	  450.3	  609.8	  370.0	.
795022	  450.1	  609.7	  370.0	.
795024	  450.5	  609.7	  370.0	.
795026	  450.2	  608.5	  370.0	.
795028	  450.3	  608.4	  369.0	.
795030	  450.0	  608.1	  369.0	.
795032	  450.0	  608.1	  369.0	.
795034	  449.9	  607.9	  368.0	.
795036	  450.1	  607.2	  369.0	.
795038	  450.3	  606.3	  369.0	.
795040	  450.0	  605.2	  369.0	.
795042	  450.4	  604.7	  370.0	.
795044	  450.8	  604.9	  370.0	.
795046	  450.7	  604.5	  370.0	.
795048	  450.7	  604.9	  373.0	.
795050	  450.2	  605.1	  373.0	.
795052	  449.7	  605.6	  372.0	.
795054	  449.5	  605.7	  372.0	.
795056	  449.8	  606.0	  371.0	.
795058	  449.7	  604.6	  370.0	.
795060	  449.6	  603.3	  370.0	.
795062	  449.4	  603.2	  371.0	.
795064	  450.0	  604.9	  372.0	.
795066	  450.2	  605.1	  372.0	.
795068	  450.3	  605.4	  372.0	.
795070	  450.3	  605.5	  372.0	.
795072	  450.3	  605.3	  372.0	.
795074	  450.1	  604.8	  372.0	.
795076	  450.6	  605.0	  372.0	.
795078	  451.0	  605.0	  372.0	.
795080	  452.0	  605.2	  373.0	.
795082	  451.4	  605.3	  375.0	.
795084	  451.7	  605.8	  375.0	.
795086	  452.0	  605.8	  374.0	.
795088	  451.6	  605.5	  374.0	.
795090	  451.2	  605.4	  374.0	.
795092	  451.7	  605.5	  379.0	.
795094	  451.0	  605.5	  379.0	.
795096	  450.2	  605.6	  379.0	.
795098	  451.1	  605.8	  379.0	.
795100	  450.9	  606.2	  380.0	.
795102	  451.7	  606.0	  380.0	.
795104	  451.4	  606.2	  379.0	.
795106	  451.4	  606.5	  376.0	.
795108	  451.1	  606.5	  376.0	.
795110	  451.4	  606.3	  376.0	.
795112	  451.0	  606.2	  375.0	.
795114	  452.1	  605.9	  375.0	.
795116	  452.9	  605.6	  375.0	.
795118	  453.6	  604.9	  377.0	.
795120	  453.5	  605.1	  377.0	.
795122	  453.2	  605.1	  377.0	.
795124	  452.7	  605.0	  378.0	.
795126	  452.1	  605.0	  379.0	.
795128	  451.5	  603.5	  379.0	.
795130	  451.4	  603.0	  379.0	.
795132	  452.6	  602.5	  379.0	.
795134	  454.1	  601.7	  378.0	.
795136	  452.0	  601.7	  378.0	.
795138	  451.8	  601.5	  378.0	.
795140	  451.9	  602.1	  378.0	.
795142	  451.5	  600.0	  378.0	.
795144	  451.9	  597.9	  380.0	.
795146	  452.6	  598.1	  380.0	.
795148	  452.3	  596.8	  381.0	.
795150	  452.6	  597.5	  382.0	.
795152	  452.6	  598.3	  382.0	.
795154	  452.4	  599.4	  382.0	.
795156	  452.4	  599.6	  382.0	.
795158	  452.6	  599.8	  381.0	.
795160	  452.4	  602.6	  381.0	.
795162	  452.1	  600.1	  382.0	.
795164	  452.5	  601.1	  382.0	.
795166	  451.8	  599.4	  382.0	.
795168	  451.1	  598.7	  382.0	.
795170	  450.5	  598.3	  382.0	.
795172	  450.3	  598.0	  383.0	.
795174	  450.2	  598.8	  384.0	.
795176	  451.1	  599.5	  384.0	.
795178	  450.7	  600.0	  383.0	.
795180	  450.8	  600.5	  383.0	.
795182	  450.7	  599.1	  385.0	.
795184	  450.7	  597.7	  387.0	.
795186	  450.2	  592.6	  389.0	.
795188	  449.8	  593.1	  389.0	.
795190	  449.5	  592.3	  390.0	.
795192	  449.3	  592.3	  390.0	.
795194	  448.8	  592.7	  390.0	.
795196	  448.9	  592.7	  391.0	.
795198	  448.8	  594.1	  391.0	.
795200	  448.8	  594.8	  390.0	.
795202	  449.1	  594.9	  389.0	.
795204	  448.5	  594.3	  389.0	.
795206	  448.8	  597.3	  389.0	.
795208	  449.1	  597.8	  389.0	.
795210	  448.3	  597.0	  389.0	.
795212	  447.7	  596.3	  390.0	.
795214	  446.1	  596.0	  390.0	.
795216	  446.4	  595.6	  391.0	.
795218	  446.6	  595.1	  391.0	.
795220	  447.4	  595.2	  391.0	.
795222	  447.9	  595.3	  391.0	.
795224	  449.0	  595.9	  390.0	.
795226	  447.8	  596.5	  390.0	.
795228	  447.9	  596.6	  390.0	.
795230	  448.1	  597.7	  390.0	.
795232	  448.4	  597.2	  390.0	.
795234	  447.9	  596.7	  389.0	.
795236	  447.6	  597.6	  391.0	.
795238	  447.2	  595.9	  392.0	.
795240	  446.9	  595.4	  392.0	.
795242	  446.7	  594.7	  393.0	.
795244	  446.6	  593.1	  393.0	.
795246	  446.5	  592.4	  393.0	.
795248	  446.5	  592.3	  394.0	.
795250	  446.8	  592.1	  397.0	.
795252	  446.8	  590.5	  396.0	.
795254	  446.8	  592.3	  396.0	.
795256	  446.9	  592.4	  396.0	.
795258	  446.8	  592.5	  397.0	.
795260	  446.8	  592.5	  397.0	.
795262	  446.7	  592.5	  396.0	.
795264	  444.3	  591.2	  396.0	.
795266	  441.7	  588.1	  396.0	.
EFIX L   794780	795266	488	  455.9	  608.4	    369
SSACC L  795268
795268	  438.8	  583.4	  396.0	.
795270	  438.3	  577.5	  396.0	.
795272	  439.2	  569.4	  396.0	.
795274	  440.2	  563.1	  396.0	.
ESACC L  795268	795274	8	  438.8	  583.4	  439.2	  569.4	   0.38	     75
SFIX L   795276
795276	  441.1	  562.7	  396.0	.
795278	  442.0	  562.8	  396.0	.
795280	  443.3	  562.5	  396.0	.
795282	  444.4	  562.0	  397.0	.
795284	  445.1	  561.0	  397.0	.
795286	  444.9	  561.7	  397.0	.
795288	  444.9	  562.1	  397.0	.
795290	  444.4	  562.4	  398.0	.
795292	  444.1	  563.1	  398.0	.
795294	  442.0	  563.1	  398.0	.
795296	  441.7	  564.5	  399.0	.
795298	  441.7	  565.1	  399.0	.
795300	  441.7	  565.8	  399.0	.
795302	  440.8	  566.9	  398.0	.
795304	  440.5	  566.5	  398.0	.
795306	  440.2	  566.1	  398.0	.
795308	  439.6	  565.9	  398.0	.
795310	  439.0	  565.9	  397.0	.
795312	  439.2	  565.9	  396.0	.
795314	  438.9	  566.0	  396.0	.
795316	  439.5	  566.1	  396.0	.
795318	  440.1	  566.6	  396.0	.
795320	  441.5	  566.8	  396.0	.
795322	  440.8	  566.9	  396.0	.
795324	  440.3	  566.8	  397.0	.
795326	  438.9	  566.8	  397.0	.
795328	  437.6	  566.8	  397.0	.
795330	  437.3	  566.7	  396.0	.
795332	  437.0	  566.5	  396.0	.
795334	  436.7	  566.4	  396.0	.
795336	  436.4	  566.5	  395.0	.
795338	  436.6	  565.2	  394.0	.
795340	  435.6	  564.7	  394.0	.
795342	  435.5	  564.2	  395.0	.
795344	  436.0	  564.8	  395.0	.
795346	  436.0	  565.6	  395.0	.
795348	  436.1	  566.2	  396.0	.
795350	  435.6	  566.9	  396.0	.
795352	  435.4	  567.6	  397.0	.
795354	  435.1	  568.4	  400.0	.
795356	  435.0	  567.8	  400.0	.
795358	  434.8	  568.4	  399.0	.
795360	  434.2	  569.0	  398.0	.
795362	  434.7	  569.0	  398.0	.
795364	  434.8	  568.4	  400.0	.
795366	  434.7	  567.9	  400.0	.
795368	  435.9	  567.7	  399.0	.
795370	  436.3	  567.5	  399.0	.
795372	  436.3	  567.7	  398.0	.
795374	  436.9	  567.1	  398.0	.
795376	  436.2	  567.3	  398.0	.
795378	  435.5	  567.1	  398.0	.
795380	  435.5	  568.3	  398.0	.
795382	  436.4	  568.6	  397.0	.
795384	  436.4	  569.0	  397.0	.
795386	  436.3	  569.2	  397.0	.
795388	  436.3	  569.2	  398.0	.
795390	  436.2	  569.2	  400.0	.
795392	  436.1	  569.2	  403.0	.
795394	  436.0	  569.3	  403.0	.
795396	  435.8	  570.2	  403.0	.
795398	  435.9	  571.1	  399.0	.
795400	  435.9	  571.7	  399.0	.
795402	  436.3	  571.6	  399.0	.
795404	  436.1	  572.7	  398.0	.
795406	  436.0	  572.9	  398.0	.
795408	  435.4	  572.7	  398.0	.
795410	  435.9	  573.7	  398.0	.
795412	  436.2	  573.0	  398.0	.
795414	  436.5	  572.9	  398.0	.
795416	  436.3	  573.3	  398.0	.
795418	  436.1	  573.3	  398.0	.
795420	  435.8	  573.3	  397.0	.
795422	  435.7	  573.5	  398.0	.
795424	  435.7	  573.7	  398.0	.
795426	  435.3	  573.2	  397.0	.
795428	  435.3	  574.3	  398.0	.
795430	  435.0	  574.1	  398.0	.
795432	  434.7	  573.9	  399.0	.
795434	  434.9	  574.1	  399.0	.
795436	  434.9	  574.2	  398.0	.
795438	  434.9	  574.3	  398.0	.
795440	  434.5	  574.3	  398.0	.
795442	  434.3	  575.1	  397.0	.
795444	  434.2	  575.3	  397.0	.
795446	  434.8	  575.0	  397.0	.
795448	  435.3	  574.7	  397.0	.
795450	  435.2	  574.4	  396.0	.
795452	  435.0	  574.1	  396.0	.
795454	  435.4	  573.5	  396.0	.
795456	  435.4	  573.2	  397.0	.
795458	  435.4	  573.7	  397.0	.
795460	  435.5	  573.3	  397.0	.
795462	  435.5	  572.9	  397.0	.
795464	  435.3	  571.8	  396.0	.
795466	  435.8	  571.4	  396.0	.
795468	  435.7	  571.0	  396.0	.
795470	  435.6	  569.8	  393.0	.
795472	  435.7	  568.5	  393.0	.
795474	  435.6	  568.0	  397.0	.
795476	  436.5	  567.4	  397.0	.
795478	  436.5	  566.3	  396.0	.
795480	  436.0	  566.2	  396.0	.
795482	  435.5	  566.1	  396.0	.
795484	  435.7	  565.4	  395.0	.
795486	  435.3	  564.7	  394.0	.
795488	  435.4	  564.3	  394.0	.
795490	  435.4	  563.9	  394.0	.
795492	  435.2	  563.8	  395.0	.
795494	  435.3	  564.2	  395.0	.
795496	  435.1	  564.7	  395.0	.
795498	  434.8	  564.8	  395.0	.
795500	  434.7	  564.9	  395.0	.
795502	  434.4	  565.3	  395.0	.
795504	  434.7	  565.6	  395.0	.
795506	  434.7	  568.6	  395.0	.
795508	  434.8	  569.5	  395.0	.
795510	  434.6	  570.6	  396.0	.
795512	  434.6	  570.5	  396.0	.
795514	  434.6	  570.6	  396.0	.
795516	  434.4	  570.3	  396.0	.
795518	  434.2	  570.9	  396.0	.
795520	  433.9	  570.7	  396.0	.
795522	  433.8	  570.8	  395.0	.
795524	  433.9	  573.2	  395.0	.
795526	  433.2	  574.1	  396.0	.
795528	  432.6	  574.3	  396.0	.
795530	  432.2	  574.7	  394.0	.
795532	  432.0	  576.9	  393.0	.
795534	  431.4	  576.6	  393.0	.
795536	  431.5	  576.0	  391.0	.
795538	  431.5	  576.4	  391.0	.
795540	  430.6	  576.5	  391.0	.
795542	  429.6	  576.0	  391.0	.
795544	  429.8	  575.3	  392.0	.
795546	  429.2	  572.9	  394.0	.
795548	  429.2	  573.4	  394.0	.
795550	  429.3	  573.3	  394.0	.
795552	  429.5	  573.0	  394.0	.
795554	  430.1	  572.1	  394.0	.
795556	  430.8	  571.5	  394.0	.
795558	  431.2	  571.0	  394.0	.
795560	  431.0	  570.3	  394.0	.
795562	  431.7	  569.7	  391.0	.
795564	  431.7	  568.1	  391.0	.
795566	  431.6	  567.2	  390.0	.
MSG	795568 TRIAL 4 END
