MSG	922747 TRIAL 20 START
MSG	923732 DRIFTCORRECT L LEFT  at 960,540  OFFSET 0.42 deg.  -5.3,14.3 pix.
MSG	924439 RECCFG P 500 2 1 
MSG	924439 GAZE_COORDS 0.00 0.00 1919.00 1079.00
START	924440 	LEFT	SAMPLES	EVENTS
PRESCALER	1
VPRESCALER	1
PUPIL	AREA
EVENTS	GAZE	LEFT	RATE	 500.00	TRACKING	P	FILTER	2
SAMPLES	GAZE	LEFT	RATE	 500.00	TRACKING	P	FILTER	2
MSG	924440 !MODE RECORD P 500 2 1
924440	  953.4	  541.5	  378.0	.
924442	  951.6	  541.6	  378.0	.
924444	  951.2	  541.9	  378.0	.
924446	  950.5	  542.4	  377.0	.
SFIX L   924448
924448	  950.9	  541.7	  377.0	.
924450	  951.2	  541.4	  377.0	.
924452	  950.7	  541.5	  377.0	.
924454	  950.1	  541.1	  377.0	.
924456	  950.6	  540.5	  377.0	.
924458	  950.4	  540.4	  377.0	.
924460	  950.4	  540.2	  380.0	.
924462	  950.4	  540.2	  380.0	.
924464	  950.6	  540.1	  379.0	.
924466	  950.6	  539.7	  379.0	.
924468	  949.8	  539.7	  378.0	.
924470	  948.9	  540.4	  379.0	.
924472	  948.9	  541.0	  379.0	.
924474	  948.7	  540.5	  379.0	.
924476	  948.8	  539.9	  379.0	.
924478	  948.7	  539.5	  378.0	.
924480	  948.7	  539.2	  377.0	.
924482	  948.5	  538.9	  377.0	.
924484	  948.5	  538.7	  377.0	.
924486	  948.4	  538.1	  377.0	.
924488	  948.4	  537.8	  377.0	.
924490	  947.7	  537.7	  378.0	.
924492	  948.3	  537.2	  379.0	.
924494	  948.9	  537.3	  379.0	.
924496	  949.0	  537.3	  379.0	.
924498	  949.1	  537.3	  379.0	.
924500	  949.1	  537.1	  379.0	.
924502	  949.4	  536.6	  379.0	.
924504	  949.8	  536.7	  379.0	.
924506	  949.8	  536.8	  379.0	.
924508	  949.4	  536.5	  379.0	.
924510	  950.2	  536.1	  378.0	.
924512	  951.0	  536.5	  378.0	.
924514	  951.1	  536.0	  380.0	.
924516	  951.2	  536.3	  382.0	.
924518	  951.0	  536.8	  383.0	.
924520	  950.9	  536.1	  384.0	.
924522	  950.9	  537.0	  384.0	.
924524	  950.7	  537.2	  383.0	.
924526	  950.6	  537.5	  383.0	.
924528	  950.5	  537.8	  383.0	.
924530	  950.5	  538.1	  383.0	.
924532	  950.8	  538.1	  383.0	.
924534	  950.9	  537.5	  383.0	.
924536	  950.8	  537.5	  383.0	.
924538	  950.9	  537.6	  382.0	.
924540	  950.8	  537.8	  380.0	.
924542	  950.9	  538.1	  380.0	.
924544	  950.7	  537.4	  380.0	.
924546	  951.4	  537.8	  381.0	.
924548	  951.5	  538.2	  381.0	.
MSG	924550 Start Recording with 0
MSG	924550 SYNCTIME
924550	  951.5	  538.0	  382.0	.
924552	  951.4	  538.8	  382.0	.
924554	  950.8	  538.8	  382.0	.
924556	  950.4	  538.6	  381.0	.
924558	  950.1	  538.7	  381.0	.
924560	  949.6	  538.8	  382.0	.
924562	  949.4	  538.6	  382.0	.
924564	  949.2	  538.5	  382.0	.
924566	  949.3	  538.6	  382.0	.
MSG	924568 DSP: FIXATION
924568	  949.9	  538.5	  382.0	.
924570	  950.1	  538.5	  382.0	.
924572	  949.2	  539.6	  382.0	.
924574	  949.5	  539.5	  383.0	.
924576	  949.6	  539.4	  383.0	.
924578	  950.9	  539.1	  383.0	.
924580	  950.5	  539.1	  383.0	.
924582	  950.4	  538.8	  383.0	.
924584	  950.2	  538.7	  382.0	.
924586	  950.2	  538.6	  382.0	.
924588	  949.6	  537.8	  382.0	.
924590	  949.8	  537.6	  383.0	.
924592	  949.2	  537.6	  383.0	.
924594	  949.8	  537.3	  383.0	.
924596	  949.9	  537.3	  383.0	.
924598	  950.1	  536.9	  383.0	.
924600	  950.8	  536.9	  383.0	.
924602	  951.0	  536.7	  383.0	.
924604	  951.0	  536.6	  384.0	.
924606	  950.9	  536.7	  384.0	.
924608	  950.7	  536.5	  383.0	.
924610	  950.7	  536.3	  383.0	.
924612	  950.8	  536.0	  384.0	.
924614	  951.1	  535.9	  384.0	.
924616	  951.3	  536.2	  385.0	.
924618	  951.7	  535.5	  385.0	.
924620	  952.0	  535.0	  385.0	.
924622	  951.5	  535.5	  385.0	.
924624	  951.0	  535.8	  386.0	.
924626	  950.9	  535.9	  386.0	.
924628	  950.8	  536.9	  385.0	.
924630	  950.8	  536.5	  385.0	.
924632	  950.3	  536.2	  386.0	.
924634	  950.1	  534.5	  388.0	.
924636	  950.0	  534.6	  388.0	.
924638	  949.8	  535.1	  386.0	.
924640	  949.5	  535.3	  386.0	.
924642	  949.0	  535.4	  386.0	.
924644	  948.7	  536.0	  386.0	.
924646	  948.6	  536.2	  386.0	.
924648	  948.6	  536.4	  386.0	.
924650	  948.5	  536.5	  387.0	.
924652	  947.3	  536.6	  388.0	.
924654	  947.0	  536.7	  388.0	.
924656	  947.3	  536.8	  388.0	.
924658	  947.5	  536.9	  388.0	.
924660	  947.3	  537.5	  388.0	.
924662	  947.2	  537.8	  388.0	.
924664	  947.3	  537.5	  388.0	.
924666	  947.2	  537.2	  388.0	.
924668	  947.5	  537.8	  387.0	.
924670	  946.9	  537.2	  387.0	.
924672	  946.4	  536.7	  387.0	.
924674	  946.3	  536.6	  387.0	.
924676	  946.8	  536.7	  387.0	.
924678	  947.2	  536.8	  387.0	.
924680	  947.1	  536.1	  387.0	.
924682	  947.1	  535.3	  388.0	.
924684	  947.1	  534.9	  388.0	.
924686	  946.8	  535.2	  388.0	.
924688	  947.1	  535.2	  388.0	.
924690	  947.0	  535.5	  388.0	.
924692	  946.9	  536.0	  389.0	.
924694	  947.5	  535.2	  389.0	.
924696	  947.6	  535.8	  389.0	.
924698	  947.6	  535.9	  389.0	.
924700	  947.6	  535.9	  389.0	.
924702	  947.4	  535.9	  390.0	.
924704	  947.2	  535.3	  391.0	.
924706	  947.8	  534.9	  391.0	.
924708	  948.4	  534.5	  390.0	.
924710	  948.3	  534.7	  389.0	.
924712	  948.5	  534.0	  389.0	.
924714	  947.9	  534.9	  389.0	.
924716	  948.0	  535.7	  389.0	.
924718	  947.8	  535.1	  390.0	.
924720	  947.7	  534.9	  390.0	.
924722	  947.4	  534.8	  391.0	.
924724	  946.9	  534.3	  391.0	.
924726	  946.4	  534.6	  391.0	.
924728	  946.0	  534.4	  391.0	.
924730	  946.1	  535.4	  391.0	.
924732	  946.1	  535.8	  391.0	.
924734	  946.6	  536.2	  391.0	.
924736	  946.6	  536.8	  391.0	.
924738	  946.7	  537.3	  391.0	.
924740	  947.6	  537.9	  390.0	.
924742	  947.6	  538.2	  390.0	.
924744	  947.5	  538.5	  390.0	.
924746	  947.5	  539.1	  390.0	.
924748	  947.0	  539.3	  390.0	.
924750	  946.6	  539.3	  391.0	.
924752	  946.1	  540.3	  392.0	.
924754	  945.5	  540.0	  392.0	.
924756	  944.8	  539.7	  391.0	.
924758	  944.6	  539.7	  391.0	.
924760	  944.3	  539.0	  391.0	.
924762	  944.1	  539.5	  391.0	.
924764	  943.9	  539.9	  391.0	.
924766	  944.3	  540.0	  391.0	.
924768	  944.5	  540.1	  390.0	.
924770	  944.7	  540.6	  390.0	.
924772	  944.5	  540.7	  390.0	.
924774	  944.6	  540.7	  392.0	.
924776	  944.7	  541.8	  392.0	.
924778	  944.7	  542.4	  392.0	.
924780	  944.8	  542.9	  391.0	.
924782	  944.9	  542.3	  392.0	.
924784	  945.6	  541.5	  391.0	.
924786	  945.7	  542.4	  390.0	.
924788	  945.6	  542.6	  390.0	.
924790	  947.1	  542.3	  390.0	.
924792	  948.5	  542.9	  390.0	.
924794	  949.8	  542.2	  390.0	.
924796	  949.0	  541.8	  389.0	.
924798	  949.1	  541.1	  389.0	.
924800	  948.4	  541.2	  389.0	.
924802	  948.6	  541.4	  389.0	.
924804	  948.6	  541.4	  389.0	.
924806	  949.0	  541.7	  389.0	.
924808	  949.1	  541.4	  389.0	.
924810	  949.2	  541.7	  389.0	.
924812	  949.2	  542.2	  389.0	.
924814	  948.9	  541.7	  389.0	.
924816	  949.2	  541.1	  389.0	.
924818	  948.9	  541.3	  389.0	.
924820	  948.9	  540.8	  389.0	.
924822	  949.1	  540.8	  389.0	.
924824	  949.0	  540.9	  389.0	.
924826	  948.9	  541.5	  388.0	.
924828	  948.7	  541.5	  388.0	.
924830	  949.2	  542.3	  388.0	.
924832	  949.3	  542.4	  388.0	.
924834	  949.2	  542.5	  385.0	.
924836	  949.5	  544.0	  385.0	.
924838	  949.8	  544.2	  385.0	.
924840	  949.9	  544.6	  384.0	.
924842	  950.0	  544.3	  383.0	.
924844	  950.5	  544.1	  380.0	.
924846	  951.0	  543.3	  380.0	.
924848	  951.2	  542.7	  380.0	.
924850	  952.5	  542.0	  380.0	.
924852	  953.6	  540.7	  380.0	.
924854	  954.6	  539.4	  380.0	.
924856	  955.5	  536.8	  378.0	.
924858	  955.3	  536.1	  374.0	.
924860	  955.0	  535.4	  374.0	.
924862	  954.7	  534.1	  374.0	.
924864	  954.6	  532.7	  373.0	.
924866	  954.8	  532.7	  371.0	.
924868	  954.9	  532.6	  370.0	.
924870	  954.9	  531.9	  370.0	.
924872	  954.9	  531.7	  368.0	.
924874	  954.8	  531.8	  367.0	.
924876	  954.1	  531.9	  367.0	.
924878	  954.3	  532.1	  366.0	.
924880	  954.1	  532.4	  365.0	.
924882	  954.3	  532.5	  365.0	.
924884	  953.8	  532.5	  360.0	.
924886	  953.2	  532.1	  359.0	.
924888	  953.0	  531.6	  356.0	.
924890	  952.9	  531.7	  355.0	.
924892	  951.9	  531.4	  355.0	.
924894	  951.4	  531.0	  352.0	.
924896	  951.9	  531.2	  352.0	.
924898	  951.9	  531.2	  351.0	.
924900	  951.9	  530.9	  350.0	.
924902	  951.5	  532.5	  349.0	.
924904	  950.8	  533.1	  348.0	.
924906	  951.9	  533.1	  346.0	.
924908	  953.1	  533.0	  346.0	.
924910	  953.3	  532.6	  344.0	.
924912	  953.1	  532.5	  344.0	.
924914	  953.2	  531.9	  344.0	.
924916	  952.1	  531.3	  343.0	.
924918	  951.1	  532.5	  342.0	.
924920	  951.3	  533.4	  340.0	.
924922	  951.0	  533.8	  340.0	.
924924	  950.9	  533.3	  339.0	.
924926	  950.8	  532.7	  338.0	.
924928	  950.9	  532.8	  337.0	.
924930	  950.9	  533.0	  336.0	.
924932	  951.1	  533.4	  334.0	.
924934	  951.7	  534.2	  330.0	.
924936	  952.3	  534.4	  328.0	.
924938	  952.3	  534.8	  328.0	.
924940	  952.9	  535.0	  328.0	.
924942	  953.4	  535.2	  327.0	.
924944	  953.8	  536.6	  327.0	.
924946	  953.8	  535.5	  324.0	.
924948	  954.1	  535.9	  322.0	.
924950	  954.2	  536.3	  320.0	.
924952	  955.0	  536.7	  319.0	.
924954	  955.8	  536.5	  318.0	.
924956	  955.8	  536.9	  318.0	.
924958	  955.8	  537.2	  317.0	.
924960	  957.4	  537.1	  316.0	.
924962	  957.6	  537.1	  315.0	.
924964	  957.8	  536.9	  313.0	.
924966	  957.5	  537.2	  312.0	.
924968	  957.4	  536.4	  312.0	.
924970	  957.4	  536.1	  311.0	.
924972	  957.1	  536.1	  310.0	.
924974	  957.5	  537.6	  306.0	.
924976	  957.8	  538.3	  305.0	.
924978	  957.6	  539.0	  305.0	.
924980	  957.8	  543.0	  303.0	.
924982	  957.9	  543.2	  302.0	.
924984	  957.9	  543.4	  302.0	.
924986	  958.4	  543.9	  300.0	.
924988	  958.7	  544.4	  299.0	.
924990	  958.9	  544.3	  299.0	.
924992	  959.0	  544.4	  298.0	.
924994	  961.3	  545.1	  297.0	.
924996	  961.5	  545.6	  297.0	.
924998	  961.6	  546.1	  295.0	.
925000	  961.4	  546.2	  295.0	.
925002	  961.8	  546.1	  295.0	.
925004	  962.1	  546.2	  294.0	.
925006	  961.5	  546.4	  294.0	.
925008	  961.1	  546.9	  292.0	.
925010	  961.0	  547.0	  292.0	.
925012	  961.7	  546.8	  292.0	.
925014	  962.1	  546.7	  292.0	.
925016	  962.1	  545.1	  292.0	.
925018	  962.7	  545.9	  292.0	.
925020	  962.4	  546.6	  293.0	.
925022	  963.6	  546.4	  293.0	.
925024	  964.5	  546.2	  292.0	.
925026	  963.7	  546.5	  291.0	.
925028	  962.6	  546.3	  289.0	.
925030	  962.1	  546.8	  289.0	.
925032	  961.9	  547.1	  286.0	.
925034	  962.0	  547.4	  285.0	.
925036	  961.9	  547.7	  284.0	.
925038	  961.7	  549.2	  284.0	.
925040	  962.4	  549.3	  283.0	.
925042	  963.4	  549.5	  283.0	.
925044	  963.5	  548.6	  282.0	.
925046	  963.1	  547.8	  279.0	.
925048	  963.1	  547.4	  279.0	.
925050	  963.2	  546.9	  279.0	.
925052	  962.8	  547.1	  278.0	.
925054	  963.1	  545.8	  278.0	.
925056	  963.2	  544.5	  278.0	.
925058	  963.3	  543.6	  277.0	.
925060	  963.2	  542.7	  276.0	.
925062	  962.7	  538.8	  272.0	.
925064	  963.6	  539.3	  272.0	.
925066	  964.1	  539.9	  271.0	.
925068	  964.1	  540.7	  271.0	.
925070	  964.3	  541.6	  272.0	.
925072	  964.2	  541.6	  272.0	.
925074	  963.6	  538.7	  270.0	.
925076	  963.3	  538.4	  270.0	.
925078	  963.3	  538.4	  270.0	.
925080	  963.2	  538.3	  270.0	.
925082	  962.3	  537.6	  270.0	.
925084	  962.1	  536.7	  268.0	.
925086	  962.1	  536.8	  267.0	.
925088	  962.5	  536.8	  267.0	.
925090	  963.0	  536.8	  267.0	.
925092	  962.4	  537.0	  267.0	.
925094	  962.9	  538.4	  266.0	.
925096	  963.2	  538.1	  266.0	.
925098	  962.3	  537.9	  265.0	.
925100	  962.9	  537.8	  265.0	.
925102	  962.9	  537.6	  265.0	.
925104	  962.8	  537.3	  265.0	.
925106	  962.8	  537.2	  265.0	.
925108	  962.7	  537.3	  264.0	.
925110	  962.8	  537.4	  264.0	.
925112	  962.5	  537.5	  264.0	.
925114	  962.3	  537.7	  263.0	.
925116	  962.4	  537.8	  263.0	.
925118	  962.5	  537.8	  263.0	.
925120	  962.9	  537.8	  264.0	.
925122	  962.4	  538.9	  264.0	.
925124	  963.2	  539.9	  262.0	.
925126	  963.4	  539.9	  262.0	.
925128	  963.7	  540.0	  261.0	.
925130	  963.5	  539.9	  260.0	.
925132	  963.3	  540.1	  260.0	.
925134	  962.8	  540.3	  260.0	.
925136	  962.9	  540.0	  260.0	.
925138	  962.9	  540.3	  260.0	.
925140	  962.3	  540.7	  260.0	.
925142	  963.1	  539.5	  260.0	.
925144	  962.6	  540.0	  258.0	.
925146	  962.0	  540.4	  257.0	.
925148	  962.2	  540.8	  257.0	.
925150	  961.8	  540.2	  257.0	.
925152	  961.8	  539.5	  256.0	.
925154	  961.8	  538.7	  255.0	.
925156	  962.0	  537.9	  253.0	.
925158	  962.3	  538.9	  252.0	.
925160	  962.6	  540.0	  252.0	.
925162	  962.1	  540.4	  252.0	.
925164	  962.2	  540.3	  251.0	.
925166	  962.2	  540.3	  251.0	.
925168	  961.9	  540.4	  251.0	.
925170	  962.4	  540.3	  251.0	.
925172	  962.1	  541.2	  252.0	.
925174	  961.7	  541.6	  252.0	.
925176	  960.5	  542.1	  252.0	.
925178	  960.8	  541.1	  252.0	.
925180	  961.2	  540.2	  249.0	.
925182	  961.6	  540.6	  249.0	.
925184	  961.8	  540.3	  250.0	.
925186	  962.0	  540.0	  250.0	.
925188	  962.2	  540.7	  250.0	.
925190	  962.2	  540.0	  250.0	.
925192	  962.4	  540.1	  250.0	.
925194	  963.5	  538.1	  250.0	.
925196	  963.4	  536.3	  250.0	.
925198	  963.2	  537.0	  249.0	.
925200	  962.6	  537.3	  249.0	.
925202	  962.9	  537.5	  248.0	.
925204	  963.1	  538.1	  248.0	.
925206	  963.2	  538.7	  248.0	.
925208	  963.3	  538.1	  247.0	.
925210	  963.0	  538.1	  247.0	.
925212	  963.1	  538.0	  247.0	.
925214	  962.9	  537.5	  247.0	.
925216	  962.9	  537.1	  247.0	.
925218	  962.6	  537.5	  247.0	.
925220	  962.7	  537.5	  247.0	.
925222	  962.8	  537.3	  247.0	.
925224	  962.6	  537.2	  248.0	.
925226	  962.6	  537.2	  247.0	.
925228	  962.7	  537.1	  247.0	.
925230	  962.8	  537.0	  247.0	.
925232	  962.9	  536.9	  247.0	.
925234	  963.0	  537.1	  247.0	.
925236	  962.4	  536.3	  247.0	.
925238	  961.9	  537.4	  247.0	.
925240	  961.3	  537.7	  246.0	.
925242	  960.7	  537.8	  245.0	.
925244	  961.3	  537.6	  244.0	.
925246	  962.0	  537.7	  244.0	.
925248	  962.1	  537.2	  245.0	.
925250	  962.3	  537.8	  245.0	.
925252	  961.8	  538.0	  245.0	.
925254	  961.2	  538.0	  244.0	.
925256	  962.4	  537.8	  244.0	.
925258	  961.6	  536.9	  244.0	.
925260	  962.5	  535.8	  244.0	.
925262	  962.5	  536.1	  244.0	.
925264	  962.5	  536.4	  244.0	.
925266	  963.0	  536.1	  243.0	.
925268	  962.6	  536.0	  242.0	.
925270	  962.8	  534.5	  242.0	.
925272	  962.2	  533.2	  242.0	.
925274	  962.3	  533.0	  242.0	.
925276	  962.3	  533.3	  240.0	.
925278	  962.3	  532.8	  239.0	.
925280	  963.4	  532.2	  239.0	.
925282	  963.8	  532.5	  239.0	.
925284	  963.8	  532.1	  241.0	.
925286	  963.5	  531.8	  241.0	.
925288	  964.2	  532.7	  241.0	.
925290	  964.3	  533.6	  241.0	.
925292	  964.1	  533.0	  241.0	.
925294	  964.0	  532.8	  239.0	.
925296	  963.9	  532.6	  239.0	.
925298	  963.8	  533.2	  239.0	.
925300	  963.6	  532.7	  239.0	.
925302	  964.7	  532.1	  239.0	.
925304	  965.6	  531.8	  239.0	.
925306	  964.5	  532.9	  239.0	.
925308	  964.4	  533.3	  239.0	.
925310	  964.6	  533.8	  239.0	.
925312	  964.7	  534.0	  241.0	.
925314	  964.9	  534.2	  243.0	.
925316	  965.0	  533.9	  243.0	.
925318	  965.9	  534.0	  243.0	.
925320	  965.9	  533.7	  242.0	.
925322	  965.6	  533.6	  241.0	.
925324	  965.3	  534.7	  241.0	.
925326	  965.2	  535.9	  241.0	.
925328	  964.5	  534.8	  241.0	.
925330	  964.4	  535.4	  241.0	.
925332	  964.2	  535.4	  240.0	.
925334	  963.6	  535.3	  240.0	.
925336	  963.3	  535.0	  239.0	.
925338	  963.9	  536.2	  239.0	.
925340	  964.3	  536.6	  239.0	.
925342	  963.8	  537.3	  240.0	.
925344	  963.7	  536.8	  241.0	.
925346	  963.9	  536.4	  241.0	.
925348	  964.0	  534.6	  239.0	.
925350	  964.4	  535.1	  239.0	.
925352	  964.7	  533.8	  239.0	.
925354	  964.3	  533.6	  239.0	.
925356	  964.1	  533.4	  239.0	.
925358	  964.1	  534.1	  239.0	.
925360	  963.5	  534.8	  239.0	.
925362	  963.7	  534.1	  238.0	.
925364	  963.7	  533.5	  238.0	.
925366	  963.8	  533.6	  238.0	.
925368	  963.8	  533.4	  238.0	.
925370	  963.9	  534.1	  239.0	.
925372	  963.1	  534.9	  240.0	.
925374	  962.9	  534.9	  239.0	.
925376	  963.0	  534.8	  238.0	.
925378	  963.1	  534.5	  239.0	.
925380	  963.1	  534.4	  238.0	.
925382	  962.9	  534.3	  238.0	.
925384	  963.4	  532.3	  238.0	.
925386	  964.1	  531.3	  238.0	.
925388	  965.6	  529.9	  238.0	.
925390	  965.6	  529.9	  238.0	.
925392	  964.5	  531.4	  238.0	.
925394	  964.0	  531.9	  238.0	.
925396	  963.5	  532.4	  238.0	.
925398	  963.1	  531.7	  238.0	.
925400	  963.0	  531.1	  238.0	.
925402	  962.9	  530.7	  238.0	.
925404	  963.0	  530.6	  238.0	.
925406	  962.5	  530.5	  237.0	.
925408	  962.1	  530.7	  237.0	.
925410	  961.9	  530.4	  237.0	.
925412	  962.5	  530.2	  237.0	.
925414	  962.5	  530.2	  237.0	.
925416	  962.8	  530.2	  238.0	.
925418	  962.5	  529.7	  238.0	.
925420	  962.6	  529.1	  239.0	.
925422	  962.8	  528.9	  239.0	.
925424	  962.8	  529.0	  240.0	.
925426	  962.8	  529.0	  240.0	.
925428	  964.3	  529.0	  239.0	.
925430	  963.9	  529.3	  239.0	.
925432	  963.6	  529.4	  240.0	.
925434	  962.5	  529.5	  240.0	.
925436	  962.7	  529.0	  238.0	.
925438	  962.5	  528.9	  238.0	.
925440	  962.3	  528.9	  237.0	.
925442	  962.4	  529.7	  237.0	.
925444	  962.7	  530.5	  238.0	.
925446	  962.1	  530.9	  238.0	.
925448	  962.2	  531.3	  238.0	.
925450	  962.1	  532.1	  238.0	.
925452	  962.2	  533.0	  238.0	.
925454	  962.5	  531.8	  238.0	.
925456	  963.0	  532.3	  238.0	.
925458	  962.9	  532.5	  238.0	.
925460	  962.9	  532.6	  238.0	.
925462	  962.8	  532.0	  238.0	.
925464	  962.9	  531.4	  238.0	.
925466	  961.9	  532.7	  238.0	.
925468	  961.5	  534.0	  239.0	.
925470	  961.4	  534.3	  239.0	.
925472	  962.1	  532.7	  239.0	.
925474	  962.8	  531.2	  239.0	.
925476	  962.7	  531.6	  239.0	.
925478	  962.5	  531.2	  239.0	.
925480	  962.7	  531.4	  240.0	.
925482	  962.6	  530.5	  240.0	.
925484	  962.9	  530.6	  239.0	.
925486	  963.2	  530.6	  239.0	.
925488	  963.9	  531.6	  239.0	.
925490	  964.5	  531.5	  239.0	.
925492	  964.6	  531.4	  239.0	.
925494	  963.7	  531.0	  239.0	.
925496	  963.5	  531.2	  239.0	.
925498	  963.5	  530.6	  239.0	.
925500	  963.1	  530.1	  240.0	.
925502	  963.3	  530.1	  240.0	.
925504	  963.4	  530.0	  239.0	.
925506	  963.0	  530.3	  238.0	.
925508	  963.0	  529.8	  238.0	.
925510	  963.1	  529.4	  239.0	.
925512	  963.0	  528.7	  239.0	.
925514	  963.5	  528.4	  239.0	.
925516	  964.1	  528.1	  239.0	.
925518	  964.5	  528.5	  239.0	.
925520	  964.5	  527.7	  239.0	.
925522	  964.4	  527.4	  240.0	.
925524	  964.5	  527.3	  240.0	.
925526	  964.6	  527.6	  240.0	.
925528	  964.6	  527.2	  239.0	.
925530	  964.5	  526.9	  239.0	.
925532	  964.5	  526.8	  239.0	.
925534	  964.0	  526.9	  239.0	.
925536	  963.9	  526.9	  239.0	.
925538	  964.1	  527.8	  239.0	.
925540	  963.0	  528.9	  239.0	.
925542	  962.0	  529.2	  239.0	.
925544	  961.9	  529.4	  239.0	.
925546	  962.1	  532.8	  239.0	.
925548	  962.4	  533.7	  239.0	.
925550	  962.2	  534.2	  239.0	.
925552	  961.9	  533.7	  239.0	.
925554	  961.7	  533.6	  239.0	.
925556	  961.6	  533.4	  238.0	.
925558	  961.6	  534.8	  238.0	.
925560	  961.5	  534.7	  238.0	.
925562	  961.5	  534.9	  238.0	.
925564	  961.5	  535.1	  239.0	.
925566	  962.5	  535.5	  239.0	.
925568	  963.4	  534.6	  239.0	.
925570	  963.0	  534.9	  239.0	.
925572	  963.2	  534.5	  239.0	.
925574	  963.0	  535.4	  239.0	.
925576	  962.9	  536.4	  239.0	.
925578	  962.5	  537.0	  241.0	.
925580	  962.3	  537.2	  241.0	.
925582	  961.7	  537.4	  239.0	.
925584	  962.2	  537.7	  239.0	.
925586	  962.7	  537.9	  238.0	.
925588	  963.3	  538.2	  238.0	.
925590	  963.7	  538.3	  239.0	.
925592	  963.4	  538.4	  239.0	.
925594	  963.4	  537.9	  239.0	.
925596	  963.4	  537.8	  240.0	.
925598	  963.9	  538.0	  240.0	.
925600	  963.8	  537.7	  240.0	.
925602	  964.1	  537.3	  239.0	.
925604	  963.7	  537.3	  240.0	.
925606	  963.4	  537.3	  240.0	.
925608	  963.3	  537.4	  240.0	.
925610	  963.4	  537.3	  240.0	.
925612	  963.5	  537.2	  240.0	.
925614	  963.8	  537.5	  240.0	.
925616	  965.0	  537.3	  240.0	.
925618	  965.2	  537.3	  241.0	.
925620	  965.2	  537.4	  243.0	.
925622	  965.2	  537.6	  243.0	.
925624	  965.0	  538.4	  243.0	.
925626	  965.0	  539.2	  243.0	.
925628	  965.1	  540.2	  242.0	.
925630	  964.5	  540.3	  242.0	.
925632	  964.1	  541.0	  241.0	.
925634	  964.2	  540.9	  241.0	.
925636	  964.4	  541.0	  241.0	.
925638	  963.5	  540.6	  240.0	.
925640	  962.6	  540.4	  240.0	.
925642	  963.1	  539.9	  240.0	.
925644	  963.8	  540.0	  240.0	.
925646	  963.5	  540.2	  240.0	.
925648	  963.6	  540.3	  240.0	.
925650	  963.7	  540.3	  240.0	.
925652	  963.8	  540.7	  240.0	.
925654	  963.9	  540.3	  241.0	.
925656	  964.3	  541.1	  241.0	.
925658	  964.4	  541.9	  241.0	.
925660	  964.0	  542.5	  241.0	.
925662	  963.8	  542.3	  240.0	.
925664	  964.0	  542.5	  240.0	.
925666	  963.4	  542.8	  240.0	.
925668	  964.6	  542.7	  239.0	.
925670	  964.7	  542.7	  239.0	.
925672	  964.8	  542.7	  240.0	.
925674	  964.8	  542.7	  240.0	.
925676	  964.8	  542.7	  240.0	.
925678	  964.8	  542.9	  240.0	.
925680	  965.0	  541.0	  239.0	.
925682	  965.2	  539.1	  239.0	.
925684	  964.8	  539.9	  239.0	.
925686	  965.1	  540.5	  239.0	.
925688	  965.4	  540.8	  239.0	.
925690	  965.6	  541.2	  239.0	.
925692	  965.5	  541.3	  241.0	.
925694	  966.6	  541.0	  241.0	.
925696	  966.1	  540.9	  240.0	.
925698	  966.1	  541.7	  239.0	.
925700	  966.0	  541.6	  238.0	.
925702	  965.9	  541.7	  238.0	.
925704	  965.7	  541.5	  238.0	.
925706	  965.2	  541.5	  237.0	.
925708	  965.1	  542.7	  238.0	.
925710	  965.2	  543.9	  239.0	.
925712	  965.2	  544.3	  239.0	.
925714	  965.2	  543.6	  239.0	.
925716	  965.2	  543.7	  239.0	.
925718	  965.7	  543.6	  239.0	.
925720	  965.0	  543.5	  240.0	.
925722	  964.7	  544.0	  239.0	.
925724	  964.5	  543.5	  240.0	.
925726	  964.3	  543.0	  240.0	.
925728	  963.9	  541.6	  240.0	.
925730	  963.7	  542.0	  240.0	.
925732	  963.3	  542.5	  239.0	.
925734	  963.0	  543.5	  238.0	.
925736	  962.8	  541.9	  237.0	.
925738	  962.8	  542.3	  237.0	.
925740	  962.7	  542.8	  237.0	.
925742	  963.4	  545.2	  237.0	.
925744	  963.9	  545.3	  237.0	.
925746	  964.0	  544.7	  239.0	.
925748	  964.2	  544.2	  239.0	.
925750	  963.7	  543.8	  238.0	.
925752	  963.3	  543.8	  237.0	.
925754	  963.1	  543.7	  235.0	.
925756	  963.1	  544.3	  235.0	.
925758	  963.1	  544.8	  235.0	.
925760	  963.0	  542.5	  235.0	.
925762	  962.5	  542.3	  235.0	.
925764	  963.3	  541.9	  236.0	.
925766	  963.2	  541.1	  236.0	.
925768	  963.6	  541.3	  238.0	.
925770	  963.5	  539.7	  236.0	.
925772	  963.5	  538.1	  236.0	.
925774	  962.6	  538.5	  235.0	.
925776	  963.5	  538.7	  234.0	.
925778	  964.4	  538.8	  233.0	.
925780	  964.6	  537.4	  233.0	.
925782	  965.0	  537.9	  235.0	.
925784	  965.0	  537.8	  235.0	.
925786	  965.1	  538.2	  234.0	.
925788	  965.3	  538.7	  233.0	.
925790	  965.4	  537.4	  233.0	.
925792	  965.0	  537.9	  233.0	.
925794	  965.7	  537.1	  233.0	.
925796	  964.9	  538.5	  232.0	.
925798	  964.9	  539.0	  233.0	.
925800	  965.1	  539.1	  233.0	.
925802	  965.4	  539.2	  233.0	.
925804	  965.8	  538.1	  233.0	.
925806	  965.7	  538.5	  233.0	.
925808	  965.9	  538.5	  233.0	.
925810	  965.5	  538.6	  234.0	.
925812	  965.0	  539.0	  233.0	.
925814	  965.7	  539.1	  233.0	.
925816	  965.3	  539.3	  233.0	.
925818	  965.3	  540.0	  233.0	.
925820	  965.2	  540.1	  233.0	.
925822	  965.2	  539.7	  232.0	.
925824	  966.1	  540.7	  231.0	.
925826	  965.4	  539.4	  231.0	.
925828	  965.3	  538.6	  232.0	.
925830	  965.2	  538.3	  232.0	.
925832	  965.1	  537.9	  229.0	.
925834	  965.9	  537.8	  229.0	.
925836	  966.6	  538.1	  228.0	.
925838	  968.1	  537.8	  228.0	.
925840	  968.8	  539.2	  228.0	.
925842	  968.3	  539.2	  229.0	.
925844	  968.4	  539.1	  230.0	.
925846	  967.5	  540.9	  230.0	.
925848	  966.9	  541.2	  230.0	.
925850	  966.6	  541.0	  230.0	.
925852	  966.4	  542.4	  229.0	.
925854	  966.7	  542.1	  229.0	.
925856	  966.7	  541.7	  228.0	.
925858	  966.8	  542.4	  227.0	.
925860	  967.2	  541.1	  226.0	.
925862	  967.4	  540.9	  226.0	.
925864	  967.7	  541.0	  227.0	.
925866	  967.6	  541.2	  228.0	.
925868	  968.3	  540.8	  228.0	.
925870	  968.0	  541.7	  228.0	.
925872	  968.7	  541.3	  228.0	.
925874	  968.6	  541.1	  227.0	.
925876	  968.6	  541.5	  227.0	.
925878	  968.5	  541.3	  227.0	.
925880	  968.7	  540.9	  227.0	.
925882	  968.2	  541.7	  227.0	.
925884	  967.6	  541.9	  224.0	.
925886	  966.2	  542.1	  224.0	.
925888	  966.0	  542.0	  226.0	.
925890	  966.0	  540.3	  226.0	.
925892	  966.0	  538.6	  226.0	.
925894	  965.2	  538.0	  226.0	.
925896	  965.4	  537.2	  227.0	.
925898	  965.4	  537.0	  227.0	.
925900	  964.8	  537.8	  226.0	.
925902	  965.4	  538.1	  226.0	.
925904	  966.1	  538.3	  227.0	.
925906	  966.3	  538.6	  228.0	.
925908	  966.4	  539.0	  228.0	.
925910	  964.3	  538.0	  227.0	.
925912	  963.6	  537.8	  227.0	.
925914	  962.8	  537.5	  227.0	.
925916	  962.1	  536.5	  227.0	.
925918	  961.8	  536.1	  228.0	.
925920	  961.6	  536.0	  230.0	.
925922	  961.2	  536.0	  230.0	.
925924	  961.1	  537.5	  229.0	.
925926	  960.8	  538.9	  229.0	.
925928	  960.6	  538.0	  228.0	.
925930	  960.7	  537.6	  228.0	.
925932	  960.2	  537.6	  227.0	.
925934	  960.0	  537.4	  226.0	.
925936	  960.3	  536.6	  226.0	.
925938	  960.4	  537.0	  226.0	.
925940	  963.4	  536.6	  226.0	.
925942	  962.6	  536.6	  226.0	.
925944	  962.0	  536.6	  226.0	.
925946	  961.9	  536.5	  226.0	.
925948	  962.3	  536.6	  226.0	.
925950	  961.9	  536.1	  226.0	.
925952	  961.7	  536.3	  226.0	.
925954	  960.7	  536.3	  226.0	.
925956	  961.1	  537.2	  226.0	.
925958	  961.6	  537.6	  225.0	.
925960	  961.5	  537.9	  225.0	.
925962	  961.3	  537.8	  226.0	.
925964	  961.5	  538.3	  226.0	.
925966	  961.5	  537.7	  226.0	.
925968	  961.7	  538.6	  226.0	.
925970	  961.7	  539.5	  225.0	.
925972	  961.8	  540.0	  225.0	.
925974	  961.5	  538.6	  225.0	.
925976	  961.5	  537.2	  225.0	.
925978	  961.3	  537.2	  225.0	.
925980	  961.5	  537.5	  225.0	.
925982	  961.4	  537.8	  225.0	.
925984	  961.3	  537.2	  226.0	.
925986	  960.5	  537.1	  226.0	.
925988	  960.7	  537.0	  226.0	.
925990	  959.8	  534.9	  228.0	.
925992	  959.5	  534.0	  230.0	.
925994	  959.1	  533.6	  230.0	.
925996	  959.3	  533.4	  228.0	.
925998	  959.4	  534.8	  228.0	.
926000	  959.7	  536.2	  228.0	.
926002	  960.1	  536.4	  228.0	.
926004	  960.6	  536.0	  227.0	.
926006	  960.6	  536.0	  227.0	.
926008	  960.9	  536.1	  226.0	.
926010	  961.3	  536.6	  226.0	.
926012	  961.3	  537.3	  226.0	.
926014	  961.8	  537.2	  226.0	.
926016	  961.3	  537.6	  227.0	.
926018	  961.1	  536.1	  227.0	.
926020	  961.0	  535.6	  227.0	.
926022	  960.0	  535.7	  228.0	.
926024	  959.1	  535.8	  228.0	.
926026	  959.1	  535.8	  228.0	.
926028	  959.2	  535.9	  227.0	.
926030	  960.1	  535.7	  227.0	.
926032	  960.4	  536.1	  227.0	.
926034	  960.6	  536.5	  226.0	.
926036	  959.9	  537.1	  226.0	.
926038	  959.2	  537.6	  226.0	.
926040	  959.7	  538.4	  225.0	.
926042	  959.7	  537.5	  226.0	.
926044	  959.8	  536.6	  226.0	.
926046	  960.2	  536.2	  228.0	.
926048	  960.0	  535.9	  228.0	.
926050	  959.8	  534.9	  228.0	.
926052	  959.9	  534.0	  227.0	.
926054	  960.0	  534.0	  228.0	.
926056	  960.4	  532.9	  229.0	.
926058	  960.4	  531.8	  229.0	.
926060	  960.2	  532.3	  229.0	.
926062	  960.0	  531.9	  229.0	.
926064	  959.9	  531.5	  229.0	.
926066	  960.0	  530.2	  229.0	.
926068	  959.6	  527.9	  228.0	.
926070	  960.1	  527.3	  227.0	.
926072	  960.5	  527.5	  227.0	.
926074	  959.9	  526.7	  227.0	.
926076	  959.2	  526.0	  227.0	.
926078	  958.0	  526.5	  227.0	.
926080	  957.9	  526.9	  227.0	.
926082	  958.1	  527.5	  227.0	.
926084	  958.0	  527.9	  228.0	.
926086	  958.0	  527.6	  227.0	.
926088	  957.9	  527.4	  227.0	.
926090	  958.0	  526.9	  228.0	.
926092	  956.8	  526.7	  228.0	.
926094	  956.7	  526.3	  229.0	.
926096	  956.4	  523.6	  229.0	.
926098	  954.3	  523.0	  229.0	.
926100	  953.8	  522.2	  229.0	.
926102	  954.0	  513.4	  231.0	.
EFIX L   924448	926102	1656	  958.8	  537.2	    285
SSACC L  926104
926104	  954.4	  511.6	  232.0	.
926106	  953.9	  499.5	  233.0	.
926108	  953.6	  497.3	  232.0	.
926110	  953.8	  502.0	  231.0	.
926112	  948.9	  507.5	  229.0	.
926114	  945.5	  519.7	  215.0	.
926116	  943.8	  526.4	  212.0	.
926118	  942.6	  538.3	  209.0	.
926120	  937.7	  555.1	  196.0	.
926122	  933.4	  576.2	  186.0	.
926124	  930.4	  588.9	  178.0	.
926126	  929.7	  592.0	  175.0	I
926128	  928.9	  595.2	  174.0	.
926130	  928.2	  598.4	  172.0	I
926132	  927.3	  601.5	  170.0	.
SBLINK L 926134
926134	   .	   .	    0.0	I
926136	   .	   .	    0.0	.
926138	   .	   .	    0.0	I
926140	   .	   .	    0.0	.
926142	   .	   .	    0.0	I
926144	   .	   .	    0.0	.
926146	   .	   .	    0.0	I
926148	   .	   .	    0.0	.
926150	   .	   .	    0.0	I
926152	   .	   .	    0.0	.
926154	   .	   .	    0.0	I
926156	   .	   .	    0.0	.
926158	   .	   .	    0.0	I
926160	   .	   .	    0.0	.
926162	   .	   .	    0.0	I
926164	   .	   .	    0.0	.
926166	   .	   .	    0.0	I
926168	   .	   .	    0.0	.
926170	   .	   .	    0.0	I
926172	   .	   .	    0.0	.
926174	   .	   .	    0.0	I
926176	   .	   .	    0.0	.
926178	   .	   .	    0.0	I
926180	   .	   .	    0.0	.
EBLINK L 926134	926180	48
926182	  928.7	  614.9	  167.0	I
926184	  928.6	  614.9	  167.0	.
926186	  928.3	  611.6	  169.0	I
926188	  928.0	  608.3	  171.0	.
926190	  927.4	  601.6	  170.0	.
926192	  926.3	  588.3	  174.0	.
926194	  928.3	  585.0	  181.0	.
926196	  930.4	  582.2	  182.0	.
926198	  934.1	  571.0	  194.0	.
926200	  934.9	  570.9	  194.0	.
926202	  935.1	  564.0	  196.0	.
926204	  935.7	  561.0	  197.0	.
926206	  936.3	  558.0	  198.0	.
926208	  934.7	  534.4	  210.0	.
926210	  935.9	  525.6	  216.0	.
926212	  937.6	  525.1	  216.0	.
926214	  937.8	  524.8	  216.0	.
ESACC L  926104	926214	112	  954.4	  511.6	  937.6	  525.1	   0.57	    221
SFIX L   926216
926216	  938.0	  525.4	  216.0	.
926218	  939.6	  522.7	  217.0	.
926220	  941.1	  520.0	  219.0	.
926222	  940.5	  520.3	  222.0	.
926224	  940.2	  516.0	  223.0	.
926226	  940.2	  511.6	  224.0	.
926228	  939.9	  502.7	  233.0	.
926230	  941.9	  500.2	  237.0	.
926232	  942.0	  499.5	  237.0	.
926234	  942.1	  498.7	  238.0	.
926236	  942.7	  494.5	  240.0	.
926238	  942.9	  493.7	  242.0	.
926240	  943.0	  493.0	  242.0	.
926242	  942.6	  484.9	  243.0	.
926244	  941.7	  485.7	  244.0	.
926246	  940.7	  483.7	  245.0	.
926248	  941.1	  481.5	  249.0	.
926250	  940.0	  480.7	  249.0	.
926252	  938.9	  480.6	  250.0	.
926254	  936.3	  480.8	  250.0	.
926256	  935.7	  478.4	  250.0	.
926258	  935.3	  477.9	  250.0	.
926260	  935.1	  477.5	  250.0	.
926262	  935.2	  476.1	  251.0	.
926264	  935.3	  474.9	  253.0	.
926266	  936.3	  471.3	  258.0	.
926268	  937.3	  467.8	  258.0	.
926270	  938.0	  468.8	  258.0	.
926272	  937.9	  470.0	  257.0	.
926274	  938.5	  473.2	  256.0	.
926276	  938.8	  473.6	  258.0	.
926278	  938.1	  473.7	  260.0	.
926280	  937.3	  473.6	  260.0	.
926282	  938.5	  473.2	  260.0	.
926284	  937.8	  472.3	  261.0	.
926286	  938.6	  474.5	  261.0	.
926288	  938.4	  476.9	  261.0	.
926290	  938.4	  474.4	  260.0	.
926292	  938.6	  478.0	  260.0	.
926294	  938.9	  476.5	  260.0	.
926296	  939.5	  477.8	  259.0	.
926298	  939.3	  479.2	  258.0	.
926300	  939.8	  479.4	  258.0	.
926302	  940.0	  479.6	  258.0	.
926304	  939.8	  480.5	  258.0	.
926306	  940.4	  475.6	  260.0	.
926308	  941.0	  470.7	  262.0	.
926310	  942.1	  477.1	  259.0	.
EFIX L   926216	926310	96	  939.2	  485.4	    247
SSACC L  926312
926312	  941.8	  479.8	  258.0	.
926314	  941.5	  482.4	  258.0	.
926316	  940.5	  487.1	  256.0	.
926318	  938.4	  492.1	  255.0	.
926320	  938.3	  502.7	  253.0	.
926322	  939.4	  513.1	  251.0	.
926324	  939.3	  508.2	  244.0	.
926326	  939.2	  509.6	  244.0	.
ESACC L  926312	926326	16	  941.8	  479.8	  939.3	  508.2	   0.81	     82
SFIX L   926328
926328	  939.3	  511.0	  245.0	.
926330	  940.2	  507.7	  246.0	.
926332	  939.3	  510.2	  248.0	.
926334	  938.4	  512.7	  248.0	.
926336	  938.3	  515.8	  248.0	.
926338	  938.9	  518.6	  248.0	.
926340	  938.5	  519.3	  248.0	.
926342	  938.5	  519.9	  248.0	.
926344	  938.4	  519.6	  249.0	.
926346	  938.1	  519.3	  249.0	.
926348	  938.2	  519.9	  249.0	.
926350	  938.2	  520.4	  249.0	.
926352	  938.7	  520.5	  249.0	.
926354	  939.0	  520.0	  249.0	.
926356	  938.3	  519.7	  249.0	.
926358	  938.6	  519.8	  248.0	.
926360	  939.0	  519.9	  249.0	.
926362	  939.2	  519.8	  249.0	.
926364	  939.0	  519.9	  249.0	.
926366	  938.6	  520.0	  249.0	.
926368	  938.4	  520.2	  250.0	.
926370	  938.1	  520.7	  250.0	.
926372	  938.4	  521.1	  250.0	.
926374	  938.0	  522.3	  251.0	.
926376	  937.6	  522.8	  251.0	.
926378	  937.7	  523.3	  251.0	.
926380	  937.1	  524.2	  251.0	.
926382	  936.5	  524.6	  251.0	.
926384	  936.1	  525.0	  252.0	.
926386	  935.8	  525.6	  253.0	.
926388	  934.6	  525.5	  253.0	.
926390	  933.5	  526.3	  253.0	.
926392	  933.0	  526.9	  254.0	.
926394	  933.8	  528.1	  254.0	.
926396	  934.7	  529.3	  254.0	.
926398	  935.0	  529.4	  257.0	.
926400	  935.3	  529.6	  257.0	.
926402	  935.5	  529.4	  255.0	.
926404	  935.8	  529.3	  255.0	.
926406	  937.5	  528.6	  255.0	.
EFIX L   926328	926406	80	  937.4	  521.5	    250
SSACC L  926408
926408	  942.5	  528.2	  256.0	.
926410	  950.6	  526.2	  256.0	.
926412	  952.0	  526.0	  255.0	.
926414	  956.2	  525.4	  256.0	.
ESACC L  926408	926414	8	  942.5	  528.2	  952.0	  526.0	   0.25	     58
SFIX L   926416
926416	  960.4	  525.6	  257.0	.
926418	  960.4	  525.6	  257.0	.
926420	  960.1	  525.3	  257.0	.
926422	  960.5	  524.8	  256.0	.
926424	  960.6	  524.8	  257.0	.
926426	  960.5	  524.9	  257.0	.
926428	  960.3	  524.7	  257.0	.
926430	  959.8	  525.7	  257.0	.
926432	  959.6	  526.6	  257.0	.
926434	  959.4	  526.9	  260.0	.
926436	  958.2	  527.0	  260.0	.
926438	  958.0	  527.3	  259.0	.
926440	  957.7	  527.7	  259.0	.
926442	  957.2	  528.4	  259.0	.
926444	  954.6	  529.0	  261.0	.
926446	  954.8	  530.8	  261.0	.
926448	  955.0	  530.7	  261.0	.
926450	  955.3	  530.6	  261.0	.
926452	  955.2	  531.0	  261.0	.
926454	  955.6	  531.0	  261.0	.
926456	  955.8	  530.8	  263.0	.
926458	  955.8	  530.9	  263.0	.
926460	  955.6	  531.0	  263.0	.
926462	  955.6	  531.4	  263.0	.
926464	  955.5	  533.0	  264.0	.
926466	  955.4	  533.6	  264.0	.
926468	  955.3	  533.6	  265.0	.
926470	  955.2	  533.6	  265.0	.
926472	  955.3	  534.0	  265.0	.
926474	  955.4	  534.3	  265.0	.
926476	  955.3	  535.4	  265.0	.
926478	  955.7	  535.8	  265.0	.
926480	  955.0	  535.8	  266.0	.
926482	  954.8	  536.0	  268.0	.
926484	  954.6	  535.8	  269.0	.
926486	  953.5	  536.2	  270.0	.
926488	  952.5	  536.6	  270.0	.
926490	  952.4	  536.3	  270.0	.
926492	  953.6	  536.0	  270.0	.
926494	  954.7	  535.9	  270.0	.
926496	  954.7	  536.0	  270.0	.
926498	  954.5	  536.8	  271.0	.
926500	  953.6	  537.3	  271.0	.
926502	  953.5	  537.6	  271.0	.
926504	  953.4	  537.5	  271.0	.
926506	  952.7	  537.5	  270.0	.
926508	  953.0	  537.2	  270.0	.
926510	  953.1	  537.1	  271.0	.
926512	  954.2	  536.9	  272.0	.
926514	  955.2	  536.8	  272.0	.
926516	  956.2	  536.7	  271.0	.
926518	  956.7	  536.8	  270.0	.
926520	  956.5	  537.2	  270.0	.
926522	  956.6	  537.4	  270.0	.
926524	  956.0	  537.7	  270.0	.
926526	  955.1	  536.9	  270.0	.
926528	  956.2	  536.8	  271.0	.
926530	  957.1	  536.8	  272.0	.
926532	  956.3	  536.1	  273.0	.
926534	  956.0	  536.6	  274.0	.
926536	  956.1	  535.8	  274.0	.
926538	  955.7	  535.2	  274.0	.
926540	  956.1	  535.5	  273.0	.
926542	  956.2	  535.4	  273.0	.
926544	  956.6	  535.3	  273.0	.
926546	  956.5	  535.5	  274.0	.
926548	  956.6	  535.6	  275.0	.
926550	  957.6	  535.5	  276.0	.
926552	  958.8	  535.3	  276.0	.
926554	  959.1	  535.2	  276.0	.
926556	  958.4	  535.5	  276.0	.
926558	  958.4	  535.7	  276.0	.
926560	  958.5	  536.5	  276.0	.
926562	  958.2	  537.1	  276.0	.
926564	  958.0	  536.9	  276.0	.
926566	  956.6	  537.6	  276.0	.
926568	  956.6	  537.8	  276.0	.
926570	  956.5	  537.9	  278.0	.
926572	  956.6	  540.3	  278.0	.
926574	  956.8	  542.6	  278.0	.
926576	  956.8	  543.8	  278.0	.
926578	  957.3	  543.7	  278.0	.
926580	  957.4	  544.8	  281.0	.
926582	  957.1	  544.5	  281.0	.
926584	  956.9	  544.3	  280.0	.
926586	  957.0	  542.6	  280.0	.
926588	  957.3	  543.3	  281.0	.
926590	  958.1	  543.2	  280.0	.
926592	  956.9	  543.4	  280.0	.
926594	  955.7	  542.7	  279.0	.
926596	  956.0	  542.5	  278.0	.
926598	  955.3	  542.4	  277.0	.
926600	  955.2	  543.1	  278.0	.
926602	  955.1	  543.2	  278.0	.
926604	  955.1	  543.1	  278.0	.
926606	  956.1	  544.0	  278.0	.
926608	  957.0	  543.2	  279.0	.
926610	  956.5	  542.6	  279.0	.
926612	  957.2	  543.0	  279.0	.
926614	  957.7	  541.7	  277.0	.
926616	  958.0	  540.5	  276.0	.
926618	  957.8	  537.8	  275.0	.
926620	  957.8	  537.4	  275.0	.
926622	  958.1	  537.0	  275.0	.
926624	  957.7	  534.0	  276.0	.
926626	  959.0	  534.0	  275.0	.
926628	  958.8	  534.1	  276.0	.
926630	  958.6	  534.8	  276.0	.
926632	  958.6	  534.6	  276.0	.
926634	  958.9	  534.4	  275.0	.
926636	  959.2	  534.3	  274.0	.
926638	  959.0	  534.6	  274.0	.
926640	  958.8	  534.3	  274.0	.
926642	  959.0	  533.9	  274.0	.
926644	  959.1	  533.5	  274.0	.
926646	  958.8	  533.1	  275.0	.
926648	  958.7	  533.4	  275.0	.
926650	  958.6	  533.7	  275.0	.
926652	  958.7	  535.2	  275.0	.
926654	  958.4	  535.0	  273.0	.
926656	  958.5	  534.9	  272.0	.
926658	  958.4	  534.5	  272.0	.
926660	  958.6	  534.5	  272.0	.
926662	  958.8	  534.5	  272.0	.
926664	  958.9	  534.4	  271.0	.
926666	  958.6	  534.4	  271.0	.
926668	  958.6	  534.4	  270.0	.
926670	  958.6	  534.4	  270.0	.
926672	  958.9	  535.1	  269.0	.
926674	  959.0	  536.0	  270.0	.
926676	  958.0	  535.9	  270.0	.
926678	  958.2	  536.3	  270.0	.
926680	  958.5	  536.8	  271.0	.
926682	  957.4	  536.5	  271.0	.
926684	  957.4	  536.1	  272.0	.
926686	  957.1	  536.3	  272.0	.
926688	  957.7	  536.3	  272.0	.
926690	  957.9	  536.3	  272.0	.
926692	  958.0	  537.1	  272.0	.
926694	  958.1	  537.4	  272.0	.
926696	  958.8	  537.6	  272.0	.
926698	  957.8	  538.0	  270.0	.
926700	  958.5	  537.7	  270.0	.
926702	  959.1	  537.3	  270.0	.
926704	  959.5	  536.8	  269.0	.
926706	  959.8	  536.1	  269.0	.
926708	  959.7	  535.8	  267.0	.
926710	  959.6	  535.5	  266.0	.
926712	  958.5	  535.3	  266.0	.
926714	  959.1	  535.1	  266.0	.
926716	  958.2	  535.2	  266.0	.
926718	  957.8	  535.1	  266.0	.
926720	  957.4	  535.4	  267.0	.
926722	  955.6	  535.3	  267.0	.
926724	  956.1	  535.6	  267.0	.
926726	  956.5	  535.3	  267.0	.
926728	  956.0	  535.3	  267.0	.
926730	  955.6	  535.3	  267.0	.
926732	  955.8	  535.3	  267.0	.
926734	  954.8	  535.2	  267.0	.
926736	  953.8	  535.3	  265.0	.
926738	  954.7	  535.3	  265.0	.
926740	  954.6	  535.6	  264.0	.
926742	  955.3	  536.0	  264.0	.
926744	  955.4	  535.6	  264.0	.
926746	  955.4	  535.6	  264.0	.
926748	  955.6	  535.8	  264.0	.
926750	  955.3	  535.7	  264.0	.
926752	  955.0	  535.7	  264.0	.
926754	  955.4	  534.7	  263.0	.
926756	  955.8	  533.7	  263.0	.
926758	  955.2	  533.3	  263.0	.
926760	  955.8	  533.1	  262.0	.
926762	  956.2	  532.9	  262.0	.
926764	  956.2	  532.4	  263.0	.
926766	  954.3	  534.0	  263.0	.
926768	  953.6	  534.3	  263.0	.
926770	  953.7	  534.4	  263.0	.
926772	  953.8	  534.8	  263.0	.
926774	  953.7	  535.2	  263.0	.
926776	  954.2	  535.1	  262.0	.
926778	  954.5	  534.5	  262.0	.
926780	  954.6	  533.8	  262.0	.
926782	  954.3	  533.5	  262.0	.
926784	  953.8	  534.2	  263.0	.
926786	  953.8	  533.7	  263.0	.
926788	  953.6	  533.1	  264.0	.
926790	  953.6	  534.5	  264.0	.
926792	  953.6	  534.8	  263.0	.
926794	  953.5	  534.9	  263.0	.
926796	  953.2	  534.9	  263.0	.
926798	  953.9	  534.8	  263.0	.
926800	  952.9	  535.0	  261.0	.
926802	  953.3	  535.7	  261.0	.
926804	  953.3	  534.8	  260.0	.
926806	  953.6	  535.2	  260.0	.
926808	  953.8	  535.2	  260.0	.
926810	  954.3	  535.2	  260.0	.
926812	  954.8	  535.0	  260.0	.
926814	  954.4	  535.2	  259.0	.
926816	  953.9	  535.6	  258.0	.
926818	  954.1	  535.1	  259.0	.
926820	  954.2	  534.7	  259.0	.
926822	  954.6	  534.5	  259.0	.
926824	  955.0	  534.8	  261.0	.
926826	  954.9	  534.5	  261.0	.
926828	  954.7	  534.7	  260.0	.
926830	  954.6	  535.0	  260.0	.
926832	  954.4	  534.5	  260.0	.
926834	  954.7	  534.7	  259.0	.
926836	  954.4	  534.2	  259.0	.
926838	  954.4	  535.0	  259.0	.
926840	  954.7	  534.5	  260.0	.
926842	  955.1	  534.3	  261.0	.
926844	  954.7	  534.2	  261.0	.
926846	  955.1	  533.9	  261.0	.
926848	  954.9	  534.2	  260.0	.
926850	  954.8	  534.4	  260.0	.
926852	  954.9	  534.4	  260.0	.
926854	  954.7	  534.4	  258.0	.
926856	  954.3	  534.4	  258.0	.
926858	  953.6	  533.7	  259.0	.
926860	  953.6	  533.7	  259.0	.
926862	  954.0	  534.5	  258.0	.
926864	  954.1	  535.2	  258.0	.
926866	  954.2	  535.5	  258.0	.
926868	  954.2	  534.2	  258.0	.
926870	  954.2	  533.1	  259.0	.
926872	  954.2	  530.2	  260.0	.
926874	  954.3	  530.4	  260.0	.
926876	  954.3	  530.4	  260.0	.
926878	  954.2	  531.2	  260.0	.
926880	  954.2	  531.9	  261.0	.
926882	  954.3	  531.0	  261.0	.
926884	  953.9	  531.4	  260.0	.
926886	  954.2	  530.9	  259.0	.
926888	  954.4	  530.9	  260.0	.
926890	  954.1	  531.1	  260.0	.
926892	  953.6	  531.2	  260.0	.
926894	  953.8	  531.5	  260.0	.
926896	  953.8	  532.1	  260.0	.
926898	  954.2	  532.5	  259.0	.
926900	  953.9	  532.6	  259.0	.
926902	  954.2	  532.5	  259.0	.
926904	  954.4	  532.6	  259.0	.
926906	  954.9	  532.4	  259.0	.
926908	  955.0	  532.1	  259.0	.
926910	  955.2	  531.6	  260.0	.
926912	  955.2	  531.6	  260.0	.
926914	  955.3	  532.0	  260.0	.
926916	  955.2	  532.2	  260.0	.
926918	  955.2	  532.7	  260.0	.
926920	  955.1	  532.3	  260.0	.
926922	  955.3	  532.0	  260.0	.
926924	  954.7	  531.4	  260.0	.
926926	  954.1	  531.6	  260.0	.
926928	  954.7	  531.4	  259.0	.
926930	  955.2	  531.3	  259.0	.
926932	  955.4	  531.2	  259.0	.
926934	  955.5	  531.1	  259.0	.
926936	  955.5	  531.0	  259.0	.
926938	  955.5	  531.4	  259.0	.
926940	  955.9	  530.9	  259.0	.
926942	  955.4	  531.2	  260.0	.
926944	  955.3	  531.4	  260.0	.
926946	  955.2	  531.4	  260.0	.
926948	  955.1	  531.8	  260.0	.
926950	  955.2	  532.2	  260.0	.
926952	  955.2	  532.4	  260.0	.
926954	  955.4	  532.4	  260.0	.
926956	  956.2	  532.7	  260.0	.
926958	  956.2	  532.6	  260.0	.
926960	  956.3	  532.5	  259.0	.
926962	  956.0	  532.5	  259.0	.
926964	  955.9	  532.7	  259.0	.
926966	  955.9	  532.8	  260.0	.
926968	  956.0	  533.0	  260.0	.
926970	  956.0	  532.9	  260.0	.
926972	  956.2	  532.8	  260.0	.
926974	  956.1	  533.0	  260.0	.
926976	  956.1	  533.3	  261.0	.
926978	  956.4	  534.1	  262.0	.
926980	  956.4	  534.1	  263.0	.
926982	  956.2	  533.0	  263.0	.
926984	  956.4	  533.4	  262.0	.
926986	  956.5	  533.8	  262.0	.
926988	  957.2	  535.6	  262.0	.
926990	  957.1	  535.7	  262.0	.
926992	  956.1	  535.7	  262.0	.
926994	  955.6	  535.7	  262.0	.
926996	  956.4	  535.6	  262.0	.
926998	  956.6	  535.6	  262.0	.
927000	  956.8	  533.8	  262.0	.
927002	  957.0	  533.8	  262.0	.
927004	  956.8	  533.9	  262.0	.
927006	  956.7	  535.7	  262.0	.
927008	  956.7	  535.7	  262.0	.
927010	  956.3	  532.3	  262.0	.
927012	  956.3	  532.3	  262.0	.
927014	  956.2	  532.4	  262.0	.
927016	  956.2	  533.9	  262.0	.
927018	  956.0	  533.6	  262.0	.
927020	  956.6	  533.2	  261.0	.
927022	  957.2	  533.4	  261.0	.
927024	  957.1	  533.3	  262.0	.
927026	  956.9	  533.3	  262.0	.
927028	  956.4	  533.4	  262.0	.
927030	  956.4	  533.0	  261.0	.
927032	  956.6	  533.4	  260.0	.
927034	  956.2	  533.9	  260.0	.
927036	  956.1	  533.2	  261.0	.
927038	  956.0	  533.4	  261.0	.
927040	  955.5	  533.7	  261.0	.
927042	  955.0	  534.8	  261.0	.
927044	  955.0	  534.8	  261.0	.
927046	  954.9	  534.9	  261.0	.
927048	  954.9	  534.9	  261.0	.
927050	  955.5	  534.6	  261.0	.
927052	  956.1	  534.0	  261.0	.
927054	  957.8	  533.3	  261.0	.
927056	  958.1	  526.2	  261.0	.
927058	  958.6	  523.1	  260.0	.
927060	  959.1	  521.9	  260.0	.
927062	  959.5	  520.9	  260.0	.
927064	  958.6	  520.2	  260.0	.
927066	  957.6	  519.5	  260.0	.
927068	  958.0	  520.0	  261.0	.
927070	  958.3	  518.7	  261.0	.
927072	  959.9	  517.1	  261.0	.
927074	  959.5	  517.1	  260.0	.
927076	  959.2	  517.1	  261.0	.
927078	  959.1	  517.1	  262.0	.
927080	  958.9	  517.0	  263.0	.
927082	  957.5	  517.3	  264.0	.
927084	  956.0	  517.7	  264.0	.
927086	  955.1	  518.2	  264.0	.
927088	  954.1	  518.2	  264.0	.
927090	  954.1	  518.3	  264.0	.
927092	  954.1	  518.3	  264.0	.
927094	  953.9	  518.6	  263.0	.
927096	  953.9	  518.8	  263.0	.
927098	  955.1	  518.6	  263.0	.
927100	  955.2	  518.5	  263.0	.
927102	  955.3	  517.8	  263.0	.
927104	  954.8	  517.6	  263.0	.
927106	  954.8	  517.3	  262.0	.
927108	  954.8	  516.5	  263.0	.
927110	  955.4	  515.7	  263.0	.
927112	  956.0	  515.5	  263.0	.
927114	  956.2	  515.7	  262.0	.
927116	  956.2	  515.9	  262.0	.
927118	  956.3	  516.4	  262.0	.
927120	  956.5	  516.5	  263.0	.
927122	  956.3	  516.8	  262.0	.
927124	  956.1	  517.8	  262.0	.
927126	  955.1	  517.7	  262.0	.
927128	  955.1	  518.2	  262.0	.
927130	  955.3	  518.1	  262.0	.
927132	  955.4	  518.4	  262.0	.
927134	  955.9	  518.8	  262.0	.
927136	  956.3	  518.1	  262.0	.
927138	  956.7	  517.4	  262.0	.
927140	  956.1	  518.4	  264.0	.
927142	  955.5	  518.4	  266.0	.
927144	  955.5	  518.8	  266.0	.
927146	  955.5	  519.3	  266.0	.
927148	  955.8	  518.7	  265.0	.
927150	  955.2	  518.7	  265.0	.
927152	  956.3	  518.5	  264.0	.
927154	  956.8	  518.5	  264.0	.
927156	  956.9	  519.2	  264.0	.
927158	  956.9	  516.7	  264.0	.
927160	  956.6	  516.6	  263.0	.
927162	  956.6	  517.1	  263.0	.
927164	  956.6	  516.8	  262.0	.
927166	  956.4	  516.6	  262.0	.
927168	  956.7	  517.1	  262.0	.
927170	  956.8	  517.7	  263.0	.
927172	  956.6	  516.4	  263.0	.
927174	  956.9	  517.3	  263.0	.
927176	  957.1	  517.0	  263.0	.
927178	  957.7	  516.7	  264.0	.
927180	  958.4	  516.6	  264.0	.
927182	  958.4	  516.4	  264.0	.
927184	  958.4	  517.8	  267.0	.
927186	  958.3	  519.3	  268.0	.
927188	  958.0	  518.3	  270.0	.
927190	  958.6	  518.3	  270.0	.
927192	  959.1	  518.2	  270.0	.
927194	  959.3	  517.0	  270.0	.
927196	  959.4	  516.4	  270.0	.
927198	  959.7	  515.9	  268.0	.
927200	  958.9	  518.0	  267.0	.
927202	  957.9	  517.8	  266.0	.
927204	  958.4	  517.8	  266.0	.
927206	  958.8	  515.3	  266.0	.
927208	  958.8	  515.5	  268.0	.
927210	  959.0	  515.7	  268.0	.
927212	  958.8	  514.2	  268.0	.
927214	  958.8	  513.7	  269.0	.
927216	  958.8	  513.5	  269.0	.
927218	  959.1	  513.5	  266.0	.
927220	  959.3	  513.5	  266.0	.
927222	  958.8	  513.7	  266.0	.
927224	  958.6	  514.7	  266.0	.
927226	  958.7	  515.7	  266.0	.
927228	  958.5	  515.8	  266.0	.
927230	  958.5	  515.8	  267.0	.
927232	  958.4	  515.8	  268.0	.
927234	  959.0	  515.9	  268.0	.
927236	  958.8	  515.6	  267.0	.
927238	  958.8	  515.2	  267.0	.
927240	  958.6	  515.5	  267.0	.
927242	  958.7	  515.8	  266.0	.
927244	  959.0	  515.4	  266.0	.
927246	  958.7	  515.2	  266.0	.
927248	  958.4	  515.8	  266.0	.
927250	  958.2	  516.3	  267.0	.
927252	  958.3	  517.9	  266.0	.
927254	  958.4	  518.0	  266.0	.
927256	  956.1	  518.4	  265.0	.
927258	  956.7	  519.2	  265.0	.
927260	  957.1	  519.4	  265.0	.
927262	  957.3	  519.7	  265.0	.
927264	  957.3	  520.4	  265.0	.
927266	  957.2	  521.2	  266.0	.
927268	  957.0	  522.5	  266.0	.
927270	  957.3	  523.9	  267.0	.
927272	  957.4	  526.3	  268.0	.
927274	  955.4	  527.3	  268.0	.
927276	  954.3	  528.0	  268.0	.
927278	  954.2	  528.1	  269.0	.
927280	  953.8	  528.1	  270.0	.
927282	  952.4	  528.8	  270.0	.
927284	  950.9	  529.0	  271.0	.
927286	  951.1	  528.9	  272.0	.
927288	  950.4	  529.6	  272.0	.
927290	  949.9	  530.2	  273.0	.
927292	  950.2	  530.0	  273.0	.
927294	  950.7	  531.0	  273.0	.
927296	  951.4	  531.0	  273.0	.
927298	  951.9	  530.8	  271.0	.
927300	  951.9	  530.6	  270.0	.
927302	  951.9	  529.7	  270.0	.
927304	  952.2	  529.4	  270.0	.
927306	  952.7	  530.2	  270.0	.
927308	  952.9	  530.9	  271.0	.
927310	  952.6	  531.5	  271.0	.
927312	  953.6	  531.7	  272.0	.
927314	  954.6	  530.3	  273.0	.
927316	  955.0	  529.8	  271.0	.
927318	  955.2	  529.9	  269.0	.
927320	  955.4	  529.9	  270.0	.
927322	  958.0	  530.5	  270.0	.
927324	  958.3	  530.9	  273.0	.
927326	  957.5	  531.2	  273.0	.
927328	  957.7	  530.7	  272.0	.
927330	  957.3	  530.3	  272.0	.
927332	  957.8	  530.4	  272.0	.
927334	  958.4	  530.5	  272.0	.
927336	  958.9	  530.0	  272.0	.
927338	  959.0	  530.0	  272.0	.
927340	  959.1	  530.0	  273.0	.
927342	  959.7	  530.0	  273.0	.
927344	  960.4	  532.1	  274.0	.
927346	  960.4	  532.1	  274.0	.
927348	  959.1	  532.6	  274.0	.
927350	  958.5	  531.9	  274.0	.
927352	  958.1	  532.9	  274.0	.
927354	  957.4	  533.3	  274.0	.
927356	  957.3	  533.5	  275.0	.
927358	  957.1	  533.7	  274.0	.
927360	  957.0	  533.8	  274.0	.
927362	  956.9	  534.0	  275.0	.
927364	  956.6	  533.7	  275.0	.
927366	  957.2	  534.5	  275.0	.
927368	  957.9	  534.8	  275.0	.
927370	  958.3	  535.1	  275.0	.
927372	  958.9	  535.8	  275.0	.
927374	  959.4	  536.0	  276.0	.
927376	  959.5	  535.8	  277.0	.
927378	  959.2	  536.0	  277.0	.
927380	  959.6	  536.1	  278.0	.
927382	  959.3	  535.6	  278.0	.
927384	  959.1	  535.1	  279.0	.
927386	  958.3	  533.7	  279.0	.
927388	  958.2	  533.0	  278.0	.
927390	  958.5	  532.9	  279.0	.
927392	  958.6	  532.8	  279.0	.
927394	  958.5	  530.9	  281.0	.
927396	  958.4	  530.9	  281.0	.
927398	  958.2	  531.0	  277.0	.
927400	  958.2	  530.8	  277.0	.
927402	  958.4	  530.5	  277.0	.
927404	  958.6	  531.1	  277.0	.
927406	  958.6	  530.8	  277.0	.
927408	  958.2	  532.0	  278.0	.
927410	  959.1	  533.0	  279.0	.
927412	  959.5	  534.0	  279.0	.
927414	  959.7	  534.3	  277.0	.
927416	  958.5	  534.7	  277.0	.
927418	  957.0	  532.0	  277.0	.
927420	  957.4	  531.5	  277.0	.
927422	  957.1	  531.0	  277.0	.
927424	  956.8	  529.7	  277.0	.
927426	  955.9	  530.5	  279.0	.
927428	  956.1	  531.1	  279.0	.
927430	  956.0	  531.5	  279.0	.
927432	  956.4	  531.8	  280.0	.
927434	  955.5	  532.4	  280.0	.
927436	  954.7	  531.8	  279.0	.
927438	  954.5	  532.4	  279.0	.
927440	  954.7	  532.9	  279.0	.
927442	  955.0	  533.5	  278.0	.
927444	  954.5	  534.1	  277.0	.
927446	  954.6	  535.7	  277.0	.
927448	  954.4	  535.4	  276.0	.
927450	  953.2	  535.3	  276.0	.
927452	  953.2	  536.5	  276.0	.
927454	  953.4	  536.5	  277.0	.
927456	  953.3	  536.7	  278.0	.
927458	  953.3	  536.8	  278.0	.
927460	  953.0	  536.8	  278.0	.
927462	  952.8	  536.6	  278.0	.
927464	  952.7	  536.5	  278.0	.
927466	  952.7	  536.5	  277.0	.
927468	  952.8	  535.5	  277.0	.
927470	  952.0	  534.7	  278.0	.
927472	  952.1	  531.8	  277.0	.
927474	  952.0	  532.4	  277.0	.
927476	  952.4	  530.5	  277.0	.
927478	  952.9	  530.4	  278.0	.
927480	  953.4	  530.3	  278.0	.
927482	  953.6	  528.6	  278.0	.
927484	  953.7	  529.2	  278.0	.
927486	  953.7	  528.3	  278.0	.
927488	  953.0	  528.5	  278.0	.
927490	  952.4	  528.8	  277.0	.
927492	  951.9	  530.0	  277.0	.
927494	  951.3	  529.4	  279.0	.
927496	  951.1	  530.6	  278.0	.
927498	  951.0	  531.9	  277.0	.
927500	  950.9	  531.8	  278.0	.
927502	  951.2	  532.1	  278.0	.
927504	  951.5	  532.2	  277.0	.
927506	  951.3	  531.3	  277.0	.
927508	  951.2	  532.1	  277.0	.
927510	  951.9	  532.8	  277.0	.
927512	  950.9	  531.4	  276.0	.
927514	  951.6	  532.2	  276.0	.
927516	  951.7	  532.4	  276.0	.
927518	  951.4	  532.7	  276.0	.
927520	  951.8	  532.8	  276.0	.
927522	  951.9	  533.0	  274.0	.
927524	  951.8	  532.5	  273.0	.
927526	  952.9	  532.5	  273.0	.
927528	  953.9	  532.3	  273.0	.
927530	  954.0	  532.1	  273.0	.
927532	  953.9	  531.7	  273.0	.
927534	  954.0	  531.9	  273.0	.
927536	  953.9	  529.8	  273.0	.
927538	  954.1	  529.0	  273.0	.
927540	  953.8	  528.9	  273.0	.
927542	  953.6	  528.9	  273.0	.
927544	  953.6	  529.9	  273.0	.
927546	  953.2	  530.4	  273.0	.
927548	  953.6	  530.8	  273.0	.
927550	  953.9	  531.2	  273.0	.
927552	  954.2	  531.4	  273.0	.
927554	  953.9	  531.6	  273.0	.
927556	  954.8	  531.6	  273.0	.
927558	  954.6	  531.8	  272.0	.
927560	  955.7	  532.9	  272.0	.
927562	  956.6	  531.6	  272.0	.
927564	  956.9	  531.5	  272.0	.
927566	  957.1	  531.3	  272.0	.
927568	  957.3	  531.0	  272.0	.
927570	  957.4	  531.9	  272.0	.
927572	  957.6	  532.8	  272.0	.
927574	  957.6	  532.1	  272.0	.
927576	  958.0	  532.6	  273.0	.
927578	  957.9	  533.1	  273.0	.
927580	  958.4	  534.7	  273.0	.
927582	  958.2	  534.7	  274.0	.
927584	  958.0	  534.7	  274.0	.
927586	  957.9	  534.7	  274.0	.
927588	  957.8	  533.8	  275.0	.
927590	  956.5	  533.1	  275.0	.
927592	  956.6	  532.3	  274.0	.
927594	  956.9	  532.1	  274.0	.
927596	  956.7	  531.9	  274.0	.
927598	  956.6	  532.5	  274.0	.
927600	  956.1	  532.0	  273.0	.
927602	  956.0	  531.5	  272.0	.
927604	  956.2	  530.9	  271.0	.
927606	  954.9	  531.0	  271.0	.
927608	  953.6	  531.2	  271.0	.
927610	  952.7	  531.1	  271.0	.
927612	  953.6	  531.5	  271.0	.
927614	  953.6	  530.7	  271.0	.
927616	  953.7	  530.6	  271.0	.
927618	  953.9	  530.8	  271.0	.
927620	  953.9	  530.5	  271.0	.
927622	  954.0	  530.7	  271.0	.
927624	  954.0	  531.1	  270.0	.
927626	  954.2	  532.0	  270.0	.
927628	  954.3	  532.3	  270.0	.
927630	  953.4	  532.8	  270.0	.
927632	  952.3	  532.8	  270.0	.
MSG	927634 DSP: STIM
927634	  951.7	  532.7	  270.0	.
927636	  951.4	  532.9	  269.0	.
927638	  951.2	  533.0	  269.0	.
927640	  951.2	  532.4	  269.0	.
927642	  951.3	  532.4	  270.0	.
927644	  950.8	  532.5	  271.0	.
927646	  951.1	  533.0	  271.0	.
927648	  951.2	  532.9	  271.0	.
927650	  951.4	  533.0	  271.0	.
927652	  951.1	  532.7	  271.0	.
927654	  951.2	  533.2	  270.0	.
927656	  951.2	  533.2	  270.0	.
927658	  950.1	  533.2	  270.0	.
927660	  948.8	  533.6	  270.0	.
927662	  948.8	  533.6	  269.0	.
927664	  948.6	  533.9	  269.0	.
927666	  948.6	  533.9	  269.0	.
927668	  948.5	  533.4	  269.0	.
927670	  948.4	  533.1	  270.0	.
927672	  948.8	  532.8	  271.0	.
927674	  948.8	  531.4	  272.0	.
927676	  949.3	  531.1	  273.0	.
927678	  948.6	  531.0	  273.0	.
927680	  947.8	  531.8	  273.0	.
927682	  947.5	  531.2	  273.0	.
927684	  948.1	  531.0	  272.0	.
927686	  947.7	  531.0	  272.0	.
927688	  947.1	  530.2	  272.0	.
927690	  947.5	  530.3	  271.0	.
927692	  947.8	  530.6	  271.0	.
927694	  948.8	  531.8	  271.0	.
927696	  948.8	  531.8	  271.0	.
927698	  949.0	  531.8	  271.0	.
927700	  949.0	  529.9	  272.0	.
927702	  949.1	  529.9	  272.0	.
927704	  949.1	  530.4	  272.0	.
927706	  946.0	  531.4	  272.0	.
927708	  947.2	  531.4	  272.0	.
927710	  947.3	  531.1	  272.0	.
927712	  947.1	  530.8	  272.0	.
927714	  947.5	  530.5	  272.0	.
927716	  947.7	  530.5	  271.0	.
927718	  948.5	  530.4	  270.0	.
927720	  948.7	  530.3	  270.0	.
927722	  948.9	  530.3	  270.0	.
927724	  948.9	  530.2	  270.0	.
927726	  948.9	  530.6	  270.0	.
927728	  949.4	  530.0	  270.0	.
927730	  949.0	  530.2	  270.0	.
927732	  948.4	  529.3	  270.0	.
927734	  947.2	  531.0	  270.0	.
EFIX L   926416	927734	1320	  955.5	  530.8	    268
SSACC L  927736
927736	  943.3	  531.3	  271.0	.
927738	  938.3	  531.9	  271.0	.
927740	  926.9	  531.6	  271.0	.
927742	  911.4	  533.6	  270.0	.
927744	  888.2	  531.7	  271.0	.
927746	  869.7	  532.9	  272.0	.
927748	  845.7	  531.7	  274.0	.
927750	  818.6	  532.8	  274.0	.
927752	  798.1	  532.9	  274.0	.
927754	  776.6	  532.2	  276.0	.
927756	  756.0	  534.0	  277.0	.
927758	  737.6	  535.4	  278.0	.
927760	  709.6	  537.6	  278.0	.
927762	  687.8	  530.2	  278.0	.
927764	  662.3	  531.5	  278.0	.
927766	  633.0	  532.9	  278.0	.
927768	  611.2	  529.4	  278.0	.
927770	  584.8	  526.2	  277.0	.
927772	  567.4	  526.8	  277.0	.
927774	  556.8	  526.9	  277.0	.
927776	  542.9	  524.6	  277.0	.
927778	  541.4	  521.7	  277.0	.
927780	  541.3	  523.0	  277.0	.
927782	  541.1	  523.3	  278.0	.
ESACC L  927736	927782	48	  943.3	  531.3	  541.3	  523.0	   9.95	    299
SFIX L   927784
927784	  539.9	  523.3	  278.0	.
927786	  538.5	  523.2	  278.0	.
927788	  539.1	  520.6	  277.0	.
927790	  538.9	  520.2	  277.0	.
927792	  538.8	  519.8	  277.0	.
927794	  537.8	  520.8	  277.0	.
927796	  538.2	  520.2	  277.0	.
927798	  538.3	  519.7	  277.0	.
927800	  538.7	  519.7	  277.0	.
927802	  538.8	  519.7	  278.0	.
927804	  539.0	  520.2	  278.0	.
927806	  539.0	  520.5	  277.0	.
927808	  538.9	  520.9	  277.0	.
927810	  538.5	  521.1	  276.0	.
927812	  538.6	  520.7	  276.0	.
927814	  538.3	  520.8	  276.0	.
927816	  538.1	  520.7	  276.0	.
927818	  537.5	  520.6	  276.0	.
927820	  537.5	  520.3	  276.0	.
927822	  538.0	  520.7	  277.0	.
927824	  538.1	  520.0	  277.0	.
927826	  538.0	  519.4	  277.0	.
927828	  538.2	  519.8	  277.0	.
927830	  537.7	  519.2	  276.0	.
927832	  537.6	  518.5	  275.0	.
927834	  537.1	  519.4	  275.0	.
927836	  537.7	  520.2	  275.0	.
927838	  537.9	  518.8	  275.0	.
927840	  538.0	  518.7	  275.0	.
927842	  537.7	  518.8	  276.0	.
927844	  538.6	  518.6	  276.0	.
927846	  538.3	  519.4	  276.0	.
927848	  538.3	  520.2	  276.0	.
927850	  537.9	  520.1	  276.0	.
927852	  537.9	  519.9	  277.0	.
927854	  537.4	  518.9	  277.0	.
927856	  537.2	  518.5	  277.0	.
927858	  537.5	  519.0	  276.0	.
927860	  537.5	  518.5	  276.0	.
927862	  537.1	  518.6	  276.0	.
927864	  536.9	  518.6	  275.0	.
927866	  536.6	  519.3	  276.0	.
927868	  536.6	  520.0	  276.0	.
927870	  535.0	  521.4	  276.0	.
927872	  535.4	  521.7	  276.0	.
927874	  535.3	  520.6	  276.0	.
927876	  535.5	  520.4	  276.0	.
927878	  535.4	  520.1	  277.0	.
927880	  535.5	  520.0	  277.0	.
927882	  535.6	  520.1	  278.0	.
927884	  535.5	  520.2	  278.0	.
927886	  535.2	  520.1	  278.0	.
EFIX L   927784	927886	104	  537.7	  520.0	    276
SSACC L  927888
927888	  533.9	  521.3	  278.0	.
927890	  530.1	  522.5	  278.0	.
927892	  521.2	  524.1	  278.0	.
927894	  509.2	  525.9	  281.0	.
927896	  496.5	  528.6	  281.0	.
927898	  479.1	  533.1	  280.0	.
927900	  462.4	  537.1	  279.0	.
927902	  451.3	  538.6	  279.0	.
927904	  436.2	  539.5	  278.0	.
927906	  431.0	  540.0	  278.0	.
927908	  425.4	  540.7	  276.0	.
927910	  424.8	  541.2	  276.0	.
ESACC L  927888	927910	24	  533.9	  521.3	  425.4	  540.7	   2.64	    181
SFIX L   927912
927912	  424.4	  541.3	  277.0	.
927914	  424.1	  541.1	  277.0	.
927916	  424.1	  540.9	  278.0	.
927918	  423.5	  540.0	  278.0	.
927920	  422.7	  539.6	  278.0	.
927922	  422.6	  539.2	  277.0	.
927924	  422.5	  538.8	  277.0	.
927926	  422.3	  538.9	  280.0	.
927928	  422.2	  539.0	  280.0	.
927930	  422.0	  539.7	  279.0	.
927932	  422.0	  543.1	  278.0	.
927934	  422.1	  543.0	  278.0	.
927936	  420.8	  543.9	  278.0	.
927938	  419.3	  543.3	  278.0	.
927940	  418.7	  542.6	  280.0	.
927942	  419.2	  541.9	  280.0	.
927944	  418.5	  541.9	  279.0	.
927946	  418.3	  543.6	  279.0	.
927948	  418.3	  543.9	  280.0	.
927950	  418.0	  543.8	  280.0	.
927952	  418.1	  543.6	  279.0	.
927954	  418.1	  543.6	  279.0	.
927956	  417.2	  543.5	  279.0	.
927958	  417.1	  542.4	  278.0	.
927960	  417.4	  541.3	  278.0	.
927962	  417.5	  542.3	  278.0	.
927964	  417.7	  543.2	  279.0	.
927966	  417.6	  543.8	  279.0	.
927968	  417.6	  543.3	  279.0	.
927970	  416.6	  543.0	  280.0	.
927972	  416.6	  544.7	  280.0	.
927974	  416.4	  544.0	  280.0	.
927976	  416.3	  543.4	  280.0	.
927978	  416.3	  543.9	  280.0	.
927980	  416.3	  543.4	  281.0	.
927982	  416.3	  542.9	  281.0	.
927984	  415.9	  542.1	  281.0	.
927986	  415.9	  541.4	  283.0	.
927988	  415.9	  541.5	  283.0	.
927990	  416.2	  541.7	  283.0	.
927992	  416.1	  540.8	  283.0	.
927994	  417.6	  540.7	  284.0	.
927996	  419.1	  540.9	  284.0	.
927998	  418.9	  541.2	  284.0	.
928000	  418.8	  541.6	  284.0	.
928002	  418.7	  540.9	  282.0	.
928004	  418.6	  540.3	  281.0	.
928006	  417.3	  540.3	  281.0	.
928008	  417.8	  540.6	  281.0	.
928010	  417.4	  539.7	  282.0	.
928012	  417.2	  539.4	  284.0	.
928014	  416.7	  539.5	  284.0	.
928016	  416.3	  539.5	  284.0	.
928018	  417.1	  540.3	  284.0	.
928020	  417.2	  539.9	  284.0	.
928022	  417.3	  539.7	  285.0	.
928024	  417.4	  540.0	  285.0	.
928026	  417.0	  539.6	  285.0	.
928028	  416.8	  539.9	  286.0	.
928030	  417.3	  539.4	  286.0	.
928032	  417.4	  538.7	  286.0	.
928034	  417.2	  538.4	  285.0	.
928036	  417.4	  538.0	  285.0	.
928038	  416.8	  538.6	  285.0	.
928040	  416.3	  538.1	  285.0	.
928042	  416.1	  539.2	  285.0	.
928044	  416.5	  538.8	  284.0	.
928046	  416.9	  539.3	  283.0	.
928048	  417.2	  539.7	  283.0	.
928050	  416.9	  541.1	  283.0	.
928052	  416.8	  541.1	  283.0	.
928054	  416.1	  541.4	  285.0	.
928056	  416.1	  540.7	  287.0	.
928058	  416.0	  540.6	  287.0	.
928060	  416.3	  540.4	  287.0	.
928062	  415.6	  540.2	  287.0	.
928064	  415.3	  540.6	  286.0	.
928066	  415.1	  540.5	  286.0	.
928068	  415.0	  542.5	  286.0	.
928070	  414.9	  543.0	  286.0	.
928072	  414.8	  543.5	  287.0	.
928074	  414.7	  543.7	  289.0	.
928076	  414.6	  544.1	  289.0	.
928078	  414.6	  544.5	  289.0	.
928080	  414.5	  544.7	  289.0	.
928082	  414.7	  545.0	  289.0	.
928084	  414.7	  544.3	  290.0	.
928086	  415.2	  544.6	  290.0	.
928088	  415.8	  544.9	  290.0	.
928090	  415.8	  546.1	  290.0	.
928092	  415.7	  546.1	  290.0	.
928094	  415.3	  546.2	  291.0	.
928096	  414.9	  548.3	  291.0	.
928098	  414.1	  549.0	  291.0	.
928100	  413.3	  549.7	  291.0	.
928102	  413.9	  548.6	  291.0	.
928104	  414.4	  547.5	  291.0	.
928106	  415.6	  547.8	  291.0	.
928108	  415.7	  548.1	  291.0	.
928110	  415.8	  547.7	  292.0	.
928112	  415.8	  549.3	  292.0	.
928114	  415.6	  549.0	  292.0	.
928116	  415.5	  548.7	  292.0	.
928118	  415.4	  548.0	  292.0	.
928120	  415.8	  547.1	  291.0	.
928122	  416.1	  547.4	  291.0	.
EFIX L   927912	928122	212	  417.3	  542.5	    284
SSACC L  928124
928124	  417.7	  547.4	  291.0	.
928126	  422.5	  547.7	  292.0	.
928128	  434.6	  547.7	  292.0	.
928130	  455.4	  552.5	  293.0	.
928132	  481.2	  556.8	  294.0	.
928134	  518.8	  561.7	  294.0	.
928136	  559.4	  577.4	  295.0	.
928138	  601.7	  583.6	  296.0	.
928140	  650.1	  588.1	  296.0	.
928142	  702.0	  591.1	  297.0	.
928144	  751.5	  593.1	  299.0	.
928146	  801.9	  598.6	  298.0	.
928148	  856.5	  593.4	  299.0	.
928150	  914.3	  596.7	  299.0	.
928152	  970.5	  596.6	  299.0	.
928154	 1024.6	  595.3	  297.0	.
928156	 1080.3	  605.1	  295.0	.
928158	 1137.9	  614.0	  295.0	.
928160	 1190.4	  623.4	  295.0	.
928162	 1236.9	  617.9	  293.0	.
928164	 1286.0	  619.6	  293.0	.
928166	 1330.8	  617.4	  293.0	.
928168	 1371.7	  612.4	  293.0	.
928170	 1416.5	  621.7	  292.0	.
928172	 1458.0	  620.4	  292.0	.
928174	 1491.9	  621.7	  291.0	.
928176	 1518.3	  629.9	  290.0	.
928178	 1551.3	  633.6	  290.0	.
928180	 1569.2	  629.0	  289.0	.
928182	 1588.8	  631.3	  289.0	.
928184	 1594.1	  629.3	  289.0	.
928186	 1593.7	  629.0	  290.0	.
928188	 1593.2	  627.5	  292.0	.
928190	 1591.6	  621.2	  295.0	.
ESACC L  928124	928190	68	  417.7	  547.4	 1593.2	  627.5	  28.04	    706
SFIX L   928192
928192	 1587.1	  619.9	  296.0	.
928194	 1586.9	  618.7	  297.0	.
928196	 1586.8	  618.2	  297.0	.
928198	 1586.8	  618.7	  295.0	.
928200	 1586.7	  616.5	  295.0	.
928202	 1587.1	  615.9	  294.0	.
928204	 1587.8	  616.3	  294.0	.
928206	 1587.9	  616.7	  294.0	.
928208	 1587.7	  616.5	  294.0	.
928210	 1588.2	  618.1	  296.0	.
928212	 1588.5	  616.9	  296.0	.
928214	 1589.3	  615.5	  296.0	.
928216	 1589.1	  615.7	  296.0	.
928218	 1588.9	  614.8	  295.0	.
928220	 1588.3	  614.1	  294.0	.
928222	 1587.9	  612.2	  294.0	.
928224	 1586.9	  610.5	  294.0	.
928226	 1586.5	  608.5	  294.0	.
928228	 1586.2	  608.6	  295.0	.
928230	 1586.4	  608.5	  295.0	.
928232	 1586.6	  608.5	  295.0	.
928234	 1585.5	  609.6	  295.0	.
928236	 1584.4	  609.8	  295.0	.
928238	 1584.4	  610.1	  296.0	.
928240	 1584.4	  610.4	  297.0	.
928242	 1584.4	  610.3	  298.0	.
928244	 1584.6	  611.4	  298.0	.
928246	 1583.9	  611.6	  298.0	.
928248	 1583.1	  611.4	  298.0	.
928250	 1582.4	  611.2	  299.0	.
928252	 1581.6	  611.1	  299.0	.
928254	 1580.6	  611.1	  299.0	.
928256	 1578.8	  608.5	  300.0	.
928258	 1579.2	  607.9	  300.0	.
928260	 1578.1	  608.1	  301.0	.
928262	 1577.1	  608.6	  301.0	.
928264	 1576.5	  609.1	  299.0	.
928266	 1577.0	  609.5	  298.0	.
928268	 1577.3	  609.6	  298.0	.
928270	 1578.5	  609.0	  299.0	.
928272	 1577.0	  609.4	  301.0	.
928274	 1575.7	  609.7	  301.0	.
928276	 1575.7	  609.7	  301.0	.
928278	 1575.6	  607.9	  303.0	.
928280	 1575.2	  606.2	  303.0	.
928282	 1575.2	  605.7	  303.0	.
928284	 1575.2	  605.1	  306.0	.
928286	 1574.3	  605.3	  306.0	.
928288	 1573.9	  605.0	  306.0	.
928290	 1573.8	  604.6	  307.0	.
928292	 1573.7	  604.8	  307.0	.
928294	 1573.1	  603.8	  307.0	.
928296	 1572.4	  602.8	  307.0	.
928298	 1572.2	  600.2	  307.0	.
928300	 1572.2	  599.8	  308.0	.
928302	 1570.4	  600.7	  308.0	.
928304	 1570.2	  601.2	  308.0	.
928306	 1570.1	  602.0	  307.0	.
928308	 1570.0	  601.1	  307.0	.
928310	 1569.9	  601.6	  308.0	.
928312	 1569.7	  602.3	  309.0	.
928314	 1569.4	  602.3	  309.0	.
928316	 1569.3	  602.3	  308.0	.
928318	 1567.0	  602.2	  309.0	.
928320	 1566.8	  601.6	  309.0	.
928322	 1567.4	  600.7	  309.0	.
928324	 1568.2	  600.0	  309.0	.
928326	 1568.3	  599.9	  310.0	.
928328	 1568.5	  599.2	  310.0	.
928330	 1568.8	  599.2	  310.0	.
928332	 1569.0	  598.9	  310.0	.
928334	 1568.4	  598.8	  310.0	.
928336	 1568.0	  599.1	  311.0	.
928338	 1566.8	  599.4	  311.0	.
928340	 1566.1	  599.5	  308.0	.
928342	 1565.1	  599.7	  308.0	.
928344	 1565.7	  599.5	  313.0	.
928346	 1565.7	  599.4	  313.0	.
928348	 1565.8	  599.4	  312.0	.
928350	 1565.6	  599.4	  311.0	.
928352	 1566.6	  598.0	  311.0	.
928354	 1566.4	  597.9	  311.0	.
928356	 1566.4	  598.0	  311.0	.
928358	 1566.3	  598.0	  314.0	.
928360	 1566.4	  598.1	  314.0	.
928362	 1566.1	  599.3	  312.0	.
928364	 1566.3	  599.5	  312.0	.
928366	 1565.8	  599.3	  312.0	.
928368	 1565.9	  600.0	  312.0	.
928370	 1565.8	  600.5	  309.0	.
928372	 1565.8	  599.4	  309.0	.
928374	 1566.4	  598.0	  311.0	.
928376	 1566.8	  597.8	  315.0	.
928378	 1566.3	  597.6	  315.0	.
928380	 1566.3	  594.9	  314.0	.
928382	 1566.5	  595.1	  315.0	.
928384	 1566.8	  595.5	  315.0	.
928386	 1566.8	  595.7	  315.0	.
928388	 1566.8	  595.9	  314.0	.
928390	 1565.5	  595.6	  314.0	.
928392	 1564.3	  595.4	  314.0	.
928394	 1564.2	  594.2	  315.0	.
928396	 1563.7	  594.3	  314.0	.
928398	 1563.6	  594.2	  314.0	.
928400	 1563.3	  595.4	  313.0	.
928402	 1562.9	  595.9	  313.0	.
928404	 1562.9	  596.0	  313.0	.
928406	 1562.4	  596.1	  312.0	.
928408	 1562.0	  595.9	  312.0	.
928410	 1561.9	  595.4	  312.0	.
928412	 1562.0	  596.1	  312.0	.
928414	 1561.7	  596.3	  312.0	.
928416	 1562.0	  596.4	  311.0	.
928418	 1562.2	  596.1	  312.0	.
928420	 1561.9	  596.3	  312.0	.
928422	 1562.6	  595.7	  312.0	.
928424	 1562.9	  595.6	  312.0	.
928426	 1562.9	  595.6	  312.0	.
928428	 1562.1	  595.8	  312.0	.
928430	 1561.4	  596.0	  312.0	.
928432	 1560.7	  596.4	  312.0	.
928434	 1560.4	  595.1	  312.0	.
928436	 1560.5	  595.2	  312.0	.
928438	 1560.3	  594.4	  311.0	.
928440	 1560.0	  593.8	  310.0	.
928442	 1560.3	  592.0	  311.0	.
928444	 1558.7	  585.2	  311.0	.
928446	 1559.8	  582.4	  313.0	.
928448	 1559.6	  580.0	  313.0	.
928450	 1559.4	  574.7	  312.0	.
928452	 1559.8	  574.6	  312.0	.
928454	 1560.4	  574.6	  310.0	.
928456	 1559.9	  574.9	  310.0	.
928458	 1560.4	  576.8	  310.0	.
928460	 1560.3	  578.0	  309.0	.
928462	 1560.3	  578.1	  309.0	.
928464	 1559.7	  577.0	  308.0	.
928466	 1558.1	  576.3	  308.0	.
928468	 1557.8	  575.5	  308.0	.
928470	 1557.6	  576.3	  309.0	.
928472	 1557.1	  576.7	  309.0	.
928474	 1556.1	  577.0	  309.0	.
928476	 1555.6	  577.8	  309.0	.
928478	 1555.7	  577.9	  309.0	.
928480	 1556.0	  577.6	  308.0	.
928482	 1555.9	  577.5	  307.0	.
928484	 1556.2	  577.2	  305.0	.
928486	 1556.2	  577.3	  305.0	.
928488	 1556.4	  577.3	  305.0	.
928490	 1556.1	  573.4	  305.0	.
928492	 1555.9	  571.8	  306.0	.
928494	 1556.8	  572.3	  306.0	.
928496	 1556.7	  572.9	  306.0	.
928498	 1557.0	  573.7	  306.0	.
928500	 1556.2	  573.1	  304.0	.
928502	 1556.4	  573.4	  304.0	.
928504	 1556.6	  572.2	  304.0	.
928506	 1556.7	  571.9	  303.0	.
928508	 1556.7	  571.8	  302.0	.
928510	 1556.7	  571.9	  302.0	.
928512	 1556.4	  571.1	  301.0	.
928514	 1556.3	  571.7	  301.0	.
928516	 1556.2	  569.6	  301.0	.
928518	 1556.4	  568.9	  299.0	.
928520	 1555.8	  569.0	  299.0	.
928522	 1556.0	  568.9	  299.0	.
928524	 1556.1	  568.7	  299.0	.
928526	 1556.4	  568.5	  299.0	.
928528	 1556.5	  568.1	  299.0	.
928530	 1557.8	  568.4	  297.0	.
928532	 1558.3	  568.8	  297.0	.
928534	 1558.0	  567.8	  297.0	.
928536	 1557.6	  567.6	  297.0	.
928538	 1557.2	  568.0	  297.0	.
928540	 1556.9	  567.8	  296.0	.
928542	 1557.3	  567.3	  296.0	.
928544	 1557.2	  566.9	  296.0	.
928546	 1558.3	  566.2	  296.0	.
928548	 1559.3	  565.1	  295.0	.
928550	 1559.5	  567.0	  295.0	.
928552	 1558.9	  566.6	  295.0	.
928554	 1559.1	  566.7	  294.0	.
928556	 1558.6	  566.7	  295.0	.
928558	 1558.1	  566.7	  294.0	.
928560	 1558.5	  566.3	  294.0	.
928562	 1558.9	  565.3	  293.0	.
928564	 1558.9	  564.9	  292.0	.
928566	 1559.8	  564.2	  291.0	.
928568	 1559.9	  563.7	  291.0	.
928570	 1559.9	  563.3	  291.0	.
928572	 1559.9	  564.2	  291.0	.
928574	 1559.9	  564.4	  292.0	.
928576	 1560.0	  564.4	  292.0	.
928578	 1560.0	  564.5	  293.0	.
928580	 1560.1	  564.6	  293.0	.
928582	 1560.5	  563.6	  293.0	.
928584	 1561.1	  563.0	  293.0	.
928586	 1560.5	  562.8	  292.0	.
928588	 1560.6	  563.1	  290.0	.
928590	 1560.6	  563.1	  290.0	.
928592	 1560.4	  563.0	  290.0	.
928594	 1560.1	  563.0	  291.0	.
928596	 1560.2	  562.7	  291.0	.
928598	 1560.3	  562.5	  291.0	.
928600	 1560.7	  562.1	  290.0	.
928602	 1561.0	  562.1	  289.0	.
928604	 1561.4	  562.0	  288.0	.
928606	 1562.6	  561.1	  285.0	.
928608	 1562.2	  560.7	  285.0	.
928610	 1562.3	  560.6	  289.0	.
928612	 1562.2	  561.0	  289.0	.
928614	 1562.4	  561.3	  288.0	.
928616	 1561.7	  561.5	  288.0	.
928618	 1562.3	  561.7	  287.0	.
928620	 1562.5	  562.1	  287.0	.
928622	 1562.6	  562.4	  287.0	.
928624	 1562.9	  562.8	  287.0	.
928626	 1562.5	  562.5	  287.0	.
928628	 1563.2	  561.8	  286.0	.
928630	 1563.4	  562.2	  286.0	.
928632	 1563.7	  562.6	  287.0	.
928634	 1563.6	  561.3	  287.0	.
928636	 1564.7	  561.4	  287.0	.
928638	 1564.5	  561.9	  287.0	.
928640	 1564.5	  560.9	  287.0	.
928642	 1564.1	  560.5	  287.0	.
928644	 1563.9	  560.4	  287.0	.
928646	 1563.3	  560.3	  286.0	.
928648	 1563.6	  560.2	  285.0	.
928650	 1563.7	  560.3	  285.0	.
928652	 1563.4	  560.2	  285.0	.
928654	 1563.2	  560.2	  285.0	.
928656	 1563.1	  560.3	  285.0	.
928658	 1563.0	  560.1	  286.0	.
928660	 1563.2	  560.7	  286.0	.
928662	 1563.4	  561.2	  285.0	.
928664	 1563.6	  561.7	  285.0	.
928666	 1564.0	  562.1	  285.0	.
928668	 1564.1	  562.6	  285.0	.
928670	 1563.8	  561.3	  284.0	.
928672	 1564.3	  561.1	  284.0	.
928674	 1564.7	  560.8	  284.0	.
928676	 1564.7	  560.4	  284.0	.
928678	 1564.6	  560.4	  284.0	.
928680	 1564.6	  560.4	  284.0	.
928682	 1562.6	  560.9	  284.0	.
928684	 1562.8	  561.4	  284.0	.
928686	 1562.9	  560.9	  284.0	.
928688	 1562.9	  560.5	  284.0	.
928690	 1562.7	  559.2	  285.0	.
928692	 1562.7	  560.1	  285.0	.
928694	 1562.6	  560.9	  284.0	.
928696	 1562.6	  561.3	  282.0	.
928698	 1563.1	  560.9	  282.0	.
928700	 1563.7	  561.3	  282.0	.
928702	 1564.0	  560.9	  282.0	.
928704	 1564.0	  561.9	  281.0	.
928706	 1563.9	  561.5	  281.0	.
928708	 1563.4	  561.1	  281.0	.
928710	 1563.3	  559.2	  281.0	.
928712	 1563.4	  558.8	  281.0	.
928714	 1562.8	  558.6	  281.0	.
928716	 1563.6	  558.5	  281.0	.
928718	 1564.3	  558.4	  281.0	.
928720	 1565.1	  558.1	  281.0	.
928722	 1565.0	  558.6	  281.0	.
928724	 1564.7	  559.2	  281.0	.
928726	 1564.3	  559.0	  281.0	.
928728	 1564.5	  559.2	  281.0	.
928730	 1564.4	  558.9	  281.0	.
928732	 1564.4	  558.6	  281.0	.
928734	 1563.7	  558.1	  280.0	.
928736	 1563.0	  558.3	  280.0	.
928738	 1562.8	  559.0	  280.0	.
928740	 1562.5	  559.6	  280.0	.
928742	 1563.1	  559.9	  280.0	.
928744	 1563.2	  559.7	  280.0	.
928746	 1563.1	  560.4	  280.0	.
928748	 1563.5	  559.6	  280.0	.
928750	 1564.0	  558.9	  280.0	.
928752	 1564.0	  557.1	  279.0	.
928754	 1563.7	  557.4	  279.0	.
928756	 1563.8	  557.4	  280.0	.
928758	 1563.2	  557.6	  279.0	.
928760	 1562.7	  558.1	  279.0	.
928762	 1562.4	  558.1	  279.0	.
928764	 1562.1	  557.9	  279.0	.
928766	 1562.3	  557.8	  280.0	.
928768	 1562.5	  557.7	  280.0	.
928770	 1562.4	  557.8	  280.0	.
928772	 1562.8	  556.6	  281.0	.
928774	 1562.8	  556.2	  281.0	.
928776	 1562.8	  555.9	  283.0	.
928778	 1563.2	  556.5	  283.0	.
928780	 1563.2	  555.9	  283.0	.
928782	 1563.0	  556.2	  283.0	.
928784	 1562.8	  555.6	  283.0	.
928786	 1563.0	  554.8	  282.0	.
928788	 1562.5	  555.5	  282.0	.
928790	 1561.9	  556.2	  282.0	.
928792	 1561.9	  556.5	  282.0	.
928794	 1561.8	  556.5	  281.0	.
928796	 1561.6	  556.6	  281.0	.
928798	 1562.3	  556.9	  280.0	.
928800	 1561.9	  556.1	  280.0	.
928802	 1562.7	  555.7	  280.0	.
928804	 1562.3	  555.6	  280.0	.
928806	 1562.0	  555.8	  279.0	.
928808	 1561.9	  555.2	  280.0	.
928810	 1562.3	  554.4	  280.0	.
928812	 1561.9	  553.0	  280.0	.
928814	 1561.8	  552.8	  280.0	.
928816	 1561.8	  553.0	  280.0	.
928818	 1561.8	  553.2	  281.0	.
928820	 1561.9	  554.5	  281.0	.
928822	 1561.9	  553.7	  281.0	.
928824	 1561.7	  553.9	  281.0	.
928826	 1562.0	  554.0	  281.0	.
928828	 1561.8	  554.3	  280.0	.
928830	 1561.6	  554.6	  280.0	.
928832	 1560.9	  554.7	  280.0	.
928834	 1560.9	  555.4	  280.0	.
928836	 1560.7	  554.7	  280.0	.
928838	 1561.1	  554.7	  280.0	.
928840	 1561.2	  554.8	  281.0	.
928842	 1561.4	  554.5	  282.0	.
928844	 1560.7	  554.5	  282.0	.
928846	 1560.2	  554.9	  282.0	.
EFIX L   928192	928846	656	 1565.5	  578.7	    296
SSACC L  928848
928848	 1558.7	  554.7	  282.0	.
928850	 1550.3	  556.5	  282.0	.
928852	 1540.2	  558.8	  282.0	.
928854	 1518.4	  564.4	  282.0	.
928856	 1493.3	  563.3	  281.0	.
928858	 1460.9	  561.6	  281.0	.
928860	 1426.3	  564.1	  284.0	.
928862	 1385.6	  556.1	  286.0	.
928864	 1345.1	  547.7	  289.0	.
928866	 1306.8	  540.5	  289.0	.
928868	 1268.7	  542.9	  289.0	.
928870	 1232.5	  542.6	  293.0	.
928872	 1194.5	  539.9	  293.0	.
928874	 1164.6	  540.8	  293.0	.
928876	 1131.0	  542.1	  293.0	.
928878	 1096.9	  541.3	  293.0	.
928880	 1064.2	  536.5	  293.0	.
928882	 1035.7	  530.2	  292.0	.
928884	 1011.4	  531.3	  291.0	.
928886	 1001.5	  529.9	  288.0	.
928888	  987.0	  532.4	  288.0	.
928890	  985.5	  532.9	  288.0	.
928892	  980.7	  538.9	  289.0	.
928894	  980.5	  535.3	  289.0	.
ESACC L  928848	928894	48	 1558.7	  554.7	  980.7	  538.9	  14.38	    506
SFIX L   928896
928896	  980.9	  534.1	  289.0	.
928898	  981.4	  533.6	  291.0	.
928900	  980.5	  533.8	  291.0	.
928902	  979.7	  533.9	  290.0	.
928904	  979.1	  534.8	  290.0	.
928906	  978.9	  538.5	  291.0	.
928908	  978.6	  540.5	  291.0	.
928910	  979.2	  542.0	  292.0	.
928912	  978.8	  543.2	  292.0	.
928914	  978.4	  543.4	  292.0	.
928916	  978.2	  543.2	  293.0	.
928918	  978.3	  544.1	  292.0	.
928920	  978.5	  544.3	  293.0	.
928922	  978.2	  544.5	  294.0	.
928924	  978.0	  544.6	  292.0	.
928926	  978.0	  544.6	  291.0	.
928928	  977.8	  546.1	  291.0	.
928930	  978.3	  546.1	  291.0	.
928932	  977.1	  546.3	  290.0	.
928934	  977.1	  545.9	  291.0	.
928936	  977.6	  546.2	  291.0	.
928938	  977.1	  546.2	  293.0	.
928940	  976.9	  546.4	  292.0	.
928942	  976.8	  545.8	  292.0	.
928944	  977.0	  546.3	  292.0	.
928946	  977.1	  545.9	  292.0	.
928948	  977.2	  545.8	  291.0	.
928950	  977.0	  545.6	  291.0	.
928952	  976.8	  545.9	  291.0	.
928954	  975.3	  545.8	  293.0	.
928956	  974.7	  545.9	  293.0	.
928958	  974.9	  545.3	  293.0	.
928960	  974.0	  544.3	  294.0	.
928962	  974.3	  543.0	  294.0	.
928964	  973.9	  541.5	  294.0	.
928966	  973.7	  540.9	  294.0	.
928968	  972.8	  540.4	  294.0	.
928970	  972.9	  539.7	  295.0	.
928972	  971.7	  539.2	  295.0	.
928974	  970.5	  539.1	  296.0	.
928976	  969.8	  541.0	  296.0	.
928978	  969.8	  539.7	  296.0	.
928980	  969.7	  539.4	  296.0	.
928982	  969.7	  539.1	  297.0	.
928984	  969.8	  537.5	  298.0	.
928986	  970.0	  537.7	  298.0	.
928988	  970.7	  537.8	  298.0	.
928990	  970.7	  536.8	  295.0	.
928992	  970.5	  537.1	  293.0	.
928994	  970.7	  537.2	  293.0	.
928996	  970.5	  537.5	  293.0	.
928998	  970.2	  537.8	  297.0	.
MSG	928999 TRIAL 20 END
