MSG	867638 TRIAL 13 START
MSG	869646 DRIFTCORRECT L LEFT  at 960,540  OFFSET 0.32 deg.  11.1,5.3 pix.
MSG	870406 RECCFG P 500 2 1 
MSG	870406 GAZE_COORDS 0.00 0.00 1919.00 1079.00
MSG	870407 !MODE RECORD P 500 2 1
START	870408 	LEFT	SAMPLES	EVENTS
PRESCALER	1
VPRESCALER	1
PUPIL	AREA
EVENTS	GAZE	LEFT	RATE	 500.00	TRACKING	P	FILTER	2
SAMPLES	GAZE	LEFT	RATE	 500.00	TRACKING	P	FILTER	2
870408	  937.3	  537.1	  437.0	.
870410	  936.9	  537.1	  437.0	.
870412	  937.6	  537.0	  437.0	.
870414	  938.2	  537.0	  437.0	.
SFIX L   870416
870416	  937.5	  536.9	  437.0	.
870418	  937.2	  536.9	  437.0	.
870420	  937.1	  537.7	  437.0	.
870422	  937.0	  537.4	  438.0	.
870424	  936.5	  537.3	  438.0	.
870426	  936.0	  537.3	  438.0	.
870428	  936.5	  537.1	  438.0	.
870430	  937.0	  536.9	  437.0	.
870432	  937.6	  537.1	  437.0	.
870434	  938.3	  537.1	  436.0	.
870436	  937.8	  537.0	  436.0	.
870438	  937.4	  537.0	  436.0	.
870440	  937.5	  536.6	  435.0	.
870442	  937.6	  536.4	  435.0	.
870444	  937.5	  536.4	  434.0	.
870446	  938.2	  536.3	  434.0	.
870448	  937.7	  536.5	  434.0	.
870450	  938.1	  536.0	  434.0	.
870452	  938.6	  535.6	  434.0	.
870454	  940.0	  535.3	  433.0	.
870456	  939.6	  535.6	  433.0	.
870458	  939.2	  535.4	  433.0	.
870460	  939.1	  535.3	  432.0	.
870462	  939.0	  535.0	  433.0	.
870464	  939.0	  535.0	  434.0	.
870466	  939.0	  535.0	  434.0	.
870468	  938.3	  534.6	  434.0	.
870470	  938.0	  533.9	  435.0	.
870472	  938.3	  533.4	  434.0	.
870474	  938.1	  533.5	  434.0	.
870476	  938.0	  533.8	  434.0	.
870478	  938.1	  533.6	  435.0	.
870480	  937.7	  534.5	  435.0	.
870482	  938.1	  533.9	  435.0	.
870484	  938.0	  533.4	  434.0	.
870486	  938.1	  534.3	  434.0	.
870488	  938.1	  534.3	  435.0	.
870490	  938.1	  534.3	  435.0	.
870492	  937.8	  534.4	  434.0	.
870494	  937.6	  534.4	  434.0	.
870496	  938.0	  534.3	  434.0	.
870498	  937.4	  535.1	  434.0	.
870500	  936.8	  535.9	  434.0	.
870502	  937.1	  535.8	  435.0	.
870504	  937.3	  536.1	  435.0	.
870506	  937.4	  536.3	  436.0	.
870508	  936.7	  536.2	  437.0	.
870510	  936.1	  536.8	  437.0	.
870512	  935.6	  535.7	  437.0	.
870514	  936.8	  535.6	  437.0	.
MSG	870516 Start Recording with 0
MSG	870516 SYNCTIME
870516	  938.0	  535.5	  436.0	.
870518	  937.8	  535.6	  436.0	.
870520	  938.0	  535.1	  436.0	.
870522	  938.1	  534.6	  436.0	.
870524	  938.1	  534.5	  436.0	.
870526	  938.5	  534.2	  436.0	.
870528	  938.3	  534.8	  436.0	.
870530	  938.4	  535.0	  436.0	.
870532	  938.4	  535.1	  436.0	.
870534	  938.2	  533.9	  436.0	.
MSG	870535 DSP: FIXATION
870536	  938.1	  533.7	  435.0	.
870538	  939.1	  533.5	  435.0	.
870540	  939.1	  533.5	  435.0	.
870542	  938.7	  533.4	  434.0	.
870544	  939.5	  533.0	  434.0	.
870546	  939.7	  532.7	  434.0	.
870548	  939.4	  532.8	  434.0	.
870550	  939.8	  532.8	  437.0	.
870552	  939.3	  533.4	  437.0	.
870554	  939.3	  533.8	  437.0	.
870556	  939.2	  533.5	  437.0	.
870558	  939.2	  533.8	  437.0	.
870560	  938.9	  533.9	  437.0	.
870562	  938.7	  533.9	  436.0	.
870564	  938.2	  533.7	  435.0	.
870566	  937.9	  533.7	  434.0	.
870568	  937.9	  533.7	  434.0	.
870570	  937.8	  533.5	  434.0	.
870572	  937.5	  533.4	  434.0	.
870574	  937.6	  532.3	  434.0	.
870576	  937.1	  532.0	  434.0	.
870578	  937.3	  531.8	  435.0	.
870580	  937.4	  532.3	  435.0	.
870582	  937.2	  532.9	  435.0	.
870584	  937.1	  534.1	  435.0	.
870586	  937.2	  535.0	  435.0	.
870588	  937.3	  535.0	  435.0	.
870590	  936.8	  535.2	  435.0	.
870592	  936.8	  535.2	  435.0	.
870594	  937.0	  535.2	  435.0	.
870596	  937.0	  536.2	  436.0	.
870598	  937.1	  536.0	  438.0	.
870600	  937.4	  535.7	  438.0	.
870602	  937.7	  535.6	  438.0	.
870604	  938.2	  535.7	  437.0	.
870606	  937.4	  535.9	  437.0	.
870608	  937.2	  536.2	  437.0	.
870610	  937.5	  535.9	  437.0	.
870612	  937.7	  536.4	  437.0	.
870614	  938.5	  535.9	  437.0	.
870616	  938.5	  535.5	  437.0	.
870618	  937.9	  534.9	  437.0	.
870620	  937.7	  534.3	  437.0	.
870622	  937.5	  534.2	  437.0	.
870624	  938.2	  534.4	  437.0	.
870626	  938.0	  534.6	  437.0	.
870628	  938.1	  534.4	  437.0	.
870630	  937.9	  534.2	  435.0	.
870632	  937.7	  533.7	  435.0	.
870634	  937.6	  533.7	  435.0	.
870636	  938.3	  533.4	  435.0	.
870638	  938.1	  533.9	  435.0	.
870640	  938.1	  533.2	  435.0	.
870642	  938.3	  533.3	  437.0	.
870644	  937.6	  533.7	  437.0	.
870646	  938.1	  534.0	  437.0	.
870648	  938.5	  534.0	  437.0	.
870650	  940.0	  533.8	  437.0	.
870652	  940.5	  533.5	  438.0	.
870654	  940.7	  533.3	  438.0	.
870656	  940.2	  533.8	  438.0	.
870658	  939.7	  534.3	  438.0	.
870660	  939.4	  534.6	  438.0	.
870662	  939.3	  533.4	  438.0	.
870664	  939.5	  532.9	  438.0	.
870666	  939.5	  532.8	  437.0	.
870668	  939.5	  533.3	  436.0	.
870670	  939.1	  533.9	  436.0	.
870672	  939.0	  534.3	  436.0	.
870674	  938.9	  534.8	  436.0	.
870676	  937.2	  534.8	  438.0	.
870678	  937.0	  535.3	  438.0	.
870680	  936.7	  535.1	  439.0	.
870682	  936.0	  535.2	  439.0	.
870684	  935.8	  534.7	  439.0	.
870686	  935.5	  534.6	  439.0	.
870688	  935.2	  534.4	  439.0	.
870690	  935.0	  534.6	  439.0	.
870692	  935.0	  534.8	  439.0	.
870694	  935.0	  534.9	  439.0	.
870696	  935.2	  534.9	  439.0	.
870698	  934.3	  535.3	  439.0	.
870700	  935.3	  534.8	  440.0	.
870702	  935.6	  534.7	  440.0	.
870704	  935.7	  534.7	  440.0	.
870706	  935.7	  534.7	  440.0	.
870708	  935.8	  535.2	  441.0	.
870710	  934.8	  534.7	  443.0	.
870712	  935.3	  534.6	  443.0	.
870714	  934.7	  534.5	  443.0	.
870716	  934.2	  534.4	  443.0	.
870718	  932.7	  534.4	  443.0	.
870720	  932.5	  532.0	  443.0	.
870722	  932.6	  532.6	  444.0	.
870724	  932.5	  533.3	  444.0	.
870726	  934.5	  533.7	  443.0	.
870728	  935.4	  533.9	  443.0	.
870730	  936.2	  533.4	  442.0	.
870732	  937.3	  533.1	  441.0	.
870734	  936.4	  532.4	  440.0	.
870736	  936.1	  531.7	  440.0	.
870738	  936.0	  530.8	  441.0	.
870740	  936.0	  530.6	  443.0	.
870742	  936.1	  530.4	  443.0	.
870744	  936.2	  530.6	  442.0	.
870746	  935.7	  530.5	  442.0	.
870748	  936.5	  530.8	  442.0	.
870750	  937.2	  531.0	  440.0	.
870752	  936.4	  532.0	  440.0	.
870754	  936.2	  531.7	  440.0	.
870756	  936.3	  532.6	  440.0	.
870758	  935.7	  533.4	  440.0	.
870760	  935.2	  533.9	  440.0	.
870762	  935.7	  533.4	  440.0	.
870764	  936.3	  533.0	  439.0	.
870766	  936.9	  532.6	  438.0	.
870768	  936.7	  532.6	  438.0	.
870770	  937.1	  532.8	  438.0	.
870772	  936.9	  533.0	  438.0	.
870774	  937.7	  533.5	  437.0	.
870776	  937.4	  533.5	  437.0	.
870778	  937.2	  533.5	  437.0	.
870780	  938.2	  533.5	  436.0	.
870782	  939.3	  534.4	  435.0	.
870784	  939.6	  534.7	  433.0	.
870786	  939.9	  534.7	  433.0	.
870788	  940.1	  534.5	  433.0	.
870790	  940.3	  534.4	  433.0	.
870792	  940.7	  534.3	  432.0	.
870794	  940.3	  534.3	  432.0	.
870796	  940.0	  534.2	  431.0	.
870798	  940.1	  534.3	  431.0	.
870800	  940.0	  534.2	  429.0	.
870802	  939.8	  534.6	  429.0	.
870804	  939.8	  534.5	  429.0	.
870806	  939.7	  534.0	  428.0	.
870808	  939.4	  533.7	  428.0	.
870810	  939.3	  533.6	  427.0	.
870812	  940.5	  534.5	  427.0	.
870814	  940.3	  533.6	  427.0	.
870816	  940.2	  533.5	  427.0	.
870818	  939.7	  534.0	  424.0	.
870820	  939.6	  533.8	  424.0	.
870822	  939.5	  533.5	  423.0	.
870824	  939.7	  533.1	  417.0	.
870826	  939.3	  533.1	  417.0	.
870828	  939.0	  533.3	  415.0	.
870830	  939.1	  533.5	  414.0	.
870832	  938.9	  533.9	  414.0	.
870834	  939.1	  534.3	  411.0	.
870836	  939.3	  534.6	  410.0	.
870838	  939.4	  534.3	  407.0	.
870840	  942.0	  534.7	  405.0	.
870842	  941.8	  534.3	  404.0	.
870844	  942.1	  534.3	  402.0	.
870846	  942.4	  534.2	  401.0	.
870848	  942.2	  534.3	  401.0	.
870850	  942.2	  534.6	  400.0	.
870852	  942.3	  534.9	  400.0	.
870854	  942.2	  534.3	  400.0	.
870856	  943.2	  533.4	  395.0	.
870858	  944.0	  531.7	  393.0	.
870860	  944.6	  531.5	  391.0	.
870862	  945.2	  531.4	  390.0	.
870864	  945.4	  530.0	  388.0	.
870866	  945.7	  529.9	  387.0	.
870868	  945.3	  529.7	  385.0	.
870870	  944.7	  528.4	  385.0	.
870872	  944.2	  527.1	  384.0	.
870874	  944.1	  526.5	  384.0	.
870876	  944.6	  527.3	  382.0	.
870878	  945.1	  528.0	  380.0	.
870880	  946.6	  530.0	  377.0	.
870882	  948.0	  530.1	  374.0	.
870884	  948.3	  530.3	  372.0	.
870886	  948.2	  531.1	  372.0	.
870888	  948.3	  530.6	  372.0	.
870890	  948.5	  531.8	  371.0	.
870892	  948.6	  531.7	  369.0	.
870894	  948.8	  532.8	  368.0	.
870896	  949.1	  533.9	  368.0	.
870898	  949.2	  534.0	  366.0	.
870900	  949.1	  534.1	  365.0	.
870902	  950.2	  534.8	  364.0	.
870904	  951.2	  535.4	  362.0	.
870906	  951.0	  535.7	  360.0	.
870908	  950.8	  536.0	  358.0	.
870910	  950.2	  536.1	  357.0	.
870912	  950.9	  535.9	  354.0	.
870914	  950.8	  537.6	  352.0	.
870916	  951.0	  538.1	  351.0	.
870918	  951.2	  538.3	  350.0	.
870920	  951.2	  538.5	  346.0	.
870922	  951.1	  538.6	  345.0	.
870924	  951.9	  538.5	  343.0	.
870926	  952.2	  540.2	  343.0	.
870928	  952.5	  541.9	  343.0	.
870930	  952.8	  543.4	  340.0	.
870932	  952.8	  544.9	  337.0	.
870934	  953.1	  545.3	  337.0	.
870936	  953.2	  545.7	  337.0	.
870938	  953.3	  546.2	  337.0	.
870940	  953.4	  546.8	  336.0	.
870942	  953.7	  547.7	  336.0	.
870944	  953.3	  547.6	  336.0	.
870946	  952.9	  547.6	  335.0	.
870948	  952.2	  547.4	  334.0	.
870950	  951.8	  547.7	  332.0	.
870952	  951.3	  547.4	  330.0	.
870954	  950.7	  547.1	  328.0	.
870956	  950.4	  546.2	  327.0	.
870958	  950.6	  546.2	  327.0	.
870960	  950.7	  546.1	  327.0	.
870962	  951.3	  547.0	  326.0	.
870964	  952.2	  546.8	  326.0	.
870966	  952.2	  546.8	  324.0	.
870968	  953.0	  545.5	  323.0	.
870970	  953.0	  543.7	  319.0	.
870972	  952.9	  542.7	  317.0	.
870974	  952.9	  542.3	  316.0	.
870976	  952.9	  541.9	  316.0	.
870978	  952.8	  538.5	  315.0	.
870980	  954.2	  537.3	  313.0	.
870982	  953.5	  536.4	  311.0	.
870984	  954.0	  536.6	  308.0	.
870986	  954.4	  536.2	  308.0	.
870988	  953.8	  536.6	  308.0	.
870990	  953.2	  537.0	  307.0	.
870992	  953.1	  538.0	  307.0	.
870994	  953.1	  537.7	  306.0	.
870996	  953.1	  537.3	  305.0	.
870998	  953.3	  537.3	  305.0	.
871000	  953.5	  537.2	  304.0	.
871002	  953.5	  536.9	  302.0	.
871004	  953.5	  536.8	  302.0	.
871006	  953.2	  536.9	  301.0	.
871008	  953.2	  537.1	  301.0	.
871010	  953.0	  536.0	  301.0	.
871012	  953.0	  535.5	  301.0	.
871014	  953.2	  535.5	  301.0	.
871016	  952.5	  535.8	  301.0	.
871018	  953.1	  536.0	  300.0	.
871020	  952.7	  537.0	  300.0	.
871022	  953.1	  538.0	  298.0	.
871024	  953.6	  539.6	  297.0	.
871026	  954.8	  539.3	  295.0	.
871028	  955.2	  539.8	  295.0	.
871030	  955.0	  540.0	  295.0	.
871032	  954.7	  540.0	  294.0	.
871034	  954.9	  539.3	  291.0	.
871036	  954.1	  538.7	  289.0	.
871038	  953.3	  538.7	  287.0	.
871040	  953.4	  538.4	  286.0	.
871042	  952.7	  537.3	  285.0	.
871044	  952.7	  536.1	  284.0	.
871046	  952.3	  535.0	  284.0	.
871048	  953.7	  535.4	  284.0	.
871050	  955.0	  535.3	  282.0	.
871052	  955.4	  535.3	  282.0	.
871054	  955.1	  535.5	  282.0	.
871056	  955.0	  535.4	  282.0	.
871058	  955.0	  535.3	  282.0	.
871060	  955.0	  534.9	  282.0	.
871062	  954.9	  534.7	  281.0	.
871064	  955.0	  535.1	  280.0	.
871066	  955.0	  535.0	  280.0	.
871068	  955.4	  535.0	  280.0	.
871070	  955.7	  535.1	  279.0	.
871072	  956.1	  535.4	  278.0	.
871074	  956.5	  535.4	  278.0	.
871076	  956.9	  535.3	  278.0	.
871078	  956.7	  535.5	  277.0	.
871080	  956.5	  535.4	  277.0	.
871082	  956.9	  535.4	  277.0	.
871084	  957.1	  535.5	  277.0	.
871086	  957.1	  535.5	  276.0	.
871088	  957.1	  535.5	  276.0	.
871090	  957.1	  535.5	  276.0	.
871092	  957.1	  535.5	  276.0	.
871094	  957.1	  536.8	  276.0	.
871096	  957.2	  537.3	  275.0	.
871098	  957.2	  537.8	  275.0	.
871100	  957.3	  537.8	  274.0	.
871102	  957.4	  537.8	  274.0	.
871104	  957.3	  537.8	  274.0	.
871106	  957.4	  538.6	  274.0	.
871108	  957.2	  537.9	  274.0	.
871110	  957.7	  537.9	  276.0	.
871112	  957.2	  537.9	  276.0	.
871114	  957.6	  538.6	  274.0	.
871116	  957.5	  538.5	  274.0	.
871118	  957.8	  538.4	  274.0	.
871120	  958.1	  538.2	  274.0	.
871122	  957.8	  539.1	  274.0	.
871124	  957.9	  539.0	  273.0	.
871126	  957.6	  539.1	  273.0	.
871128	  957.3	  539.9	  272.0	.
871130	  957.6	  540.3	  271.0	.
871132	  957.7	  539.8	  270.0	.
871134	  958.3	  539.7	  270.0	.
871136	  958.2	  539.7	  270.0	.
871138	  958.1	  539.4	  268.0	.
871140	  958.0	  539.6	  266.0	.
871142	  958.2	  539.9	  266.0	.
871144	  958.2	  538.5	  267.0	.
871146	  957.7	  537.3	  267.0	.
871148	  957.9	  539.7	  267.0	.
871150	  957.1	  542.4	  266.0	.
871152	  956.2	  543.5	  266.0	.
871154	  956.8	  544.6	  266.0	.
871156	  957.0	  546.2	  265.0	.
871158	  957.2	  546.9	  264.0	.
871160	  958.8	  547.2	  263.0	.
871162	  959.1	  546.3	  262.0	.
871164	  957.8	  545.5	  262.0	.
871166	  957.3	  546.7	  260.0	.
871168	  957.1	  547.8	  258.0	.
871170	  957.4	  548.9	  258.0	.
871172	  957.3	  550.0	  257.0	.
871174	  957.2	  550.5	  257.0	.
871176	  957.4	  550.8	  257.0	.
871178	  957.6	  552.3	  255.0	.
871180	  957.5	  552.3	  254.0	.
871182	  957.4	  552.3	  253.0	.
871184	  957.4	  552.6	  253.0	.
871186	  956.9	  551.6	  253.0	.
871188	  956.6	  551.2	  254.0	.
871190	  955.5	  551.0	  255.0	.
871192	  955.5	  548.7	  255.0	.
871194	  955.6	  549.9	  255.0	.
871196	  957.1	  550.8	  255.0	.
871198	  956.3	  550.8	  255.0	.
871200	  956.2	  551.7	  255.0	.
871202	  956.0	  550.9	  254.0	.
871204	  956.2	  551.4	  254.0	.
871206	  956.2	  552.0	  254.0	.
871208	  954.8	  552.1	  254.0	.
871210	  954.4	  552.2	  255.0	.
871212	  954.7	  552.3	  255.0	.
871214	  954.6	  552.3	  254.0	.
871216	  954.7	  552.1	  254.0	.
871218	  954.5	  552.1	  254.0	.
871220	  954.6	  551.9	  254.0	.
871222	  954.3	  551.7	  254.0	.
871224	  954.3	  551.5	  254.0	.
871226	  954.3	  551.3	  255.0	.
871228	  954.6	  551.7	  255.0	.
871230	  954.1	  552.2	  251.0	.
871232	  954.6	  553.1	  250.0	.
871234	  954.7	  553.1	  250.0	.
871236	  954.7	  553.3	  249.0	.
871238	  955.6	  553.1	  248.0	.
871240	  955.9	  553.1	  248.0	.
871242	  955.6	  553.0	  248.0	.
871244	  955.4	  552.5	  248.0	.
871246	  955.3	  551.9	  247.0	.
871248	  955.4	  551.6	  246.0	.
871250	  954.5	  551.5	  247.0	.
871252	  955.4	  551.2	  247.0	.
871254	  954.8	  551.1	  247.0	.
871256	  954.9	  550.2	  247.0	.
871258	  954.8	  549.3	  247.0	.
871260	  954.8	  549.4	  246.0	.
871262	  955.6	  549.4	  246.0	.
871264	  955.0	  549.8	  246.0	.
871266	  955.2	  550.4	  246.0	.
871268	  955.3	  551.1	  245.0	.
871270	  955.2	  551.3	  245.0	.
871272	  954.9	  551.3	  245.0	.
871274	  954.0	  551.5	  245.0	.
871276	  954.1	  550.9	  246.0	.
871278	  954.5	  550.7	  246.0	.
871280	  955.1	  551.0	  243.0	.
871282	  955.1	  551.3	  243.0	.
871284	  955.0	  550.2	  243.0	.
871286	  955.3	  549.0	  243.0	.
871288	  955.5	  549.0	  243.0	.
871290	  955.5	  549.0	  243.0	.
871292	  955.6	  549.1	  242.0	.
871294	  956.0	  549.1	  242.0	.
871296	  956.5	  549.1	  242.0	.
871298	  957.2	  549.0	  243.0	.
871300	  957.3	  548.3	  243.0	.
871302	  955.8	  548.4	  242.0	.
871304	  955.3	  548.7	  241.0	.
871306	  954.9	  548.8	  241.0	.
871308	  955.0	  548.4	  241.0	.
871310	  955.0	  548.3	  241.0	.
871312	  955.1	  548.4	  241.0	.
871314	  955.0	  548.3	  240.0	.
871316	  954.3	  548.7	  239.0	.
871318	  954.1	  548.5	  239.0	.
871320	  954.4	  548.8	  240.0	.
871322	  954.6	  548.8	  240.0	.
871324	  954.2	  549.0	  240.0	.
871326	  954.3	  549.2	  240.0	.
871328	  954.5	  549.0	  240.0	.
871330	  954.6	  548.8	  240.0	.
871332	  954.7	  548.0	  239.0	.
871334	  954.7	  547.9	  239.0	.
871336	  954.9	  547.9	  239.0	.
871338	  954.9	  545.9	  238.0	.
871340	  955.8	  545.7	  238.0	.
871342	  955.9	  545.6	  238.0	.
871344	  956.0	  545.7	  238.0	.
871346	  955.6	  546.1	  238.0	.
871348	  955.2	  545.2	  237.0	.
871350	  955.0	  544.2	  236.0	.
871352	  955.4	  544.5	  236.0	.
871354	  955.6	  543.8	  237.0	.
871356	  955.8	  543.2	  237.0	.
871358	  955.7	  542.9	  237.0	.
871360	  955.8	  543.3	  236.0	.
871362	  955.8	  543.2	  236.0	.
871364	  955.9	  544.0	  236.0	.
871366	  956.0	  544.1	  236.0	.
871368	  956.1	  544.2	  235.0	.
871370	  957.0	  545.2	  235.0	.
871372	  957.4	  545.7	  235.0	.
871374	  957.7	  546.2	  236.0	.
871376	  957.8	  544.5	  236.0	.
871378	  957.4	  542.9	  236.0	.
871380	  957.2	  542.9	  235.0	.
871382	  957.3	  543.0	  235.0	.
871384	  957.4	  542.7	  234.0	.
871386	  957.1	  543.6	  235.0	.
871388	  957.4	  543.0	  234.0	.
871390	  957.6	  542.9	  234.0	.
871392	  957.7	  543.2	  233.0	.
871394	  958.2	  543.3	  233.0	.
871396	  958.6	  543.1	  233.0	.
871398	  959.0	  543.4	  233.0	.
871400	  959.3	  543.8	  235.0	.
871402	  958.8	  544.9	  235.0	.
871404	  958.6	  544.7	  235.0	.
871406	  958.9	  545.3	  235.0	.
871408	  958.4	  544.7	  235.0	.
871410	  958.8	  543.9	  235.0	.
871412	  958.0	  543.4	  234.0	.
871414	  958.5	  543.3	  234.0	.
871416	  959.0	  544.2	  234.0	.
871418	  959.2	  545.2	  234.0	.
871420	  958.7	  545.9	  235.0	.
871422	  958.3	  546.1	  234.0	.
871424	  957.9	  543.9	  233.0	.
871426	  958.1	  544.3	  234.0	.
871428	  958.2	  543.1	  234.0	.
871430	  959.0	  542.7	  233.0	.
871432	  959.3	  542.7	  233.0	.
871434	  959.5	  542.4	  232.0	.
871436	  959.3	  542.2	  232.0	.
871438	  959.4	  542.0	  232.0	.
871440	  959.4	  541.8	  232.0	.
871442	  959.6	  540.8	  232.0	.
871444	  959.5	  540.8	  232.0	.
871446	  958.8	  541.3	  231.0	.
871448	  959.1	  541.6	  231.0	.
871450	  959.4	  541.6	  231.0	.
871452	  959.3	  541.0	  231.0	.
871454	  958.9	  542.1	  231.0	.
871456	  959.3	  543.0	  231.0	.
871458	  959.0	  542.9	  231.0	.
871460	  959.4	  543.4	  232.0	.
871462	  959.0	  542.9	  232.0	.
871464	  959.1	  542.8	  232.0	.
871466	  958.4	  542.7	  231.0	.
871468	  958.0	  542.6	  232.0	.
871470	  957.9	  542.7	  232.0	.
871472	  958.1	  542.7	  232.0	.
871474	  958.4	  543.1	  233.0	.
871476	  959.1	  542.9	  233.0	.
871478	  959.1	  542.9	  233.0	.
871480	  958.9	  541.7	  233.0	.
871482	  958.9	  540.5	  233.0	.
871484	  958.5	  540.1	  233.0	.
871486	  958.1	  540.4	  232.0	.
871488	  958.0	  540.6	  231.0	.
871490	  958.3	  540.3	  231.0	.
871492	  958.7	  540.8	  231.0	.
871494	  958.0	  540.6	  231.0	.
871496	  957.9	  541.5	  231.0	.
871498	  957.9	  541.5	  232.0	.
871500	  958.0	  541.0	  232.0	.
871502	  958.4	  541.5	  232.0	.
871504	  958.9	  541.3	  232.0	.
871506	  959.0	  541.2	  232.0	.
871508	  959.2	  541.2	  232.0	.
871510	  958.9	  540.6	  233.0	.
871512	  958.6	  539.9	  233.0	.
871514	  958.0	  539.4	  233.0	.
871516	  957.4	  539.5	  233.0	.
871518	  957.5	  540.4	  232.0	.
871520	  957.7	  541.3	  232.0	.
871522	  957.1	  540.9	  232.0	.
871524	  957.1	  540.5	  232.0	.
871526	  957.0	  539.6	  232.0	.
871528	  956.5	  540.1	  233.0	.
871530	  956.2	  540.7	  233.0	.
871532	  956.3	  540.8	  233.0	.
871534	  956.2	  540.9	  233.0	.
871536	  955.9	  540.7	  233.0	.
871538	  956.0	  541.5	  233.0	.
871540	  956.1	  541.5	  231.0	.
871542	  956.8	  541.4	  231.0	.
871544	  956.2	  542.1	  231.0	.
871546	  955.4	  542.0	  231.0	.
871548	  955.7	  542.5	  230.0	.
871550	  955.7	  541.5	  231.0	.
871552	  955.9	  540.6	  232.0	.
871554	  956.2	  541.2	  232.0	.
871556	  956.6	  541.7	  232.0	.
871558	  956.8	  541.4	  232.0	.
871560	  957.1	  542.0	  231.0	.
871562	  957.2	  541.8	  230.0	.
871564	  957.1	  542.3	  230.0	.
871566	  957.3	  542.2	  230.0	.
871568	  957.1	  542.1	  230.0	.
871570	  956.6	  541.5	  230.0	.
871572	  956.7	  541.0	  231.0	.
871574	  956.8	  540.9	  232.0	.
871576	  956.8	  541.0	  232.0	.
871578	  956.8	  540.6	  232.0	.
871580	  957.7	  540.9	  230.0	.
871582	  957.5	  540.9	  230.0	.
871584	  957.3	  540.9	  229.0	.
871586	  956.9	  540.4	  230.0	.
871588	  957.0	  540.8	  230.0	.
871590	  957.1	  541.1	  230.0	.
871592	  957.2	  541.5	  231.0	.
871594	  957.2	  541.5	  232.0	.
871596	  957.7	  541.4	  234.0	.
871598	  958.3	  541.2	  234.0	.
871600	  958.1	  541.3	  232.0	.
871602	  957.8	  540.8	  231.0	.
871604	  957.7	  540.4	  231.0	.
871606	  958.4	  539.8	  231.0	.
871608	  959.0	  539.5	  231.0	.
871610	  959.4	  540.9	  231.0	.
871612	  959.7	  541.1	  231.0	.
871614	  961.3	  540.3	  231.0	.
871616	  960.7	  540.4	  231.0	.
871618	  960.6	  540.5	  231.0	.
871620	  960.4	  540.3	  231.0	.
871622	  959.9	  540.5	  232.0	.
871624	  960.1	  540.7	  232.0	.
871626	  960.4	  540.8	  232.0	.
871628	  960.0	  540.9	  232.0	.
871630	  959.6	  541.0	  232.0	.
871632	  959.4	  541.1	  233.0	.
871634	  959.5	  540.2	  233.0	.
871636	  959.5	  539.3	  231.0	.
871638	  959.8	  539.1	  231.0	.
871640	  959.8	  539.1	  231.0	.
871642	  959.8	  539.3	  231.0	.
871644	  959.9	  539.3	  230.0	.
871646	  959.8	  539.6	  230.0	.
871648	  960.0	  539.8	  231.0	.
871650	  959.6	  540.0	  230.0	.
871652	  959.6	  540.0	  231.0	.
871654	  959.8	  540.1	  231.0	.
871656	  960.0	  540.1	  231.0	.
871658	  960.4	  540.3	  231.0	.
871660	  960.9	  540.3	  232.0	.
871662	  960.8	  539.5	  232.0	.
871664	  960.8	  539.2	  232.0	.
871666	  961.1	  539.1	  232.0	.
871668	  960.9	  539.2	  232.0	.
871670	  961.0	  539.1	  232.0	.
871672	  961.2	  539.0	  232.0	.
871674	  961.1	  538.7	  232.0	.
871676	  961.1	  538.5	  232.0	.
871678	  960.4	  538.6	  232.0	.
871680	  960.0	  539.1	  232.0	.
871682	  959.3	  539.4	  232.0	.
871684	  959.1	  539.6	  233.0	.
871686	  959.1	  539.8	  233.0	.
871688	  959.1	  540.0	  233.0	.
871690	  959.6	  540.6	  233.0	.
871692	  960.2	  540.7	  233.0	.
871694	  959.7	  541.0	  232.0	.
871696	  960.0	  541.0	  232.0	.
871698	  959.4	  541.0	  232.0	.
871700	  959.0	  543.5	  232.0	.
871702	  957.7	  544.3	  232.0	.
871704	  958.6	  544.8	  232.0	.
871706	  959.5	  544.7	  232.0	.
871708	  959.2	  544.9	  234.0	.
871710	  959.1	  546.1	  233.0	.
871712	  957.8	  546.4	  232.0	.
871714	  959.1	  546.4	  234.0	.
871716	  959.0	  547.8	  234.0	.
871718	  959.6	  548.2	  234.0	.
871720	  958.6	  548.5	  235.0	.
871722	  959.1	  548.6	  235.0	.
871724	  958.6	  548.8	  235.0	.
871726	  958.8	  548.4	  235.0	.
871728	  958.8	  548.0	  235.0	.
871730	  959.6	  548.4	  234.0	.
871732	  959.4	  547.8	  234.0	.
871734	  960.0	  547.2	  234.0	.
871736	  960.6	  547.2	  234.0	.
871738	  961.8	  546.4	  234.0	.
871740	  962.2	  545.6	  234.0	.
871742	  961.7	  546.1	  234.0	.
871744	  962.3	  546.5	  235.0	.
871746	  962.0	  546.4	  234.0	.
871748	  961.9	  548.0	  234.0	.
871750	  961.1	  549.8	  234.0	.
871752	  960.5	  548.9	  234.0	.
871754	  960.0	  548.0	  234.0	.
871756	  960.4	  548.2	  233.0	.
871758	  960.6	  547.4	  233.0	.
871760	  961.0	  547.3	  233.0	.
871762	  961.3	  547.3	  233.0	.
871764	  961.6	  547.1	  233.0	.
871766	  961.6	  549.1	  233.0	.
871768	  961.6	  548.8	  233.0	.
871770	  961.1	  549.7	  233.0	.
871772	  960.6	  549.6	  233.0	.
871774	  959.3	  549.9	  231.0	.
871776	  958.7	  548.4	  231.0	.
871778	  959.9	  547.5	  231.0	.
871780	  960.4	  547.2	  232.0	.
871782	  961.0	  547.5	  235.0	.
871784	  960.6	  547.4	  235.0	.
871786	  960.8	  547.3	  233.0	.
871788	  960.5	  546.7	  232.0	.
871790	  960.6	  548.3	  232.0	.
871792	  960.5	  548.9	  232.0	.
871794	  960.8	  549.0	  231.0	.
871796	  961.0	  549.1	  231.0	.
871798	  961.1	  549.5	  231.0	.
871800	  961.1	  549.1	  232.0	.
871802	  961.4	  550.1	  232.0	.
871804	  961.7	  549.6	  232.0	.
871806	  962.9	  549.0	  232.0	.
871808	  962.5	  549.4	  233.0	.
871810	  962.2	  549.9	  233.0	.
871812	  962.0	  548.8	  233.0	.
871814	  962.7	  549.5	  233.0	.
871816	  962.9	  550.2	  233.0	.
871818	  962.9	  552.9	  236.0	.
871820	  962.7	  551.3	  236.0	.
871822	  962.8	  552.1	  236.0	.
871824	  962.8	  551.5	  236.0	.
871826	  962.8	  551.3	  237.0	.
871828	  962.7	  551.1	  237.0	.
871830	  962.3	  547.6	  234.0	.
871832	  961.5	  547.1	  232.0	.
871834	  961.3	  546.6	  231.0	.
871836	  961.3	  547.0	  230.0	.
871838	  960.8	  547.1	  230.0	.
871840	  960.9	  547.1	  230.0	.
871842	  960.9	  547.1	  229.0	.
871844	  960.1	  547.2	  230.0	.
871846	  960.3	  548.1	  231.0	.
871848	  960.3	  548.3	  233.0	.
871850	  960.2	  548.6	  233.0	.
871852	  959.8	  548.8	  229.0	.
871854	  959.0	  549.3	  229.0	.
871856	  958.8	  549.7	  229.0	.
871858	  958.7	  548.3	  230.0	.
871860	  958.9	  550.4	  230.0	.
871862	  959.0	  552.6	  231.0	.
871864	  958.9	  553.0	  231.0	.
871866	  958.8	  553.2	  231.0	.
871868	  958.6	  553.3	  231.0	.
871870	  958.7	  551.4	  230.0	.
871872	  958.4	  550.8	  229.0	.
871874	  958.4	  550.3	  228.0	.
871876	  958.1	  550.0	  228.0	.
871878	  957.9	  549.7	  227.0	.
871880	  957.9	  550.9	  227.0	.
871882	  957.7	  550.8	  227.0	.
871884	  957.1	  551.2	  228.0	.
871886	  958.0	  551.5	  229.0	.
871888	  958.5	  551.9	  229.0	.
871890	  958.6	  552.1	  229.0	.
871892	  958.1	  551.8	  228.0	.
871894	  958.1	  551.5	  228.0	.
871896	  958.1	  550.6	  228.0	.
871898	  958.0	  548.6	  229.0	.
871900	  957.6	  547.7	  229.0	.
871902	  958.2	  546.7	  229.0	.
871904	  958.7	  546.0	  229.0	.
871906	  959.1	  546.1	  229.0	.
871908	  959.1	  544.8	  229.0	.
871910	  959.1	  544.9	  229.0	.
871912	  959.0	  544.9	  229.0	.
871914	  959.8	  545.4	  229.0	.
871916	  959.5	  546.0	  229.0	.
871918	  960.0	  545.3	  229.0	.
871920	  959.7	  544.6	  229.0	.
871922	  959.9	  545.7	  229.0	.
871924	  960.0	  545.2	  229.0	.
871926	  960.1	  545.5	  229.0	.
871928	  959.9	  544.8	  227.0	.
871930	  960.0	  545.6	  227.0	.
871932	  959.8	  545.1	  227.0	.
871934	  959.7	  545.1	  227.0	.
871936	  959.6	  545.1	  227.0	.
871938	  959.7	  545.1	  229.0	.
871940	  960.3	  544.4	  229.0	.
871942	  961.0	  543.6	  228.0	.
871944	  960.8	  543.6	  226.0	.
871946	  960.6	  542.8	  226.0	.
871948	  960.2	  542.4	  226.0	.
871950	  959.9	  542.2	  226.0	.
871952	  959.4	  542.4	  226.0	.
871954	  959.3	  541.9	  227.0	.
871956	  959.4	  541.9	  227.0	.
871958	  959.4	  541.9	  227.0	.
871960	  959.2	  542.4	  226.0	.
871962	  959.1	  543.6	  226.0	.
871964	  958.9	  543.1	  225.0	.
871966	  959.2	  543.5	  225.0	.
871968	  959.2	  542.8	  225.0	.
871970	  959.2	  543.2	  225.0	.
871972	  959.2	  543.5	  225.0	.
871974	  959.4	  544.9	  225.0	.
871976	  959.2	  544.9	  224.0	.
871978	  959.1	  545.0	  224.0	.
871980	  959.4	  545.9	  224.0	.
871982	  959.6	  545.3	  224.0	.
871984	  959.3	  545.0	  224.0	.
871986	  959.0	  545.0	  225.0	.
871988	  958.5	  544.8	  225.0	.
871990	  958.5	  545.2	  225.0	.
871992	  958.5	  545.5	  225.0	.
871994	  959.6	  547.4	  224.0	.
871996	  959.7	  548.6	  224.0	.
871998	  959.3	  547.7	  224.0	.
872000	  958.9	  546.7	  224.0	.
872002	  959.4	  545.7	  224.0	.
872004	  958.9	  545.2	  224.0	.
872006	  958.4	  545.3	  224.0	.
872008	  958.7	  545.2	  224.0	.
872010	  957.9	  545.8	  224.0	.
872012	  958.3	  545.4	  224.0	.
872014	  958.6	  545.4	  225.0	.
872016	  958.6	  544.4	  225.0	.
872018	  958.6	  544.1	  225.0	.
872020	  958.5	  544.1	  226.0	.
872022	  957.7	  544.3	  224.0	.
872024	  958.1	  544.3	  224.0	.
872026	  958.1	  544.4	  223.0	.
872028	  958.1	  543.9	  223.0	.
872030	  957.6	  544.7	  223.0	.
872032	  957.6	  545.3	  223.0	.
872034	  958.2	  545.2	  223.0	.
872036	  958.1	  545.1	  223.0	.
872038	  958.0	  544.7	  223.0	.
872040	  957.1	  543.8	  224.0	.
872042	  956.4	  542.8	  224.0	.
872044	  955.8	  542.5	  223.0	.
872046	  955.5	  542.2	  223.0	.
872048	  955.9	  543.2	  224.0	.
872050	  956.0	  543.4	  223.0	.
872052	  954.8	  543.4	  223.0	.
872054	  954.5	  543.3	  223.0	.
872056	  954.1	  541.4	  223.0	.
872058	  952.2	  541.8	  223.0	.
872060	  953.2	  541.9	  223.0	.
872062	  954.1	  542.3	  223.0	.
872064	  953.5	  542.3	  223.0	.
872066	  953.5	  542.3	  223.0	.
872068	  953.6	  542.2	  223.0	.
872070	  953.7	  542.2	  223.0	.
872072	  953.9	  542.2	  223.0	.
872074	  953.8	  542.3	  224.0	.
872076	  954.0	  542.5	  224.0	.
872078	  953.7	  542.1	  224.0	.
872080	  953.9	  542.1	  223.0	.
872082	  952.7	  542.1	  223.0	.
872084	  951.9	  542.6	  223.0	.
872086	  951.5	  542.8	  223.0	.
872088	  952.1	  542.7	  223.0	.
872090	  952.5	  542.7	  223.0	.
872092	  952.9	  542.6	  224.0	.
872094	  952.1	  542.8	  224.0	.
872096	  952.0	  542.4	  222.0	.
872098	  951.8	  542.2	  222.0	.
872100	  951.9	  541.6	  222.0	.
872102	  952.3	  541.4	  222.0	.
872104	  952.9	  541.5	  222.0	.
872106	  953.5	  541.4	  222.0	.
872108	  954.3	  541.4	  222.0	.
872110	  954.3	  541.4	  222.0	.
872112	  954.5	  541.4	  222.0	.
872114	  954.4	  541.8	  223.0	.
872116	  954.5	  541.6	  222.0	.
872118	  954.5	  541.7	  223.0	.
872120	  954.7	  541.6	  223.0	.
872122	  953.8	  541.6	  223.0	.
872124	  954.5	  541.5	  223.0	.
872126	  954.5	  541.5	  222.0	.
872128	  954.4	  541.2	  222.0	.
872130	  954.2	  540.9	  222.0	.
872132	  953.9	  539.3	  223.0	.
872134	  953.6	  540.0	  223.0	.
872136	  953.4	  540.7	  223.0	.
872138	  953.5	  541.2	  223.0	.
872140	  952.9	  541.2	  223.0	.
872142	  952.9	  541.4	  223.0	.
872144	  952.9	  540.7	  223.0	.
872146	  953.7	  540.8	  223.0	.
872148	  953.8	  540.8	  223.0	.
872150	  952.3	  540.9	  223.0	.
872152	  952.4	  541.2	  223.0	.
872154	  952.4	  541.4	  223.0	.
872156	  953.0	  541.0	  223.0	.
872158	  953.4	  541.2	  223.0	.
872160	  953.2	  541.7	  223.0	.
872162	  954.7	  542.0	  223.0	.
872164	  955.0	  542.2	  222.0	.
872166	  954.4	  542.4	  222.0	.
872168	  954.0	  542.3	  222.0	.
872170	  953.9	  542.4	  222.0	.
872172	  953.8	  542.6	  222.0	.
872174	  953.9	  543.0	  222.0	.
872176	  953.6	  543.2	  222.0	.
872178	  953.2	  543.2	  222.0	.
872180	  952.3	  543.4	  222.0	.
872182	  952.3	  543.4	  222.0	.
872184	  952.1	  543.4	  222.0	.
872186	  952.2	  543.4	  222.0	.
872188	  952.2	  543.4	  222.0	.
872190	  953.5	  543.3	  222.0	.
872192	  953.7	  542.8	  222.0	.
872194	  953.4	  542.9	  222.0	.
872196	  953.5	  542.9	  222.0	.
872198	  953.5	  542.2	  222.0	.
872200	  953.6	  542.3	  222.0	.
872202	  953.2	  542.3	  222.0	.
872204	  953.8	  541.3	  223.0	.
872206	  953.7	  541.8	  224.0	.
872208	  953.8	  542.5	  224.0	.
872210	  953.8	  542.5	  224.0	.
872212	  953.7	  542.2	  224.0	.
872214	  953.7	  542.6	  225.0	.
872216	  953.5	  541.6	  225.0	.
872218	  953.2	  541.7	  226.0	.
872220	  953.6	  541.8	  225.0	.
872222	  954.2	  543.0	  226.0	.
872224	  954.3	  543.3	  226.0	.
872226	  954.2	  543.5	  227.0	.
872228	  953.9	  543.6	  227.0	.
872230	  953.8	  543.6	  226.0	.
872232	  953.8	  543.3	  226.0	.
872234	  954.0	  542.9	  224.0	.
872236	  953.8	  543.0	  224.0	.
872238	  953.7	  543.2	  223.0	.
872240	  953.5	  542.1	  223.0	.
872242	  953.1	  541.7	  223.0	.
872244	  953.0	  541.8	  224.0	.
872246	  952.9	  541.7	  224.0	.
872248	  953.1	  541.8	  224.0	.
872250	  953.4	  541.7	  225.0	.
872252	  953.9	  540.9	  226.0	.
872254	  953.5	  540.2	  226.0	.
872256	  953.1	  540.4	  227.0	.
872258	  953.2	  540.4	  227.0	.
872260	  953.2	  540.5	  226.0	.
872262	  953.9	  540.4	  226.0	.
872264	  954.8	  539.5	  226.0	.
872266	  954.4	  539.8	  227.0	.
872268	  954.4	  540.1	  227.0	.
872270	  954.2	  540.0	  227.0	.
872272	  953.9	  540.0	  227.0	.
872274	  954.7	  539.7	  227.0	.
872276	  954.9	  539.5	  227.0	.
872278	  954.9	  539.2	  227.0	.
872280	  954.8	  540.3	  227.0	.
872282	  953.0	  541.6	  226.0	.
872284	  953.8	  541.4	  226.0	.
872286	  954.6	  541.1	  226.0	.
872288	  956.2	  539.9	  228.0	.
872290	  956.2	  539.9	  228.0	.
872292	  956.1	  540.1	  229.0	.
872294	  956.0	  539.4	  229.0	.
872296	  955.6	  540.2	  228.0	.
872298	  955.6	  540.3	  228.0	.
872300	  955.1	  540.3	  228.0	.
872302	  955.2	  540.3	  228.0	.
872304	  955.2	  540.3	  228.0	.
872306	  955.3	  540.4	  228.0	.
872308	  954.4	  540.2	  229.0	.
872310	  954.9	  540.7	  229.0	.
872312	  955.0	  540.8	  230.0	.
872314	  955.1	  540.9	  231.0	.
872316	  954.4	  543.2	  232.0	.
872318	  954.3	  543.5	  232.0	.
872320	  954.1	  543.4	  231.0	.
872322	  954.9	  543.5	  231.0	.
872324	  954.4	  542.7	  231.0	.
872326	  954.0	  541.9	  231.0	.
872328	  953.4	  542.1	  231.0	.
872330	  953.2	  542.3	  231.0	.
872332	  953.1	  542.4	  231.0	.
872334	  953.2	  542.5	  231.0	.
872336	  952.7	  542.7	  231.0	.
872338	  952.2	  542.8	  231.0	.
872340	  953.2	  542.6	  231.0	.
872342	  952.9	  542.5	  231.0	.
872344	  952.6	  542.2	  231.0	.
872346	  952.4	  541.8	  231.0	.
872348	  952.2	  541.7	  231.0	.
872350	  953.0	  541.5	  234.0	.
872352	  953.7	  541.3	  234.0	.
872354	  953.9	  541.5	  234.0	.
872356	  953.3	  541.8	  234.0	.
872358	  953.9	  541.5	  233.0	.
872360	  953.8	  542.1	  234.0	.
872362	  953.7	  542.1	  234.0	.
872364	  952.8	  542.1	  234.0	.
872366	  952.4	  542.0	  234.0	.
872368	  952.5	  540.5	  235.0	.
872370	  952.8	  540.4	  235.0	.
872372	  952.7	  540.5	  235.0	.
872374	  952.4	  539.9	  235.0	.
872376	  952.3	  539.6	  235.0	.
872378	  952.4	  540.7	  235.0	.
872380	  952.7	  541.0	  236.0	.
872382	  952.5	  541.2	  236.0	.
872384	  953.3	  541.7	  237.0	.
872386	  952.6	  542.3	  237.0	.
872388	  952.8	  542.5	  237.0	.
872390	  952.7	  542.7	  237.0	.
872392	  952.5	  543.0	  237.0	.
872394	  951.9	  543.3	  238.0	.
872396	  951.7	  543.6	  238.0	.
872398	  952.4	  543.7	  240.0	.
872400	  952.0	  545.5	  240.0	.
872402	  952.5	  546.2	  240.0	.
872404	  951.6	  546.1	  240.0	.
872406	  951.5	  546.9	  240.0	.
872408	  951.3	  547.2	  240.0	.
872410	  951.0	  547.5	  244.0	.
872412	  950.8	  548.5	  245.0	.
872414	  950.2	  549.0	  245.0	.
872416	  949.5	  549.2	  245.0	.
872418	  949.8	  549.2	  244.0	.
872420	  949.8	  549.2	  244.0	.
872422	  949.9	  549.9	  245.0	.
872424	  949.7	  549.0	  246.0	.
872426	  949.6	  548.5	  246.0	.
872428	  950.4	  547.9	  246.0	.
872430	  951.1	  546.8	  245.0	.
872432	  951.0	  546.4	  245.0	.
872434	  950.8	  546.0	  245.0	.
872436	  950.6	  545.8	  246.0	.
872438	  950.3	  545.9	  247.0	.
872440	  950.7	  546.0	  247.0	.
872442	  949.5	  545.8	  248.0	.
872444	  948.4	  545.6	  248.0	.
872446	  948.8	  545.1	  248.0	.
872448	  948.3	  544.9	  248.0	.
872450	  948.7	  545.1	  248.0	.
872452	  948.9	  545.1	  248.0	.
872454	  949.2	  547.1	  248.0	.
872456	  950.1	  549.1	  248.0	.
872458	  950.2	  549.4	  248.0	.
872460	  950.0	  549.3	  249.0	.
872462	  949.9	  549.2	  250.0	.
872464	  949.6	  548.1	  250.0	.
872466	  949.4	  547.0	  251.0	.
872468	  949.2	  546.0	  252.0	.
872470	  949.0	  546.2	  252.0	.
872472	  949.0	  545.6	  253.0	.
872474	  949.1	  545.3	  254.0	.
872476	  949.2	  545.2	  254.0	.
872478	  948.1	  545.3	  253.0	.
872480	  948.5	  544.6	  253.0	.
872482	  948.4	  543.9	  253.0	.
872484	  948.3	  544.2	  253.0	.
872486	  948.0	  543.5	  253.0	.
872488	  948.2	  542.9	  254.0	.
872490	  947.2	  541.4	  255.0	.
872492	  947.5	  541.0	  255.0	.
872494	  947.8	  540.3	  256.0	.
872496	  947.9	  539.6	  260.0	.
872498	  948.0	  539.9	  260.0	.
872500	  948.8	  539.0	  260.0	.
872502	  949.5	  538.1	  260.0	.
872504	  950.3	  537.4	  260.0	.
872506	  950.2	  537.3	  260.0	.
872508	  950.9	  537.4	  263.0	.
872510	  951.4	  535.0	  263.0	.
872512	  951.1	  534.1	  263.0	.
872514	  951.2	  533.5	  264.0	.
872516	  951.2	  533.5	  264.0	.
872518	  951.2	  533.6	  265.0	.
872520	  951.2	  533.7	  265.0	.
872522	  950.4	  534.4	  266.0	.
872524	  950.3	  534.5	  266.0	.
872526	  950.6	  534.7	  266.0	.
872528	  950.5	  533.7	  267.0	.
872530	  950.7	  532.6	  266.0	.
872532	  950.2	  533.2	  266.0	.
872534	  949.6	  533.6	  266.0	.
872536	  948.2	  535.3	  266.0	.
872538	  949.3	  536.8	  266.0	.
872540	  949.0	  537.7	  266.0	.
872542	  948.7	  538.0	  266.0	.
872544	  946.8	  537.8	  267.0	.
872546	  946.8	  539.0	  269.0	.
872548	  946.8	  540.2	  271.0	.
872550	  948.2	  542.9	  271.0	.
872552	  948.4	  544.1	  268.0	.
872554	  947.9	  544.4	  268.0	.
872556	  947.5	  544.7	  268.0	.
872558	  947.9	  544.8	  269.0	.
872560	  947.3	  544.6	  269.0	.
872562	  946.7	  545.6	  269.0	.
872564	  946.0	  546.0	  267.0	.
872566	  945.2	  546.4	  267.0	.
872568	  946.1	  546.9	  268.0	.
872570	  945.6	  547.7	  270.0	.
872572	  946.1	  547.9	  270.0	.
872574	  946.2	  548.3	  270.0	.
872576	  946.2	  548.3	  271.0	.
872578	  946.2	  548.3	  271.0	.
872580	  946.3	  548.7	  271.0	.
872582	  945.7	  548.8	  271.0	.
872584	  946.1	  548.8	  271.0	.
872586	  946.4	  549.3	  272.0	.
872588	  946.9	  549.8	  272.0	.
872590	  947.2	  548.8	  273.0	.
872592	  947.2	  547.9	  273.0	.
872594	  947.1	  545.7	  273.0	.
872596	  948.0	  545.4	  273.0	.
872598	  948.8	  545.0	  274.0	.
872600	  949.1	  544.8	  276.0	.
872602	  949.4	  544.6	  277.0	.
872604	  949.3	  544.2	  277.0	.
872606	  949.8	  543.6	  276.0	.
872608	  950.0	  542.8	  276.0	.
872610	  950.1	  541.9	  277.0	.
872612	  949.4	  539.4	  279.0	.
872614	  949.8	  538.8	  279.0	.
872616	  950.3	  538.3	  280.0	.
872618	  951.7	  536.3	  281.0	.
872620	  951.9	  535.7	  281.0	.
872622	  952.5	  535.0	  281.0	.
872624	  954.0	  534.3	  279.0	.
872626	  956.5	  533.5	  279.0	.
872628	  958.9	  531.4	  279.0	.
872630	  961.1	  529.2	  279.0	.
872632	  962.1	  527.9	  279.0	.
872634	  962.2	  526.6	  279.0	.
872636	  962.0	  526.7	  279.0	.
872638	  961.9	  526.8	  279.0	.
872640	  960.5	  527.2	  279.0	.
872642	  960.3	  527.3	  279.0	.
872644	  960.1	  528.1	  279.0	.
872646	  959.3	  528.8	  280.0	.
872648	  958.4	  529.7	  280.0	.
872650	  957.2	  530.5	  280.0	.
872652	  955.9	  530.8	  280.0	.
872654	  955.7	  530.9	  280.0	.
872656	  955.5	  532.1	  281.0	.
872658	  955.3	  532.7	  283.0	.
872660	  955.2	  533.2	  283.0	.
872662	  955.3	  535.9	  282.0	.
872664	  955.6	  535.8	  282.0	.
872666	  955.5	  535.7	  281.0	.
872668	  955.5	  535.0	  281.0	.
872670	  955.5	  534.4	  281.0	.
872672	  955.4	  533.7	  282.0	.
872674	  955.4	  533.4	  282.0	.
872676	  956.5	  533.3	  284.0	.
872678	  956.9	  533.3	  284.0	.
872680	  957.1	  533.7	  283.0	.
872682	  956.2	  533.0	  283.0	.
872684	  955.3	  532.9	  283.0	.
872686	  955.8	  532.6	  283.0	.
872688	  955.1	  531.5	  284.0	.
872690	  955.6	  531.2	  284.0	.
872692	  956.0	  530.9	  285.0	.
872694	  956.4	  530.6	  285.0	.
872696	  956.4	  530.4	  285.0	.
872698	  956.1	  529.9	  285.0	.
872700	  955.8	  529.3	  285.0	.
872702	  956.0	  529.4	  286.0	.
872704	  956.1	  529.2	  287.0	.
872706	  955.8	  530.0	  288.0	.
872708	  955.4	  529.4	  288.0	.
872710	  954.8	  529.5	  288.0	.
872712	  954.7	  529.1	  288.0	.
872714	  954.7	  528.8	  288.0	.
872716	  954.9	  529.6	  287.0	.
872718	  954.4	  529.3	  287.0	.
872720	  955.0	  529.8	  287.0	.
872722	  955.5	  529.3	  287.0	.
872724	  955.4	  529.5	  288.0	.
872726	  955.4	  529.5	  288.0	.
872728	  955.2	  530.8	  288.0	.
872730	  953.6	  531.0	  288.0	.
872732	  954.0	  530.4	  288.0	.
872734	  953.3	  530.0	  288.0	.
872736	  952.7	  529.9	  288.0	.
872738	  951.0	  530.0	  289.0	.
872740	  950.9	  530.1	  289.0	.
872742	  951.6	  530.1	  288.0	.
872744	  952.9	  530.2	  288.0	.
872746	  953.3	  529.9	  288.0	.
872748	  952.4	  529.7	  288.0	.
872750	  952.5	  530.1	  289.0	.
872752	  952.4	  530.5	  289.0	.
872754	  952.0	  530.8	  287.0	.
872756	  953.5	  530.7	  287.0	.
872758	  953.2	  530.2	  287.0	.
872760	  952.7	  529.8	  288.0	.
872762	  953.9	  529.7	  289.0	.
872764	  954.9	  528.3	  289.0	.
872766	  954.6	  528.1	  289.0	.
872768	  954.3	  528.0	  290.0	.
872770	  954.6	  527.3	  290.0	.
872772	  954.4	  527.2	  290.0	.
872774	  954.4	  527.0	  290.0	.
872776	  953.8	  526.9	  290.0	.
872778	  953.7	  527.5	  289.0	.
872780	  953.4	  527.0	  289.0	.
872782	  953.9	  526.7	  289.0	.
872784	  953.3	  527.0	  289.0	.
872786	  953.4	  527.1	  290.0	.
872788	  953.2	  527.4	  290.0	.
872790	  953.7	  527.7	  290.0	.
872792	  954.4	  527.8	  290.0	.
872794	  954.3	  527.8	  291.0	.
872796	  954.1	  528.9	  291.0	.
872798	  954.0	  529.8	  291.0	.
872800	  953.6	  529.8	  291.0	.
872802	  953.5	  529.7	  291.0	.
872804	  953.7	  530.2	  291.0	.
872806	  953.9	  529.5	  291.0	.
872808	  954.7	  530.0	  291.0	.
872810	  954.9	  530.1	  291.0	.
872812	  954.6	  530.0	  291.0	.
872814	  954.6	  529.9	  291.0	.
872816	  954.4	  530.0	  291.0	.
872818	  954.4	  529.7	  292.0	.
872820	  954.9	  529.8	  293.0	.
872822	  955.2	  530.0	  293.0	.
872824	  955.3	  530.8	  293.0	.
872826	  955.5	  530.7	  292.0	.
872828	  955.1	  531.1	  291.0	.
872830	  955.5	  529.5	  291.0	.
872832	  955.6	  528.0	  291.0	.
872834	  955.7	  527.6	  291.0	.
872836	  955.6	  527.2	  293.0	.
872838	  955.7	  527.4	  293.0	.
872840	  955.9	  527.7	  292.0	.
872842	  955.9	  528.0	  292.0	.
872844	  955.9	  528.0	  292.0	.
872846	  956.2	  528.0	  292.0	.
872848	  956.1	  527.7	  292.0	.
872850	  956.2	  527.5	  292.0	.
872852	  956.1	  527.5	  292.0	.
872854	  955.9	  527.6	  292.0	.
872856	  955.7	  527.7	  292.0	.
872858	  955.7	  527.6	  292.0	.
872860	  955.8	  527.9	  292.0	.
872862	  955.7	  527.8	  292.0	.
872864	  955.6	  528.0	  292.0	.
872866	  955.6	  528.0	  292.0	.
872868	  955.6	  527.7	  292.0	.
872870	  955.8	  527.9	  293.0	.
872872	  955.8	  526.8	  293.0	.
872874	  956.1	  526.6	  293.0	.
872876	  955.9	  527.0	  293.0	.
872878	  955.6	  526.3	  295.0	.
872880	  954.8	  526.6	  295.0	.
872882	  954.8	  526.3	  295.0	.
872884	  954.9	  526.6	  295.0	.
872886	  955.2	  526.8	  295.0	.
872888	  955.4	  527.7	  295.0	.
872890	  954.7	  527.2	  294.0	.
872892	  955.0	  527.5	  293.0	.
872894	  954.4	  527.9	  293.0	.
872896	  953.9	  527.6	  293.0	.
872898	  953.3	  527.8	  293.0	.
872900	  952.8	  528.1	  293.0	.
872902	  952.7	  527.4	  293.0	.
872904	  952.9	  528.5	  293.0	.
872906	  953.5	  528.8	  293.0	.
872908	  954.1	  528.5	  294.0	.
872910	  954.0	  529.1	  295.0	.
872912	  954.0	  529.7	  296.0	.
872914	  953.9	  529.9	  296.0	.
872916	  954.1	  529.5	  296.0	.
872918	  954.1	  529.0	  297.0	.
872920	  954.6	  528.8	  297.0	.
872922	  954.8	  529.6	  297.0	.
872924	  954.6	  529.6	  296.0	.
872926	  954.3	  529.6	  296.0	.
872928	  954.0	  528.8	  296.0	.
872930	  953.4	  527.7	  296.0	.
872932	  953.0	  528.4	  297.0	.
872934	  952.9	  529.1	  297.0	.
872936	  953.2	  528.9	  296.0	.
872938	  952.6	  528.8	  296.0	.
872940	  952.2	  529.1	  296.0	.
872942	  952.6	  529.2	  296.0	.
872944	  953.2	  528.5	  296.0	.
872946	  953.4	  528.9	  295.0	.
872948	  953.7	  529.2	  296.0	.
872950	  953.6	  529.5	  297.0	.
872952	  953.7	  529.5	  297.0	.
872954	  953.8	  529.5	  297.0	.
872956	  953.9	  529.2	  297.0	.
872958	  953.7	  528.9	  297.0	.
872960	  953.8	  529.3	  297.0	.
872962	  953.9	  528.6	  297.0	.
872964	  953.3	  528.7	  297.0	.
872966	  953.1	  529.0	  297.0	.
872968	  953.1	  528.6	  297.0	.
872970	  953.5	  528.0	  297.0	.
872972	  953.6	  528.6	  297.0	.
872974	  953.4	  529.1	  297.0	.
872976	  953.7	  529.0	  298.0	.
872978	  953.8	  528.8	  298.0	.
872980	  952.9	  529.5	  298.0	.
872982	  952.9	  529.4	  299.0	.
872984	  953.2	  529.4	  300.0	.
872986	  953.1	  528.9	  300.0	.
872988	  953.1	  526.6	  298.0	.
872990	  952.7	  527.3	  298.0	.
872992	  952.5	  527.7	  301.0	.
872994	  951.9	  527.9	  301.0	.
872996	  951.7	  528.2	  301.0	.
872998	  951.0	  528.8	  301.0	.
873000	  951.5	  529.3	  302.0	.
873002	  951.1	  529.0	  302.0	.
873004	  951.3	  528.6	  302.0	.
873006	  951.2	  528.0	  303.0	.
873008	  951.2	  528.8	  304.0	.
873010	  950.9	  529.6	  304.0	.
873012	  950.4	  530.0	  304.0	.
873014	  949.5	  530.3	  303.0	.
873016	  949.6	  531.2	  303.0	.
873018	  949.4	  531.6	  304.0	.
873020	  948.7	  531.9	  306.0	.
873022	  947.8	  532.0	  306.0	.
873024	  948.9	  531.9	  306.0	.
873026	  949.7	  531.8	  305.0	.
873028	  949.6	  531.6	  305.0	.
873030	  949.2	  531.4	  305.0	.
873032	  949.3	  530.3	  305.0	.
873034	  949.2	  529.1	  305.0	.
873036	  946.4	  529.5	  304.0	.
873038	  947.0	  529.3	  304.0	.
873040	  947.2	  529.5	  306.0	.
873042	  947.1	  529.6	  306.0	.
873044	  947.4	  529.9	  305.0	.
873046	  947.3	  529.3	  305.0	.
873048	  948.2	  528.7	  306.0	.
873050	  948.0	  528.0	  306.0	.
873052	  948.1	  528.5	  306.0	.
873054	  948.4	  528.8	  306.0	.
873056	  948.9	  529.2	  306.0	.
873058	  948.9	  529.1	  306.0	.
873060	  948.9	  529.1	  306.0	.
873062	  949.0	  529.4	  306.0	.
873064	  949.3	  528.5	  306.0	.
873066	  949.2	  527.4	  306.0	.
873068	  949.2	  527.6	  306.0	.
873070	  949.1	  527.5	  307.0	.
873072	  949.3	  527.4	  307.0	.
873074	  949.3	  527.4	  307.0	.
873076	  949.2	  526.6	  306.0	.
873078	  949.3	  525.6	  306.0	.
873080	  949.6	  526.4	  305.0	.
873082	  949.6	  526.6	  305.0	.
873084	  949.7	  526.9	  305.0	.
873086	  950.3	  527.5	  305.0	.
873088	  950.8	  527.4	  305.0	.
873090	  950.9	  527.6	  305.0	.
873092	  951.0	  527.4	  305.0	.
873094	  953.1	  526.8	  305.0	.
873096	  953.2	  526.2	  305.0	.
873098	  953.2	  526.2	  305.0	.
873100	  952.6	  526.3	  305.0	.
873102	  952.0	  526.4	  305.0	.
873104	  952.3	  526.4	  306.0	.
873106	  952.5	  526.4	  308.0	.
873108	  952.5	  526.8	  308.0	.
873110	  952.6	  527.2	  307.0	.
873112	  953.0	  527.3	  307.0	.
873114	  953.4	  527.5	  307.0	.
873116	  954.1	  528.0	  307.0	.
873118	  954.3	  528.3	  307.0	.
873120	  954.2	  528.5	  306.0	.
873122	  954.2	  528.6	  306.0	.
873124	  954.1	  528.5	  306.0	.
873126	  954.1	  528.4	  306.0	.
873128	  954.2	  527.8	  306.0	.
873130	  953.6	  527.7	  306.0	.
873132	  953.5	  527.5	  306.0	.
873134	  953.4	  525.8	  305.0	.
873136	  953.5	  526.3	  305.0	.
873138	  953.1	  526.3	  303.0	.
873140	  953.7	  527.1	  302.0	.
873142	  954.2	  527.4	  302.0	.
873144	  954.5	  527.5	  302.0	.
873146	  954.6	  527.6	  302.0	.
873148	  954.6	  528.9	  302.0	.
873150	  955.0	  529.0	  302.0	.
873152	  955.4	  528.8	  302.0	.
873154	  955.0	  528.9	  303.0	.
873156	  955.1	  529.0	  303.0	.
873158	  955.2	  528.8	  301.0	.
873160	  955.8	  528.5	  301.0	.
873162	  956.0	  528.0	  301.0	.
873164	  956.2	  527.6	  301.0	.
873166	  957.4	  527.8	  301.0	.
873168	  958.6	  527.9	  300.0	.
873170	  958.8	  529.0	  300.0	.
873172	  958.7	  528.4	  301.0	.
873174	  958.7	  527.9	  301.0	.
873176	  957.6	  526.8	  301.0	.
873178	  956.5	  526.4	  299.0	.
873180	  956.3	  524.8	  299.0	.
873182	  956.0	  524.9	  299.0	.
873184	  957.0	  524.8	  299.0	.
873186	  956.3	  525.4	  299.0	.
873188	  956.8	  524.6	  299.0	.
873190	  957.1	  524.0	  299.0	.
873192	  956.9	  523.7	  299.0	.
873194	  956.6	  524.3	  299.0	.
873196	  955.9	  524.8	  299.0	.
873198	  955.6	  525.3	  298.0	.
873200	  955.7	  525.5	  298.0	.
873202	  955.9	  524.7	  297.0	.
873204	  955.6	  524.8	  297.0	.
873206	  955.2	  524.6	  298.0	.
873208	  955.1	  524.3	  298.0	.
873210	  954.8	  524.8	  298.0	.
873212	  955.1	  525.3	  299.0	.
873214	  955.2	  525.4	  300.0	.
873216	  955.8	  525.4	  300.0	.
873218	  955.5	  525.7	  297.0	.
873220	  956.5	  525.8	  297.0	.
873222	  956.4	  526.8	  297.0	.
873224	  956.4	  526.7	  297.0	.
873226	  956.6	  526.6	  296.0	.
873228	  955.2	  527.2	  296.0	.
873230	  955.0	  527.3	  295.0	.
873232	  955.0	  527.3	  294.0	.
873234	  955.1	  527.3	  293.0	.
873236	  955.3	  527.3	  293.0	.
873238	  955.4	  526.6	  293.0	.
873240	  955.6	  526.6	  293.0	.
873242	  955.7	  526.0	  293.0	.
873244	  955.7	  526.4	  293.0	.
873246	  955.6	  526.7	  295.0	.
873248	  955.4	  527.3	  295.0	.
873250	  955.4	  527.5	  290.0	.
873252	  955.4	  527.5	  289.0	.
873254	  955.9	  528.5	  289.0	.
873256	  956.5	  528.3	  289.0	.
873258	  956.1	  528.2	  289.0	.
873260	  956.4	  527.6	  289.0	.
873262	  956.6	  527.0	  289.0	.
873264	  956.2	  526.6	  289.0	.
873266	  956.6	  527.1	  289.0	.
873268	  957.1	  527.6	  289.0	.
873270	  956.8	  527.3	  289.0	.
873272	  957.0	  527.2	  289.0	.
873274	  956.4	  527.2	  289.0	.
873276	  955.9	  527.0	  289.0	.
873278	  956.7	  526.9	  289.0	.
873280	  956.0	  527.0	  290.0	.
873282	  955.3	  527.0	  290.0	.
873284	  954.5	  526.9	  290.0	.
873286	  954.9	  526.1	  289.0	.
873288	  955.4	  526.6	  289.0	.
873290	  955.6	  527.1	  288.0	.
873292	  955.9	  528.9	  288.0	.
873294	  955.9	  528.9	  288.0	.
873296	  955.3	  528.5	  287.0	.
873298	  954.6	  527.6	  287.0	.
873300	  954.6	  527.6	  287.0	.
873302	  954.9	  527.6	  287.0	.
873304	  955.1	  527.3	  287.0	.
873306	  955.8	  527.0	  287.0	.
873308	  956.1	  527.8	  287.0	.
873310	  956.4	  527.4	  288.0	.
873312	  956.6	  526.9	  288.0	.
873314	  956.8	  527.1	  288.0	.
873316	  957.0	  526.7	  287.0	.
873318	  956.6	  526.5	  287.0	.
873320	  956.5	  526.9	  288.0	.
873322	  956.7	  527.3	  287.0	.
873324	  956.7	  527.5	  288.0	.
873326	  956.5	  527.7	  288.0	.
873328	  956.2	  528.2	  288.0	.
873330	  956.1	  528.0	  288.0	.
873332	  955.9	  528.1	  287.0	.
873334	  956.8	  528.1	  286.0	.
873336	  957.5	  528.2	  286.0	.
873338	  958.1	  527.6	  285.0	.
873340	  958.1	  527.9	  284.0	.
873342	  958.0	  528.3	  284.0	.
873344	  957.7	  529.4	  286.0	.
873346	  957.7	  528.7	  286.0	.
873348	  957.5	  528.3	  286.0	.
873350	  957.9	  528.1	  284.0	.
873352	  958.2	  528.0	  284.0	.
873354	  957.6	  528.2	  284.0	.
873356	  958.1	  527.6	  284.0	.
873358	  958.8	  527.3	  284.0	.
873360	  958.7	  527.0	  284.0	.
873362	  958.8	  526.7	  283.0	.
873364	  958.5	  526.6	  283.0	.
873366	  958.7	  526.6	  283.0	.
873368	  958.6	  526.6	  282.0	.
873370	  957.6	  525.9	  282.0	.
873372	  956.5	  526.1	  282.0	.
873374	  956.4	  525.6	  282.0	.
873376	  957.1	  526.3	  282.0	.
873378	  957.0	  527.1	  281.0	.
873380	  957.3	  527.3	  281.0	.
873382	  957.6	  527.5	  281.0	.
873384	  957.4	  528.1	  281.0	.
873386	  957.6	  528.2	  281.0	.
873388	  958.4	  528.1	  283.0	.
873390	  958.5	  528.2	  283.0	.
873392	  958.4	  528.4	  282.0	.
873394	  957.8	  528.5	  281.0	.
873396	  957.1	  528.6	  281.0	.
873398	  957.6	  528.8	  280.0	.
873400	  957.5	  528.7	  280.0	.
873402	  957.7	  529.0	  280.0	.
873404	  958.2	  529.0	  280.0	.
873406	  958.9	  528.9	  281.0	.
873408	  959.2	  530.2	  281.0	.
873410	  959.4	  530.6	  281.0	.
873412	  959.1	  531.1	  281.0	.
873414	  959.1	  532.4	  281.0	.
873416	  959.1	  531.9	  281.0	.
873418	  959.4	  531.2	  281.0	.
873420	  958.6	  531.2	  280.0	.
873422	  958.9	  531.4	  280.0	.
873424	  959.0	  531.7	  279.0	.
873426	  958.9	  531.9	  279.0	.
873428	  958.6	  532.2	  279.0	.
873430	  958.8	  532.2	  279.0	.
873432	  958.8	  531.3	  279.0	.
873434	  959.7	  530.0	  279.0	.
873436	  960.5	  530.2	  279.0	.
873438	  961.0	  530.3	  278.0	.
873440	  961.3	  530.3	  278.0	.
873442	  961.5	  530.7	  279.0	.
873444	  961.4	  530.6	  279.0	.
873446	  962.1	  530.3	  276.0	.
873448	  962.5	  529.5	  276.0	.
873450	  962.8	  529.3	  275.0	.
873452	  962.5	  529.4	  275.0	.
873454	  962.9	  527.8	  276.0	.
873456	  963.2	  528.0	  278.0	.
873458	  963.4	  528.1	  278.0	.
873460	  963.4	  528.9	  278.0	.
873462	  963.9	  529.9	  278.0	.
873464	  963.6	  530.3	  278.0	.
873466	  963.4	  530.6	  278.0	.
873468	  963.1	  531.3	  277.0	.
873470	  963.0	  530.4	  277.0	.
873472	  962.8	  530.2	  276.0	.
873474	  962.2	  530.0	  276.0	.
873476	  962.3	  530.1	  276.0	.
873478	  962.6	  530.0	  276.0	.
873480	  961.9	  530.6	  275.0	.
873482	  962.1	  531.0	  275.0	.
873484	  961.5	  531.5	  275.0	.
873486	  960.9	  531.9	  275.0	.
873488	  961.3	  533.4	  275.0	.
873490	  961.3	  534.0	  275.0	.
873492	  961.5	  534.5	  276.0	.
873494	  961.6	  534.2	  276.0	.
873496	  961.7	  533.8	  275.0	.
873498	  961.9	  534.1	  275.0	.
873500	  961.5	  534.3	  276.0	.
873502	  961.9	  534.3	  276.0	.
873504	  961.7	  534.2	  276.0	.
873506	  962.3	  534.0	  276.0	.
873508	  962.4	  533.5	  276.0	.
873510	  962.3	  533.5	  279.0	.
873512	  962.5	  533.7	  279.0	.
873514	  961.7	  533.8	  279.0	.
873516	  961.3	  534.2	  279.0	.
873518	  961.2	  534.6	  279.0	.
873520	  961.6	  534.6	  279.0	.
873522	  961.3	  534.8	  280.0	.
873524	  960.9	  534.6	  280.0	.
873526	  960.7	  534.7	  279.0	.
873528	  960.4	  534.7	  279.0	.
873530	  960.5	  534.4	  277.0	.
873532	  960.2	  534.0	  277.0	.
873534	  959.8	  533.0	  277.0	.
873536	  959.0	  533.2	  277.0	.
873538	  960.3	  533.2	  276.0	.
873540	  960.2	  533.3	  276.0	.
873542	  961.2	  532.9	  276.0	.
873544	  961.1	  533.5	  276.0	.
873546	  961.0	  533.3	  276.0	.
873548	  961.1	  533.0	  276.0	.
873550	  961.0	  531.7	  276.0	.
873552	  961.2	  531.6	  276.0	.
873554	  961.5	  531.5	  276.0	.
873556	  961.6	  531.0	  277.0	.
873558	  961.7	  531.0	  277.0	.
873560	  961.7	  531.2	  277.0	.
873562	  961.6	  531.6	  278.0	.
873564	  961.6	  531.4	  277.0	.
873566	  961.5	  531.2	  276.0	.
873568	  961.7	  531.9	  276.0	.
873570	  961.4	  532.7	  277.0	.
873572	  961.7	  534.3	  278.0	.
873574	  961.6	  534.3	  278.0	.
873576	  961.6	  535.4	  278.0	.
873578	  961.2	  535.8	  279.0	.
873580	  961.2	  535.6	  279.0	.
873582	  960.6	  535.5	  279.0	.
873584	  960.6	  535.5	  279.0	.
MSG	873585 DSP: STIM
873586	  960.6	  535.7	  278.0	.
873588	  959.6	  536.1	  277.0	.
873590	  958.7	  536.6	  277.0	.
873592	  958.7	  536.5	  277.0	.
873594	  958.7	  536.5	  277.0	.
873596	  958.7	  536.3	  277.0	.
873598	  960.0	  535.7	  278.0	.
873600	  961.3	  534.9	  278.0	.
873602	  961.7	  534.7	  278.0	.
873604	  961.5	  535.2	  281.0	.
873606	  961.2	  534.7	  281.0	.
873608	  961.1	  534.1	  281.0	.
873610	  960.8	  532.6	  281.0	.
873612	  960.6	  532.4	  280.0	.
873614	  960.3	  532.2	  281.0	.
873616	  960.2	  532.0	  281.0	.
873618	  959.9	  531.6	  281.0	.
873620	  960.0	  531.2	  282.0	.
873622	  959.5	  531.2	  282.0	.
873624	  959.8	  530.3	  282.0	.
873626	  960.1	  530.6	  281.0	.
873628	  959.3	  531.0	  281.0	.
873630	  959.3	  531.3	  281.0	.
873632	  959.3	  531.6	  279.0	.
873634	  959.3	  533.0	  279.0	.
873636	  959.7	  533.6	  279.0	.
873638	  959.8	  532.5	  279.0	.
873640	  959.4	  531.5	  281.0	.
873642	  959.1	  532.7	  281.0	.
873644	  959.3	  532.5	  282.0	.
873646	  958.8	  532.6	  281.0	.
873648	  958.3	  532.5	  281.0	.
873650	  959.0	  532.4	  281.0	.
873652	  958.6	  532.4	  281.0	.
873654	  958.2	  532.2	  281.0	.
873656	  958.3	  533.6	  281.0	.
873658	  958.4	  533.6	  281.0	.
873660	  958.4	  533.6	  282.0	.
873662	  958.4	  534.1	  284.0	.
873664	  958.3	  532.7	  284.0	.
873666	  958.6	  532.0	  284.0	.
873668	  958.8	  531.5	  284.0	.
873670	  960.2	  531.2	  284.0	.
873672	  960.0	  531.0	  285.0	.
873674	  959.9	  532.6	  285.0	.
873676	  960.0	  534.0	  284.0	.
873678	  960.1	  535.4	  284.0	.
873680	  960.6	  536.2	  284.0	.
873682	  960.8	  536.6	  285.0	.
873684	  960.9	  536.5	  285.0	.
873686	  960.5	  536.5	  285.0	.
873688	  960.0	  536.4	  285.0	.
873690	  959.8	  536.4	  285.0	.
873692	  959.6	  536.2	  285.0	.
873694	  959.8	  535.7	  285.0	.
873696	  959.2	  535.6	  285.0	.
873698	  959.0	  535.7	  285.0	.
873700	  958.9	  536.2	  285.0	.
873702	  958.2	  536.6	  285.0	.
873704	  958.4	  535.6	  285.0	.
873706	  958.7	  535.4	  286.0	.
873708	  958.9	  535.2	  286.0	.
873710	  959.1	  534.9	  287.0	.
873712	  959.0	  534.6	  288.0	.
873714	  958.9	  534.3	  288.0	.
873716	  958.9	  534.0	  288.0	.
873718	  958.9	  534.0	  290.0	.
873720	  958.3	  533.9	  291.0	.
873722	  958.1	  533.3	  291.0	.
873724	  958.2	  533.7	  290.0	.
873726	  957.0	  533.5	  289.0	.
873728	  957.6	  533.0	  289.0	.
873730	  958.0	  531.7	  289.0	.
873732	  957.5	  532.5	  289.0	.
873734	  956.9	  532.3	  289.0	.
873736	  956.8	  532.1	  288.0	.
873738	  956.7	  532.2	  288.0	.
873740	  956.6	  531.8	  288.0	.
873742	  956.4	  531.7	  288.0	.
873744	  955.5	  531.7	  287.0	.
873746	  955.3	  531.2	  287.0	.
873748	  955.2	  530.7	  288.0	.
873750	  955.9	  531.6	  288.0	.
873752	  956.6	  531.8	  288.0	.
873754	  957.9	  531.6	  290.0	.
873756	  958.0	  532.0	  290.0	.
873758	  955.6	  532.3	  290.0	.
EFIX L   870416	873758	3344	  953.3	  537.5	    287
SSACC L  873760
873760	  954.9	  533.2	  290.0	.
873762	  953.0	  534.2	  292.0	.
873764	  945.0	  534.8	  293.0	.
873766	  927.7	  536.9	  293.0	.
873768	  906.7	  538.7	  293.0	.
873770	  879.1	  542.8	  294.0	.
873772	  848.7	  547.0	  296.0	.
873774	  810.1	  551.6	  299.0	.
873776	  777.1	  555.8	  300.0	.
873778	  738.4	  560.5	  300.0	.
873780	  700.4	  562.1	  300.0	.
873782	  663.0	  563.4	  300.0	.
873784	  626.2	  565.8	  300.0	.
873786	  592.1	  558.3	  299.0	.
873788	  558.5	  559.6	  299.0	.
873790	  523.7	  561.2	  298.0	.
873792	  493.9	  562.2	  298.0	.
873794	  465.3	  562.9	  297.0	.
873796	  443.6	  563.0	  297.0	.
873798	  431.5	  562.0	  296.0	.
873800	  420.6	  562.8	  296.0	.
873802	  419.8	  563.2	  296.0	.
873804	  419.5	  563.0	  297.0	.
873806	  419.5	  562.8	  298.0	.
ESACC L  873760	873806	48	  954.9	  533.2	  419.5	  563.0	  13.07	    456
SFIX L   873808
873808	  421.5	  561.8	  299.0	.
873810	  421.6	  561.0	  299.0	.
873812	  420.9	  561.0	  300.0	.
873814	  420.1	  560.9	  301.0	.
873816	  420.1	  560.5	  301.0	.
873818	  419.9	  560.9	  301.0	.
873820	  419.7	  561.5	  301.0	.
873822	  420.4	  561.1	  302.0	.
873824	  421.0	  560.7	  302.0	.
873826	  422.8	  560.6	  302.0	.
873828	  422.6	  560.7	  302.0	.
873830	  423.2	  560.8	  301.0	.
873832	  422.3	  561.0	  300.0	.
873834	  422.1	  560.7	  300.0	.
873836	  421.8	  561.1	  300.0	.
873838	  421.2	  561.4	  301.0	.
873840	  420.9	  561.3	  303.0	.
873842	  421.0	  561.0	  303.0	.
873844	  420.4	  562.0	  298.0	.
873846	  420.2	  561.8	  298.0	.
873848	  420.2	  561.6	  299.0	.
873850	  420.2	  561.6	  300.0	.
873852	  420.4	  561.7	  301.0	.
873854	  420.6	  561.5	  301.0	.
873856	  419.9	  561.5	  302.0	.
873858	  420.1	  561.4	  301.0	.
873860	  419.5	  561.4	  301.0	.
873862	  419.7	  561.4	  301.0	.
873864	  419.7	  561.5	  301.0	.
873866	  419.7	  561.2	  301.0	.
873868	  419.5	  560.9	  302.0	.
873870	  419.4	  561.0	  303.0	.
873872	  419.3	  561.1	  302.0	.
873874	  419.3	  561.2	  302.0	.
873876	  418.5	  561.0	  302.0	.
873878	  418.1	  560.9	  302.0	.
873880	  417.9	  561.0	  303.0	.
873882	  417.8	  561.6	  304.0	.
873884	  417.6	  561.4	  304.0	.
873886	  418.0	  561.2	  304.0	.
873888	  417.8	  560.1	  304.0	.
873890	  418.1	  559.6	  304.0	.
873892	  418.4	  559.1	  304.0	.
873894	  418.6	  559.3	  304.0	.
873896	  418.4	  559.1	  304.0	.
873898	  419.0	  558.9	  304.0	.
873900	  418.4	  558.9	  304.0	.
873902	  418.3	  558.6	  305.0	.
873904	  418.4	  558.2	  305.0	.
873906	  418.4	  557.5	  305.0	.
873908	  418.3	  557.3	  305.0	.
873910	  419.5	  557.3	  305.0	.
873912	  419.5	  557.5	  305.0	.
873914	  419.7	  558.7	  308.0	.
873916	  419.6	  558.8	  308.0	.
873918	  419.7	  558.5	  308.0	.
873920	  419.6	  558.3	  308.0	.
873922	  419.5	  558.2	  308.0	.
873924	  419.5	  558.1	  308.0	.
873926	  419.4	  557.5	  308.0	.
873928	  419.4	  557.7	  307.0	.
873930	  419.4	  557.6	  307.0	.
873932	  419.1	  557.6	  307.0	.
873934	  419.2	  557.0	  307.0	.
873936	  419.2	  556.9	  307.0	.
873938	  419.6	  556.9	  306.0	.
873940	  419.6	  557.0	  306.0	.
873942	  419.6	  557.0	  306.0	.
873944	  419.4	  557.7	  306.0	.
873946	  419.3	  557.7	  306.0	.
873948	  419.3	  558.2	  306.0	.
873950	  419.2	  557.9	  306.0	.
873952	  419.1	  558.2	  306.0	.
873954	  419.1	  557.8	  306.0	.
873956	  419.3	  557.5	  306.0	.
873958	  419.3	  557.9	  306.0	.
873960	  419.1	  558.3	  306.0	.
873962	  419.3	  557.9	  306.0	.
873964	  419.1	  557.4	  307.0	.
873966	  419.1	  557.4	  307.0	.
873968	  418.8	  557.4	  307.0	.
873970	  418.7	  557.8	  308.0	.
873972	  418.8	  556.5	  308.0	.
873974	  419.0	  555.8	  309.0	.
873976	  419.3	  555.6	  309.0	.
873978	  419.0	  555.3	  309.0	.
873980	  418.6	  555.0	  309.0	.
873982	  419.0	  555.5	  309.0	.
873984	  418.6	  556.0	  309.0	.
873986	  418.2	  556.0	  308.0	.
873988	  417.8	  555.4	  309.0	.
873990	  417.5	  554.6	  309.0	.
873992	  417.6	  554.5	  308.0	.
873994	  417.8	  555.1	  308.0	.
873996	  418.3	  554.0	  308.0	.
873998	  418.3	  554.9	  308.0	.
874000	  418.1	  553.8	  309.0	.
874002	  417.8	  552.6	  310.0	.
874004	  417.7	  553.3	  309.0	.
874006	  417.7	  553.5	  309.0	.
874008	  417.8	  553.4	  310.0	.
874010	  417.9	  554.8	  309.0	.
874012	  417.9	  553.3	  311.0	.
874014	  418.0	  551.8	  312.0	.
874016	  418.0	  551.9	  312.0	.
874018	  417.9	  551.2	  312.0	.
874020	  417.9	  550.5	  313.0	.
874022	  417.1	  550.5	  313.0	.
874024	  417.1	  550.5	  313.0	.
874026	  417.2	  549.8	  313.0	.
874028	  416.9	  549.7	  313.0	.
874030	  417.3	  549.4	  313.0	.
874032	  417.2	  546.6	  313.0	.
874034	  417.3	  549.7	  313.0	.
874036	  416.9	  549.5	  314.0	.
874038	  417.1	  549.9	  313.0	.
874040	  416.9	  548.9	  313.0	.
874042	  416.7	  547.8	  313.0	.
874044	  417.3	  547.2	  314.0	.
874046	  416.9	  546.9	  314.0	.
874048	  417.0	  546.7	  314.0	.
874050	  417.1	  546.8	  313.0	.
874052	  416.8	  547.0	  313.0	.
874054	  416.5	  547.3	  313.0	.
874056	  416.3	  547.1	  314.0	.
874058	  416.5	  546.8	  315.0	.
874060	  416.4	  546.1	  315.0	.
874062	  416.5	  545.2	  315.0	.
874064	  417.0	  544.4	  317.0	.
874066	  417.5	  542.6	  317.0	.
EFIX L   873808	874066	260	  418.8	  556.5	    306
SSACC L  874068
874068	  418.6	  544.1	  316.0	.
874070	  419.8	  545.7	  316.0	.
874072	  423.3	  546.5	  316.0	.
874074	  428.3	  547.3	  316.0	.
874076	  448.0	  556.4	  315.0	.
874078	  474.6	  558.8	  315.0	.
874080	  510.9	  561.4	  316.0	.
874082	  550.9	  568.3	  319.0	.
874084	  594.9	  566.5	  321.0	.
874086	  647.9	  573.1	  321.0	.
874088	  692.7	  572.9	  321.0	.
874090	  741.1	  577.5	  323.0	.
874092	  794.4	  583.4	  323.0	.
874094	  848.9	  589.7	  323.0	.
874096	  909.1	  588.8	  323.0	.
874098	  956.9	  601.0	  321.0	.
874100	 1010.1	  605.9	  320.0	.
874102	 1066.3	  611.9	  320.0	.
874104	 1122.3	  616.0	  320.0	.
874106	 1172.6	  615.1	  320.0	.
874108	 1221.2	  616.4	  320.0	.
874110	 1265.6	  614.9	  320.0	.
874112	 1308.6	  610.9	  318.0	.
874114	 1346.1	  615.7	  318.0	.
874116	 1382.7	  614.7	  317.0	.
874118	 1423.5	  613.1	  316.0	.
874120	 1453.7	  625.8	  314.0	.
874122	 1481.7	  631.2	  314.0	.
874124	 1504.3	  633.2	  314.0	.
874126	 1519.3	  630.8	  314.0	.
874128	 1524.2	  631.3	  315.0	.
874130	 1526.5	  630.5	  315.0	.
874132	 1526.2	  630.5	  315.0	.
874134	 1525.8	  630.1	  316.0	.
ESACC L  874068	874134	68	  418.6	  544.1	 1526.2	  630.5	  26.54	    684
SFIX L   874136
874136	 1522.8	  627.0	  316.0	.
874138	 1520.0	  627.1	  317.0	.
874140	 1519.7	  626.8	  318.0	.
874142	 1519.8	  626.6	  318.0	.
874144	 1519.6	  627.0	  318.0	.
874146	 1519.4	  627.4	  317.0	.
874148	 1519.4	  628.4	  317.0	.
874150	 1519.4	  628.5	  317.0	.
874152	 1519.5	  628.5	  316.0	.
874154	 1519.7	  628.1	  315.0	.
874156	 1520.0	  627.7	  314.0	.
874158	 1521.6	  625.8	  314.0	.
874160	 1523.2	  624.8	  315.0	.
874162	 1523.4	  624.3	  316.0	.
874164	 1523.6	  623.3	  316.0	.
874166	 1523.4	  622.8	  314.0	.
874168	 1523.3	  623.2	  313.0	.
874170	 1524.2	  622.8	  313.0	.
874172	 1524.0	  622.7	  313.0	.
874174	 1523.7	  622.3	  314.0	.
874176	 1522.8	  617.6	  314.0	.
874178	 1522.3	  617.2	  314.0	.
874180	 1521.4	  619.6	  314.0	.
874182	 1520.4	  620.1	  315.0	.
874184	 1520.0	  619.6	  317.0	.
874186	 1519.7	  620.6	  317.0	.
874188	 1519.6	  620.3	  317.0	.
874190	 1519.6	  620.4	  317.0	.
874192	 1519.1	  620.6	  317.0	.
874194	 1518.6	  620.5	  317.0	.
874196	 1517.3	  621.3	  317.0	.
874198	 1517.0	  621.8	  319.0	.
874200	 1516.7	  623.0	  319.0	.
874202	 1516.3	  625.6	  318.0	.
874204	 1515.9	  628.0	  317.0	.
874206	 1515.6	  627.5	  318.0	.
874208	 1515.3	  627.0	  318.0	.
874210	 1515.4	  627.2	  321.0	.
874212	 1515.5	  627.1	  321.0	.
874214	 1515.3	  627.1	  320.0	.
874216	 1515.1	  628.3	  320.0	.
874218	 1515.5	  627.5	  320.0	.
874220	 1515.5	  626.8	  320.0	.
874222	 1515.6	  627.5	  320.0	.
874224	 1515.3	  628.0	  320.0	.
874226	 1515.2	  628.3	  320.0	.
874228	 1515.0	  628.7	  320.0	.
874230	 1514.5	  629.3	  319.0	.
874232	 1514.1	  628.3	  319.0	.
874234	 1514.3	  628.4	  319.0	.
874236	 1514.2	  628.1	  320.0	.
874238	 1514.2	  628.9	  320.0	.
874240	 1514.5	  629.7	  320.0	.
874242	 1513.6	  629.5	  320.0	.
874244	 1513.2	  629.8	  320.0	.
874246	 1513.1	  630.1	  318.0	.
874248	 1513.2	  629.1	  317.0	.
874250	 1513.3	  628.6	  317.0	.
874252	 1513.0	  628.4	  318.0	.
874254	 1512.9	  628.0	  319.0	.
874256	 1512.8	  627.7	  321.0	.
874258	 1513.2	  628.5	  323.0	.
874260	 1513.5	  628.6	  323.0	.
874262	 1513.9	  628.6	  322.0	.
874264	 1514.3	  630.1	  322.0	.
874266	 1514.3	  629.0	  321.0	.
874268	 1514.1	  627.8	  321.0	.
874270	 1514.7	  628.6	  321.0	.
874272	 1514.9	  625.6	  321.0	.
874274	 1516.0	  623.9	  322.0	.
EFIX L   874136	874274	140	 1517.5	  626.0	    318
SSACC L  874276
874276	 1521.2	  620.9	  322.0	.
874278	 1526.8	  616.6	  323.0	.
874280	 1536.4	  611.0	  325.0	.
874282	 1552.3	  605.7	  325.0	.
874284	 1555.1	  604.4	  323.0	.
874286	 1557.6	  601.5	  322.0	.
874288	 1557.1	  600.6	  322.0	.
874290	 1556.7	  599.7	  322.0	.
ESACC L  874276	874290	16	 1521.2	  620.9	 1557.1	  600.6	   1.03	    117
SFIX L   874292
874292	 1555.6	  601.0	  322.0	.
874294	 1555.3	  602.0	  322.0	.
874296	 1554.7	  599.7	  322.0	.
874298	 1553.7	  599.2	  322.0	.
874300	 1553.6	  599.3	  322.0	.
874302	 1553.6	  597.5	  322.0	.
874304	 1553.1	  597.8	  321.0	.
874306	 1552.6	  598.1	  322.0	.
874308	 1552.3	  597.7	  323.0	.
874310	 1552.1	  599.2	  326.0	.
874312	 1552.8	  600.4	  326.0	.
874314	 1552.8	  600.5	  325.0	.
874316	 1552.8	  600.4	  324.0	.
874318	 1552.7	  600.5	  323.0	.
874320	 1553.2	  600.2	  323.0	.
874322	 1552.0	  600.3	  323.0	.
874324	 1552.7	  600.2	  322.0	.
874326	 1552.4	  600.5	  322.0	.
874328	 1552.0	  600.2	  321.0	.
874330	 1550.7	  600.6	  321.0	.
874332	 1551.1	  599.8	  321.0	.
874334	 1551.2	  599.2	  321.0	.
874336	 1551.4	  600.0	  321.0	.
874338	 1551.4	  599.2	  321.0	.
874340	 1552.0	  599.3	  321.0	.
874342	 1552.1	  599.7	  321.0	.
874344	 1552.0	  599.0	  320.0	.
874346	 1551.9	  598.4	  320.0	.
874348	 1551.9	  597.6	  320.0	.
874350	 1552.0	  597.5	  320.0	.
874352	 1551.1	  597.6	  320.0	.
874354	 1550.1	  597.6	  319.0	.
874356	 1550.4	  598.6	  319.0	.
874358	 1549.4	  599.2	  320.0	.
874360	 1548.6	  599.6	  320.0	.
874362	 1548.4	  598.5	  320.0	.
874364	 1548.6	  598.2	  320.0	.
874366	 1548.7	  598.5	  320.0	.
874368	 1549.6	  598.4	  320.0	.
874370	 1549.7	  599.2	  322.0	.
874372	 1549.1	  599.1	  322.0	.
874374	 1548.4	  599.2	  320.0	.
874376	 1548.2	  598.8	  319.0	.
874378	 1547.9	  598.5	  319.0	.
874380	 1547.6	  597.7	  320.0	.
874382	 1547.5	  597.0	  321.0	.
874384	 1547.8	  596.8	  321.0	.
874386	 1546.9	  594.8	  321.0	.
874388	 1546.2	  594.0	  321.0	.
874390	 1544.6	  594.3	  321.0	.
874392	 1544.9	  595.6	  319.0	.
874394	 1544.0	  597.4	  319.0	.
874396	 1543.6	  596.8	  319.0	.
874398	 1543.0	  596.4	  318.0	.
874400	 1544.3	  595.0	  317.0	.
874402	 1544.3	  594.0	  317.0	.
874404	 1544.5	  593.1	  318.0	.
874406	 1545.5	  593.8	  318.0	.
874408	 1545.3	  594.7	  319.0	.
874410	 1545.1	  592.8	  320.0	.
874412	 1545.2	  592.7	  322.0	.
874414	 1544.9	  593.0	  322.0	.
874416	 1544.7	  592.8	  322.0	.
874418	 1543.8	  594.6	  321.0	.
874420	 1543.8	  594.7	  321.0	.
874422	 1543.8	  594.2	  322.0	.
874424	 1543.5	  593.7	  322.0	.
874426	 1543.0	  592.4	  321.0	.
874428	 1541.8	  591.3	  320.0	.
874430	 1542.3	  590.1	  319.0	.
874432	 1542.8	  588.8	  319.0	.
874434	 1542.8	  590.1	  319.0	.
874436	 1542.7	  589.4	  319.0	.
874438	 1542.6	  588.7	  319.0	.
874440	 1542.4	  586.1	  319.0	.
874442	 1542.3	  586.1	  318.0	.
874444	 1543.3	  585.8	  317.0	.
874446	 1541.8	  586.3	  316.0	.
874448	 1541.2	  586.4	  316.0	.
874450	 1540.6	  586.6	  316.0	.
874452	 1540.0	  589.0	  315.0	.
874454	 1540.9	  589.7	  315.0	.
874456	 1541.7	  589.6	  316.0	.
874458	 1540.7	  590.2	  317.0	.
874460	 1540.9	  590.3	  317.0	.
874462	 1540.9	  589.8	  317.0	.
874464	 1540.5	  589.3	  317.0	.
874466	 1541.6	  587.7	  316.0	.
874468	 1542.5	  584.7	  316.0	.
874470	 1541.5	  583.6	  315.0	.
874472	 1541.5	  583.8	  314.0	.
874474	 1541.6	  584.1	  314.0	.
874476	 1541.8	  586.5	  314.0	.
874478	 1541.8	  586.9	  315.0	.
874480	 1542.2	  587.2	  315.0	.
874482	 1541.9	  586.5	  315.0	.
874484	 1542.7	  587.2	  315.0	.
874486	 1543.6	  587.9	  315.0	.
874488	 1542.6	  587.8	  315.0	.
874490	 1541.7	  588.4	  314.0	.
874492	 1542.5	  588.4	  314.0	.
874494	 1541.6	  588.2	  314.0	.
874496	 1542.2	  588.9	  314.0	.
874498	 1542.6	  586.2	  314.0	.
874500	 1541.2	  584.0	  313.0	.
874502	 1541.0	  585.5	  312.0	.
874504	 1541.1	  586.7	  313.0	.
874506	 1541.0	  585.0	  314.0	.
874508	 1542.3	  585.2	  315.0	.
874510	 1542.9	  585.7	  316.0	.
874512	 1543.1	  582.9	  316.0	.
874514	 1543.2	  583.0	  316.0	.
874516	 1543.3	  583.0	  316.0	.
874518	 1543.5	  583.4	  316.0	.
874520	 1543.6	  583.8	  316.0	.
874522	 1543.8	  584.4	  315.0	.
874524	 1543.9	  585.1	  315.0	.
874526	 1543.7	  586.3	  315.0	.
874528	 1543.3	  587.4	  315.0	.
874530	 1542.3	  587.5	  314.0	.
EFIX L   874292	874530	240	 1546.2	  593.0	    318
SSACC L  874532
874532	 1541.3	  587.6	  314.0	.
874534	 1535.3	  589.4	  314.0	.
874536	 1525.5	  592.1	  314.0	.
874538	 1505.1	  590.4	  314.0	.
874540	 1479.5	  590.0	  315.0	.
874542	 1447.1	  592.5	  316.0	.
874544	 1401.4	  589.8	  319.0	.
874546	 1360.6	  596.8	  322.0	.
874548	 1315.1	  601.8	  323.0	.
874550	 1267.4	  599.2	  326.0	.
874552	 1218.1	  607.6	  328.0	.
874554	 1167.4	  607.4	  328.0	.
874556	 1118.8	  608.9	  327.0	.
874558	 1071.3	  608.5	  324.0	.
874560	 1017.3	  613.9	  324.0	.
874562	  971.3	  612.3	  324.0	.
874564	  925.1	  612.4	  322.0	.
874566	  874.7	  614.5	  322.0	.
874568	  822.2	  604.5	  322.0	.
874570	  780.4	  601.9	  323.0	.
874572	  739.6	  602.2	  324.0	.
874574	  699.2	  595.9	  324.0	.
874576	  648.8	  598.2	  323.0	.
874578	  612.6	  598.6	  322.0	.
874580	  581.3	  600.1	  323.0	.
874582	  544.1	  600.8	  323.0	.
874584	  522.0	  600.2	  323.0	.
874586	  503.2	  599.1	  323.0	.
874588	  491.2	  599.7	  324.0	.
874590	  480.3	  600.3	  325.0	.
874592	  475.7	  599.3	  325.0	.
874594	  474.2	  598.2	  325.0	.
ESACC L  874532	874594	64	 1541.3	  587.6	  475.7	  599.3	  25.46	    630
SFIX L   874596
874596	  472.8	  597.5	  325.0	.
874598	  472.7	  597.9	  326.0	.
874600	  473.2	  598.3	  327.0	.
874602	  473.1	  598.5	  327.0	.
874604	  474.7	  598.7	  326.0	.
874606	  476.2	  600.3	  326.0	.
874608	  476.1	  599.8	  327.0	.
874610	  475.9	  600.5	  327.0	.
874612	  476.0	  600.6	  327.0	.
874614	  476.0	  600.7	  327.0	.
874616	  476.2	  600.2	  327.0	.
874618	  476.8	  599.7	  327.0	.
874620	  476.0	  598.3	  325.0	.
874622	  475.1	  597.8	  323.0	.
874624	  476.1	  595.5	  322.0	.
874626	  475.5	  594.4	  322.0	.
874628	  475.9	  593.9	  322.0	.
874630	  475.1	  593.5	  321.0	.
874632	  474.3	  593.0	  321.0	.
874634	  473.9	  593.0	  321.0	.
874636	  473.6	  593.1	  321.0	.
874638	  473.5	  593.3	  321.0	.
874640	  473.6	  593.4	  321.0	.
874642	  472.7	  593.6	  320.0	.
874644	  471.8	  594.0	  320.0	.
874646	  471.6	  594.5	  320.0	.
874648	  471.5	  595.2	  319.0	.
874650	  471.3	  595.1	  319.0	.
874652	  468.8	  595.5	  318.0	.
874654	  468.4	  595.7	  318.0	.
874656	  468.5	  594.6	  318.0	.
874658	  468.6	  593.4	  318.0	.
874660	  468.6	  591.2	  318.0	.
874662	  468.5	  591.1	  318.0	.
874664	  468.6	  590.2	  318.0	.
874666	  467.5	  589.9	  318.0	.
874668	  466.5	  590.0	  318.0	.
874670	  465.3	  590.0	  318.0	.
874672	  465.6	  590.6	  317.0	.
874674	  465.3	  589.7	  317.0	.
874676	  465.6	  588.8	  317.0	.
874678	  465.6	  588.5	  317.0	.
874680	  465.6	  588.3	  317.0	.
874682	  465.3	  587.4	  317.0	.
874684	  465.1	  586.7	  317.0	.
874686	  465.1	  586.6	  315.0	.
874688	  465.3	  586.7	  315.0	.
874690	  465.4	  586.4	  315.0	.
874692	  465.6	  586.9	  315.0	.
874694	  465.4	  585.5	  315.0	.
874696	  465.3	  584.2	  315.0	.
874698	  464.9	  583.8	  315.0	.
874700	  463.8	  583.9	  314.0	.
874702	  463.6	  583.9	  314.0	.
874704	  463.3	  582.6	  313.0	.
874706	  463.3	  582.3	  315.0	.
874708	  463.3	  582.0	  315.0	.
874710	  463.1	  581.1	  315.0	.
874712	  463.4	  580.8	  315.0	.
874714	  463.7	  580.8	  316.0	.
874716	  463.8	  582.3	  316.0	.
874718	  464.2	  581.8	  316.0	.
874720	  463.7	  582.1	  316.0	.
874722	  463.1	  581.5	  317.0	.
874724	  462.9	  581.6	  317.0	.
874726	  462.9	  581.4	  315.0	.
874728	  463.0	  581.7	  315.0	.
874730	  463.4	  580.5	  315.0	.
874732	  463.2	  580.1	  315.0	.
874734	  462.8	  579.6	  315.0	.
874736	  462.8	  580.3	  315.0	.
874738	  462.7	  579.6	  315.0	.
EFIX L   874596	874738	144	  468.7	  590.1	    319
SSACC L  874740
874740	  459.9	  579.8	  316.0	.
874742	  454.5	  579.9	  316.0	.
874744	  445.0	  581.5	  317.0	.
874746	  431.6	  581.5	  317.0	.
874748	  426.6	  583.2	  317.0	.
874750	  423.5	  584.9	  318.0	.
874752	  420.4	  583.5	  317.0	.
874754	  421.0	  582.0	  318.0	.
ESACC L  874740	874754	16	  459.9	  579.8	  420.4	  583.5	   0.93	     98
SFIX L   874756
874756	  421.8	  582.6	  318.0	.
874758	  423.4	  581.6	  318.0	.
874760	  423.4	  581.6	  319.0	.
874762	  423.4	  581.6	  320.0	.
874764	  422.8	  581.4	  319.0	.
874766	  422.0	  581.8	  319.0	.
874768	  422.5	  582.2	  320.0	.
874770	  422.9	  582.5	  320.0	.
874772	  423.4	  582.9	  320.0	.
874774	  423.8	  583.0	  320.0	.
874776	  423.8	  582.6	  320.0	.
874778	  423.7	  582.7	  321.0	.
874780	  424.0	  582.8	  321.0	.
874782	  422.6	  582.1	  321.0	.
874784	  421.1	  581.5	  321.0	.
874786	  421.5	  581.7	  320.0	.
874788	  421.8	  580.9	  320.0	.
874790	  421.5	  580.5	  320.0	.
874792	  421.2	  580.2	  320.0	.
874794	  420.9	  580.1	  320.0	.
874796	  421.1	  580.8	  320.0	.
874798	  421.3	  581.5	  321.0	.
874800	  421.9	  580.0	  320.0	.
874802	  422.0	  580.4	  321.0	.
874804	  422.0	  580.9	  321.0	.
874806	  421.9	  579.5	  321.0	.
874808	  421.9	  579.3	  320.0	.
874810	  421.8	  579.0	  320.0	.
874812	  421.2	  577.9	  322.0	.
874814	  421.0	  577.8	  323.0	.
874816	  420.8	  578.3	  323.0	.
874818	  420.4	  577.2	  326.0	.
874820	  420.3	  577.2	  326.0	.
874822	  420.2	  577.3	  326.0	.
874824	  419.9	  576.6	  327.0	.
874826	  419.6	  575.7	  327.0	.
874828	  419.1	  576.0	  326.0	.
874830	  419.0	  575.5	  324.0	.
874832	  419.0	  575.7	  324.0	.
874834	  419.0	  575.3	  324.0	.
874836	  418.9	  574.9	  326.0	.
874838	  419.2	  576.3	  326.0	.
874840	  419.2	  576.9	  325.0	.
874842	  419.2	  577.0	  325.0	.
874844	  419.2	  576.5	  324.0	.
874846	  419.4	  577.2	  324.0	.
874848	  419.2	  576.2	  324.0	.
874850	  419.0	  576.3	  324.0	.
874852	  419.2	  575.8	  324.0	.
874854	  418.8	  576.2	  323.0	.
874856	  418.4	  576.6	  324.0	.
874858	  418.6	  576.7	  325.0	.
874860	  418.6	  576.7	  325.0	.
874862	  418.7	  577.8	  326.0	.
874864	  419.5	  578.2	  327.0	.
874866	  418.6	  578.3	  327.0	.
874868	  418.3	  577.8	  327.0	.
874870	  418.1	  577.3	  327.0	.
874872	  418.1	  576.8	  327.0	.
874874	  418.1	  576.3	  327.0	.
874876	  418.2	  576.6	  327.0	.
874878	  418.3	  576.0	  328.0	.
874880	  418.0	  576.5	  328.0	.
874882	  418.3	  576.4	  328.0	.
874884	  418.6	  576.6	  328.0	.
874886	  418.5	  576.4	  328.0	.
874888	  418.4	  576.2	  328.0	.
874890	  418.9	  575.5	  328.0	.
874892	  418.8	  574.8	  327.0	.
874894	  418.8	  574.9	  327.0	.
874896	  418.6	  573.1	  328.0	.
874898	  418.6	  573.4	  329.0	.
874900	  418.7	  573.7	  329.0	.
874902	  418.2	  573.2	  329.0	.
874904	  418.2	  573.5	  329.0	.
874906	  418.0	  571.6	  328.0	.
874908	  416.7	  571.0	  328.0	.
874910	  417.0	  570.3	  331.0	.
874912	  417.0	  569.0	  334.0	.
874914	  417.0	  568.7	  334.0	.
874916	  417.3	  568.8	  332.0	.
874918	  417.6	  568.9	  331.0	.
874920	  417.4	  568.3	  330.0	.
874922	  417.7	  569.0	  330.0	.
874924	  417.8	  568.2	  330.0	.
874926	  417.8	  567.5	  331.0	.
874928	  417.8	  569.7	  332.0	.
874930	  417.4	  570.6	  332.0	.
874932	  417.4	  571.4	  332.0	.
874934	  417.4	  572.7	  332.0	.
874936	  417.4	  572.9	  332.0	.
874938	  417.4	  573.1	  331.0	.
874940	  417.2	  572.8	  331.0	.
874942	  417.0	  572.5	  331.0	.
874944	  416.6	  571.3	  332.0	.
874946	  416.5	  571.3	  332.0	.
874948	  416.4	  569.8	  332.0	.
874950	  416.5	  568.3	  334.0	.
874952	  416.6	  569.7	  333.0	.
874954	  416.4	  568.5	  334.0	.
874956	  416.4	  567.3	  334.0	.
874958	  416.6	  569.2	  336.0	.
874960	  416.8	  568.0	  336.0	.
874962	  416.5	  566.8	  336.0	.
874964	  416.5	  566.0	  335.0	.
874966	  416.5	  566.1	  335.0	.
874968	  416.8	  564.7	  335.0	.
874970	  416.5	  564.5	  335.0	.
874972	  416.3	  564.4	  336.0	.
874974	  416.5	  564.6	  335.0	.
874976	  416.4	  564.7	  335.0	.
874978	  416.3	  564.0	  335.0	.
874980	  416.4	  563.3	  336.0	.
874982	  416.4	  562.6	  336.0	.
874984	  416.0	  561.9	  337.0	.
874986	  416.3	  561.0	  337.0	.
874988	  415.8	  560.1	  338.0	.
874990	  415.5	  560.1	  338.0	.
874992	  415.9	  560.1	  338.0	.
874994	  416.0	  558.9	  339.0	.
874996	  416.0	  557.6	  339.0	.
874998	  416.4	  555.8	  339.0	.
875000	  416.3	  556.2	  339.0	.
875002	  416.4	  556.7	  339.0	.
875004	  416.0	  557.3	  338.0	.
875006	  415.6	  557.9	  338.0	.
875008	  415.1	  558.0	  338.0	.
875010	  414.6	  558.0	  338.0	.
875012	  413.9	  559.1	  339.0	.
875014	  413.9	  560.2	  342.0	.
875016	  413.8	  559.5	  342.0	.
875018	  413.7	  559.5	  342.0	.
875020	  413.7	  559.7	  342.0	.
875022	  414.2	  559.6	  342.0	.
875024	  413.9	  560.1	  342.0	.
875026	  414.0	  560.8	  342.0	.
875028	  413.1	  562.1	  342.0	.
875030	  412.3	  565.5	  342.0	.
875032	  412.2	  568.7	  341.0	.
875034	  412.3	  574.6	  340.0	.
875036	  410.8	  574.4	  340.0	.
875038	  411.3	  575.4	  340.0	.
875040	  411.4	  574.4	  340.0	.
875042	  411.5	  575.0	  340.0	.
875044	  411.1	  574.6	  340.0	.
875046	  410.6	  574.3	  341.0	.
875048	  411.2	  576.2	  341.0	.
875050	  411.2	  578.3	  341.0	.
875052	  411.7	  578.0	  341.0	.
875054	  412.2	  579.0	  340.0	.
875056	  412.1	  578.6	  340.0	.
875058	  411.9	  578.4	  340.0	.
875060	  411.9	  579.0	  340.0	.
875062	  411.8	  579.3	  342.0	.
875064	  411.3	  579.4	  342.0	.
875066	  411.6	  579.4	  341.0	.
875068	  410.9	  579.3	  341.0	.
875070	  411.0	  578.7	  341.0	.
875072	  411.2	  579.1	  340.0	.
875074	  410.9	  579.2	  340.0	.
875076	  410.7	  578.8	  340.0	.
875078	  410.6	  578.7	  340.0	.
875080	  410.9	  578.5	  341.0	.
875082	  411.1	  574.1	  341.0	.
875084	  411.9	  573.0	  342.0	.
875086	  411.3	  572.8	  342.0	.
875088	  410.6	  572.4	  343.0	.
875090	  410.7	  571.1	  345.0	.
875092	  410.5	  571.1	  346.0	.
875094	  410.6	  571.3	  347.0	.
875096	  409.6	  571.2	  347.0	.
875098	  408.7	  573.6	  344.0	.
875100	  408.3	  572.9	  345.0	.
875102	  408.3	  574.8	  345.0	.
875104	  408.6	  574.7	  345.0	.
875106	  408.6	  574.6	  345.0	.
875108	  408.7	  575.1	  345.0	.
875110	  408.2	  573.7	  346.0	.
875112	  407.7	  572.3	  348.0	.
875114	  408.2	  570.9	  348.0	.
875116	  408.2	  569.4	  348.0	.
875118	  408.2	  568.8	  350.0	.
875120	  408.1	  568.7	  353.0	.
875122	  408.1	  568.6	  353.0	.
875124	  407.8	  568.4	  352.0	.
875126	  407.8	  568.6	  352.0	.
875128	  408.0	  568.7	  349.0	.
875130	  408.2	  570.2	  349.0	.
875132	  408.1	  571.6	  349.0	.
875134	  408.0	  572.6	  349.0	.
875136	  408.0	  571.4	  349.0	.
875138	  407.9	  572.3	  349.0	.
875140	  407.9	  571.6	  350.0	.
875142	  407.7	  573.9	  350.0	.
875144	  407.9	  572.4	  350.0	.
875146	  407.3	  570.8	  350.0	.
875148	  407.8	  570.1	  350.0	.
875150	  407.4	  570.5	  351.0	.
875152	  407.2	  569.1	  352.0	.
875154	  407.1	  567.8	  352.0	.
875156	  407.1	  569.0	  353.0	.
875158	  406.7	  569.1	  353.0	.
875160	  407.1	  568.6	  353.0	.
875162	  407.5	  568.7	  353.0	.
875164	  407.7	  567.2	  353.0	.
875166	  407.2	  565.8	  354.0	.
875168	  406.8	  567.4	  353.0	.
875170	  405.6	  567.2	  353.0	.
875172	  406.2	  567.0	  353.0	.
875174	  406.2	  566.9	  353.0	.
875176	  406.4	  566.8	  353.0	.
875178	  406.5	  564.7	  354.0	.
875180	  406.8	  565.8	  354.0	.
875182	  406.6	  566.4	  355.0	.
875184	  406.5	  566.5	  355.0	.
875186	  406.0	  566.5	  355.0	.
875188	  405.8	  566.3	  356.0	.
875190	  406.2	  566.2	  356.0	.
875192	  406.3	  566.0	  356.0	.
875194	  406.3	  564.6	  355.0	.
875196	  406.4	  564.8	  356.0	.
875198	  406.5	  565.1	  356.0	.
875200	  406.8	  564.9	  357.0	.
875202	  407.2	  565.5	  357.0	.
875204	  407.3	  566.1	  357.0	.
875206	  407.2	  564.9	  357.0	.
875208	  407.0	  563.6	  358.0	.
875210	  406.9	  563.8	  359.0	.
875212	  406.8	  562.7	  360.0	.
875214	  406.5	  561.6	  360.0	.
875216	  406.4	  561.9	  360.0	.
875218	  407.1	  561.1	  360.0	.
875220	  407.6	  561.1	  361.0	.
875222	  407.9	  561.2	  361.0	.
875224	  408.1	  561.0	  361.0	.
875226	  408.8	  560.9	  361.0	.
875228	  408.7	  560.9	  361.0	.
875230	  408.8	  562.8	  361.0	.
875232	  408.6	  562.2	  361.0	.
875234	  409.0	  561.6	  362.0	.
875236	  409.2	  560.8	  363.0	.
875238	  409.7	  560.0	  363.0	.
875240	  410.1	  559.4	  363.0	.
875242	  410.9	  558.8	  363.0	.
875244	  411.4	  558.4	  364.0	.
875246	  412.0	  558.7	  364.0	.
875248	  411.7	  558.0	  364.0	.
875250	  411.7	  557.2	  362.0	.
875252	  411.6	  556.9	  362.0	.
875254	  411.8	  557.5	  361.0	.
875256	  411.6	  558.1	  361.0	.
875258	  411.6	  558.0	  362.0	.
875260	  411.4	  558.1	  362.0	.
875262	  411.6	  558.1	  362.0	.
875264	  412.7	  558.2	  362.0	.
875266	  412.8	  558.2	  362.0	.
875268	  412.6	  557.3	  361.0	.
875270	  412.6	  557.8	  362.0	.
875272	  412.6	  558.1	  362.0	.
875274	  412.3	  558.7	  362.0	.
875276	  411.8	  559.2	  362.0	.
875278	  411.7	  559.6	  362.0	.
875280	  411.4	  559.5	  361.0	.
875282	  411.6	  559.7	  361.0	.
875284	  411.1	  559.9	  361.0	.
875286	  411.6	  560.2	  361.0	.
875288	  411.7	  560.4	  362.0	.
875290	  411.7	  559.9	  362.0	.
875292	  411.7	  559.3	  362.0	.
875294	  411.7	  559.6	  362.0	.
875296	  411.6	  559.0	  362.0	.
875298	  411.2	  558.4	  362.0	.
875300	  411.2	  559.4	  362.0	.
MSG	875301 TRIAL 13 END
