MSG	843046 TRIAL 10 START
MSG	845936 DRIFTCORRECT L LEFT  at 960,540  OFFSET 0.68 deg.  -21.5,14.6 pix.
MSG	846656 RECCFG P 500 2 1 
MSG	846656 GAZE_COORDS 0.00 0.00 1919.00 1079.00
MSG	846657 !MODE RECORD P 500 2 1
START	846658 	LEFT	SAMPLES	EVENTS
PRESCALER	1
VPRESCALER	1
PUPIL	AREA
EVENTS	GAZE	LEFT	RATE	 500.00	TRACKING	P	FILTER	2
SAMPLES	GAZE	LEFT	RATE	 500.00	TRACKING	P	FILTER	2
846658	  746.2	  516.3	  477.0	.
846660	  747.0	  515.9	  478.0	.
846662	  747.0	  517.3	  479.0	.
846664	  747.8	  510.4	  480.0	.
846666	  748.1	  511.1	  481.0	.
846668	  747.9	  511.8	  479.0	.
846670	  747.9	  515.6	  479.0	.
846672	  747.8	  519.4	  478.0	.
SFIX L   846674
846674	  747.9	  521.1	  477.0	.
846676	  746.4	  523.0	  476.0	.
846678	  746.6	  523.8	  476.0	.
846680	  746.0	  524.7	  476.0	.
846682	  745.5	  524.0	  476.0	.
846684	  745.6	  523.8	  476.0	.
846686	  745.5	  523.5	  476.0	.
846688	  745.3	  523.5	  476.0	.
846690	  747.6	  523.2	  476.0	.
846692	  747.3	  523.1	  477.0	.
846694	  747.2	  522.7	  477.0	.
846696	  744.4	  522.6	  477.0	.
846698	  745.2	  521.7	  477.0	.
846700	  745.8	  520.7	  477.0	.
846702	  746.9	  510.6	  480.0	.
846704	  748.3	  504.8	  485.0	.
846706	  748.6	  499.2	  490.0	.
846708	  748.4	  501.1	  487.0	.
846710	  748.4	  503.0	  485.0	.
846712	  750.1	  500.2	  486.0	.
846714	  750.1	  500.7	  486.0	.
846716	  749.9	  501.2	  485.0	.
846718	  748.1	  505.0	  485.0	.
846720	  745.0	  506.9	  484.0	.
846722	  745.5	  508.3	  482.0	.
846724	  745.0	  509.5	  481.0	.
846726	  745.3	  513.7	  481.0	.
846728	  745.2	  508.1	  481.0	.
846730	  745.1	  509.1	  481.0	.
846732	  745.6	  510.0	  482.0	.
846734	  746.2	  511.5	  480.0	.
846736	  746.2	  512.0	  481.0	.
846738	  746.5	  512.4	  480.0	.
846740	  746.1	  513.6	  479.0	.
846742	  745.6	  514.8	  479.0	.
846744	  745.5	  516.3	  479.0	.
846746	  745.5	  517.9	  479.0	.
846748	  745.2	  518.4	  479.0	.
846750	  746.4	  518.7	  480.0	.
846752	  746.2	  520.0	  480.0	.
846754	  745.9	  520.4	  479.0	.
846756	  745.8	  520.6	  480.0	.
846758	  745.8	  520.6	  479.0	.
846760	  745.7	  520.7	  480.0	.
846762	  746.9	  520.2	  481.0	.
846764	  747.3	  519.8	  483.0	.
MSG	846766 Start Recording with 0
MSG	846766 SYNCTIME
846766	  747.4	  518.9	  483.0	.
846768	  747.5	  518.9	  483.0	.
846770	  749.5	  522.9	  483.0	.
846772	  749.1	  523.7	  482.0	.
846774	  748.6	  523.4	  482.0	.
846776	  747.7	  523.7	  482.0	.
846778	  746.7	  522.9	  482.0	.
846780	  746.5	  522.8	  482.0	.
846782	  746.3	  522.7	  482.0	.
846784	  745.6	  523.1	  482.0	.
MSG	846786 DSP: FIXATION
846786	  745.7	  522.6	  482.0	.
846788	  745.9	  522.5	  481.0	.
846790	  746.3	  522.4	  481.0	.
846792	  746.7	  522.0	  481.0	.
846794	  746.7	  521.6	  481.0	.
846796	  746.9	  523.2	  481.0	.
846798	  747.0	  523.5	  481.0	.
846800	  746.7	  523.2	  481.0	.
846802	  747.3	  522.8	  480.0	.
846804	  747.3	  522.8	  480.0	.
846806	  747.3	  522.8	  480.0	.
846808	  748.1	  523.5	  480.0	.
846810	  748.2	  522.8	  480.0	.
846812	  748.0	  524.0	  480.0	.
846814	  748.5	  524.2	  479.0	.
846816	  748.3	  524.4	  479.0	.
846818	  748.2	  524.6	  478.0	.
846820	  748.0	  526.8	  478.0	.
846822	  747.9	  525.3	  478.0	.
846824	  747.8	  525.2	  478.0	.
846826	  747.7	  525.2	  478.0	.
846828	  747.6	  525.2	  478.0	.
846830	  747.5	  525.3	  478.0	.
846832	  747.3	  525.4	  478.0	.
846834	  747.5	  524.8	  478.0	.
846836	  746.7	  525.1	  478.0	.
846838	  746.1	  525.4	  478.0	.
846840	  744.6	  525.6	  477.0	.
846842	  745.7	  525.0	  477.0	.
846844	  746.2	  525.2	  476.0	.
846846	  746.5	  524.8	  476.0	.
846848	  746.7	  524.3	  476.0	.
846850	  747.0	  524.0	  476.0	.
846852	  747.0	  524.0	  475.0	.
846854	  747.1	  524.0	  475.0	.
846856	  746.9	  524.0	  475.0	.
846858	  747.3	  524.3	  475.0	.
846860	  746.9	  524.6	  475.0	.
846862	  746.6	  524.6	  473.0	.
846864	  746.9	  524.5	  473.0	.
846866	  747.3	  524.7	  472.0	.
846868	  746.9	  524.2	  472.0	.
846870	  746.7	  524.7	  471.0	.
846872	  747.4	  524.8	  471.0	.
846874	  747.1	  525.2	  470.0	.
846876	  746.9	  525.4	  469.0	.
846878	  746.9	  525.4	  469.0	.
846880	  746.3	  525.5	  469.0	.
846882	  746.2	  525.8	  469.0	.
846884	  746.0	  526.0	  469.0	.
846886	  745.6	  526.5	  468.0	.
846888	  745.0	  526.4	  467.0	.
846890	  744.5	  526.3	  465.0	.
846892	  744.5	  526.6	  464.0	.
846894	  744.8	  526.9	  463.0	.
846896	  745.5	  526.9	  463.0	.
846898	  746.6	  525.9	  462.0	.
846900	  746.9	  525.4	  462.0	.
846902	  747.5	  525.3	  460.0	.
846904	  746.6	  525.7	  460.0	.
846906	  746.1	  525.9	  460.0	.
846908	  745.2	  526.1	  459.0	.
846910	  745.3	  526.3	  459.0	.
846912	  745.3	  526.1	  456.0	.
846914	  745.5	  526.0	  455.0	.
846916	  744.7	  526.6	  454.0	.
846918	  744.5	  525.5	  454.0	.
846920	  744.1	  524.3	  453.0	.
846922	  744.5	  523.8	  452.0	.
846924	  744.8	  524.3	  451.0	.
EFIX L   846674	846924	252	  746.7	  521.0	    476
SSACC L  846926
846926	  745.6	  523.8	  450.0	.
846928	  755.5	  522.6	  449.0	.
846930	  764.6	  521.6	  449.0	.
846932	  776.0	  520.6	  449.0	.
846934	  796.3	  525.5	  450.0	.
846936	  825.1	  527.3	  452.0	.
846938	  850.6	  533.9	  452.0	.
846940	  884.3	  532.0	  451.0	.
846942	  903.4	  544.5	  445.0	.
846944	  922.6	  542.9	  443.0	.
846946	  941.0	  541.6	  441.0	.
846948	  944.6	  544.3	  441.0	.
846950	  950.3	  544.9	  442.0	.
846952	  952.2	  544.6	  445.0	.
ESACC L  846926	846952	28	  745.6	  523.8	  950.3	  544.9	   5.20	    347
SFIX L   846954
846954	  954.2	  543.8	  445.0	.
846956	  955.3	  543.0	  444.0	.
846958	  955.7	  542.2	  443.0	.
846960	  955.5	  542.1	  442.0	.
846962	  955.4	  542.5	  441.0	.
846964	  953.4	  543.0	  439.0	.
846966	  951.6	  542.1	  438.0	.
846968	  950.4	  543.5	  438.0	.
846970	  950.8	  544.9	  437.0	.
846972	  950.9	  545.1	  437.0	.
846974	  951.4	  545.4	  435.0	.
846976	  951.5	  545.2	  435.0	.
846978	  951.7	  545.5	  435.0	.
846980	  952.0	  545.3	  435.0	.
846982	  952.4	  545.3	  432.0	.
846984	  953.4	  544.8	  431.0	.
846986	  953.5	  544.2	  431.0	.
846988	  953.6	  544.4	  431.0	.
846990	  953.9	  543.9	  429.0	.
846992	  953.8	  544.3	  429.0	.
846994	  954.0	  544.8	  429.0	.
846996	  954.1	  544.6	  428.0	.
846998	  954.4	  544.6	  428.0	.
847000	  953.4	  543.8	  425.0	.
847002	  953.3	  543.6	  423.0	.
847004	  953.1	  543.2	  423.0	.
847006	  953.2	  542.7	  423.0	.
847008	  953.3	  542.6	  423.0	.
847010	  953.5	  542.5	  423.0	.
847012	  954.0	  542.0	  422.0	.
847014	  954.6	  541.5	  422.0	.
847016	  955.3	  541.6	  421.0	.
847018	  956.1	  540.6	  420.0	.
847020	  957.2	  541.1	  419.0	.
847022	  957.0	  541.3	  419.0	.
847024	  956.8	  541.1	  418.0	.
847026	  957.0	  541.5	  417.0	.
847028	  957.3	  541.7	  416.0	.
847030	  957.7	  541.6	  416.0	.
847032	  957.9	  541.4	  412.0	.
847034	  958.1	  541.5	  412.0	.
847036	  958.1	  541.5	  410.0	.
847038	  957.6	  540.0	  409.0	.
847040	  958.2	  539.4	  409.0	.
847042	  958.4	  539.5	  409.0	.
847044	  958.5	  539.7	  409.0	.
847046	  958.6	  539.9	  408.0	.
847048	  958.6	  539.9	  408.0	.
847050	  958.4	  540.0	  405.0	.
847052	  958.9	  539.5	  405.0	.
847054	  959.4	  539.5	  409.0	.
847056	  960.1	  539.4	  409.0	.
847058	  960.7	  539.8	  406.0	.
847060	  960.5	  540.2	  406.0	.
847062	  961.3	  540.2	  406.0	.
847064	  960.7	  540.3	  406.0	.
847066	  960.5	  540.2	  405.0	.
847068	  960.3	  540.5	  404.0	.
847070	  961.1	  540.5	  402.0	.
847072	  962.1	  540.9	  401.0	.
847074	  964.1	  540.0	  400.0	.
847076	  964.2	  540.2	  397.0	.
847078	  963.6	  540.5	  395.0	.
847080	  963.2	  541.0	  394.0	.
847082	  962.9	  541.4	  392.0	.
847084	  962.6	  540.5	  391.0	.
847086	  962.7	  540.7	  390.0	.
847088	  963.0	  540.6	  390.0	.
847090	  963.1	  540.4	  391.0	.
847092	  963.1	  540.0	  391.0	.
847094	  962.9	  539.8	  388.0	.
847096	  962.6	  539.8	  387.0	.
847098	  962.3	  539.6	  386.0	.
847100	  962.1	  539.8	  386.0	.
847102	  962.0	  539.9	  386.0	.
847104	  962.1	  540.4	  386.0	.
847106	  962.4	  540.7	  383.0	.
847108	  962.8	  540.3	  382.0	.
847110	  963.0	  540.4	  382.0	.
847112	  963.1	  540.5	  380.0	.
847114	  963.0	  540.2	  375.0	.
847116	  964.5	  540.0	  375.0	.
847118	  964.0	  540.2	  375.0	.
847120	  964.2	  540.0	  375.0	.
847122	  964.2	  540.4	  374.0	.
847124	  964.9	  540.7	  372.0	.
847126	  965.4	  540.6	  372.0	.
847128	  965.4	  540.5	  368.0	.
847130	  965.4	  540.3	  368.0	.
847132	  965.9	  540.2	  367.0	.
847134	  966.3	  540.1	  364.0	.
847136	  967.8	  539.4	  364.0	.
847138	  967.9	  539.0	  364.0	.
847140	  968.0	  538.9	  364.0	.
847142	  966.7	  539.9	  363.0	.
847144	  967.1	  539.6	  358.0	.
847146	  967.6	  539.5	  355.0	.
847148	  967.8	  539.9	  355.0	.
847150	  967.8	  538.2	  355.0	.
847152	  967.9	  536.4	  355.0	.
847154	  967.9	  537.0	  353.0	.
847156	  968.6	  536.1	  352.0	.
847158	  969.4	  536.0	  350.0	.
847160	  969.8	  536.4	  349.0	.
847162	  969.3	  534.7	  349.0	.
847164	  968.8	  534.0	  346.0	.
847166	  968.7	  533.3	  346.0	.
847168	  968.7	  532.8	  344.0	.
847170	  968.2	  533.2	  343.0	.
847172	  967.8	  533.3	  342.0	.
847174	  967.6	  533.5	  338.0	.
847176	  967.5	  534.5	  336.0	.
847178	  967.9	  535.0	  334.0	.
847180	  967.9	  535.0	  332.0	.
847182	  968.0	  536.1	  331.0	.
847184	  968.0	  537.2	  329.0	.
847186	  968.6	  539.4	  329.0	.
847188	  968.6	  541.0	  329.0	.
847190	  968.7	  542.1	  324.0	.
847192	  968.1	  540.9	  323.0	.
847194	  968.6	  541.8	  323.0	.
847196	  968.4	  542.8	  322.0	.
847198	  968.4	  543.9	  322.0	.
847200	  968.1	  545.0	  321.0	.
847202	  968.2	  545.7	  319.0	.
847204	  968.2	  545.2	  319.0	.
847206	  968.2	  545.9	  319.0	.
847208	  968.6	  546.5	  316.0	.
847210	  968.3	  546.5	  314.0	.
847212	  968.7	  546.8	  312.0	.
847214	  968.6	  547.3	  312.0	.
847216	  968.3	  547.2	  310.0	.
847218	  968.4	  547.1	  310.0	.
847220	  968.5	  547.0	  309.0	.
847222	  968.8	  547.0	  309.0	.
847224	  969.0	  546.0	  308.0	.
847226	  969.7	  545.8	  307.0	.
847228	  970.3	  545.5	  306.0	.
847230	  970.5	  545.3	  305.0	.
847232	  970.6	  545.8	  305.0	.
847234	  971.6	  546.3	  304.0	.
847236	  970.9	  547.6	  304.0	.
847238	  970.3	  547.7	  303.0	.
847240	  969.9	  547.7	  303.0	.
847242	  970.2	  547.6	  303.0	.
847244	  969.7	  546.8	  303.0	.
847246	  969.3	  546.4	  301.0	.
847248	  968.3	  547.0	  300.0	.
847250	  968.5	  547.5	  299.0	.
847252	  968.6	  548.0	  298.0	.
847254	  968.7	  548.0	  297.0	.
847256	  968.6	  547.9	  297.0	.
847258	  968.6	  546.9	  297.0	.
847260	  968.6	  546.3	  296.0	.
847262	  968.7	  546.1	  295.0	.
847264	  969.8	  547.4	  294.0	.
847266	  969.9	  547.8	  294.0	.
847268	  969.8	  547.9	  294.0	.
847270	  969.9	  548.1	  294.0	.
847272	  969.9	  547.6	  294.0	.
847274	  970.0	  547.1	  294.0	.
847276	  971.8	  547.3	  294.0	.
847278	  971.6	  547.5	  291.0	.
847280	  972.3	  547.3	  289.0	.
847282	  972.9	  547.6	  289.0	.
847284	  974.4	  547.0	  289.0	.
847286	  974.4	  546.6	  285.0	.
847288	  974.4	  546.3	  285.0	.
847290	  974.4	  546.1	  285.0	.
847292	  974.4	  546.6	  285.0	.
847294	  974.4	  546.1	  283.0	.
847296	  974.2	  545.7	  283.0	.
847298	  973.9	  544.2	  282.0	.
847300	  973.8	  544.0	  282.0	.
847302	  973.9	  543.8	  282.0	.
847304	  973.2	  543.5	  278.0	.
847306	  972.8	  543.1	  278.0	.
847308	  972.7	  542.6	  278.0	.
847310	  972.6	  542.7	  278.0	.
847312	  972.2	  541.4	  277.0	.
847314	  972.3	  540.0	  276.0	.
847316	  971.9	  539.6	  275.0	.
847318	  971.4	  539.2	  275.0	.
847320	  971.1	  538.7	  275.0	.
847322	  970.8	  538.2	  274.0	.
847324	  970.8	  539.9	  274.0	.
847326	  970.8	  540.2	  274.0	.
847328	  970.5	  540.0	  273.0	.
847330	  970.2	  540.0	  272.0	.
847332	  969.9	  540.0	  270.0	.
847334	  970.1	  539.8	  270.0	.
847336	  970.0	  540.3	  270.0	.
847338	  969.9	  539.3	  269.0	.
847340	  970.3	  540.0	  270.0	.
847342	  970.1	  538.9	  269.0	.
847344	  969.9	  538.9	  267.0	.
847346	  970.1	  538.8	  267.0	.
847348	  970.1	  540.6	  266.0	.
847350	  970.0	  540.7	  264.0	.
847352	  970.7	  540.8	  264.0	.
847354	  971.6	  542.9	  264.0	.
847356	  971.8	  544.0	  264.0	.
847358	  972.0	  543.6	  264.0	.
847360	  972.3	  543.2	  264.0	.
847362	  972.2	  541.8	  263.0	.
847364	  972.3	  543.0	  263.0	.
847366	  972.9	  542.8	  263.0	.
847368	  973.7	  543.5	  263.0	.
847370	  973.7	  544.3	  263.0	.
847372	  973.7	  543.5	  261.0	.
847374	  973.4	  542.6	  260.0	.
847376	  973.8	  543.8	  261.0	.
847378	  973.8	  543.9	  261.0	.
847380	  973.8	  543.5	  261.0	.
847382	  973.8	  544.4	  261.0	.
847384	  974.6	  544.5	  261.0	.
847386	  974.5	  544.4	  260.0	.
847388	  974.7	  545.1	  259.0	.
847390	  974.6	  544.4	  258.0	.
847392	  974.5	  543.8	  256.0	.
847394	  974.4	  543.1	  257.0	.
847396	  974.2	  542.5	  256.0	.
847398	  973.9	  543.1	  256.0	.
847400	  975.3	  543.4	  256.0	.
847402	  976.3	  542.5	  256.0	.
847404	  976.1	  542.6	  256.0	.
847406	  977.5	  542.3	  255.0	.
847408	  978.1	  542.2	  253.0	.
847410	  978.0	  542.6	  253.0	.
847412	  978.0	  542.1	  253.0	.
847414	  976.8	  542.2	  252.0	.
847416	  976.7	  542.3	  252.0	.
847418	  976.6	  541.9	  252.0	.
847420	  976.9	  542.7	  252.0	.
847422	  976.8	  543.0	  252.0	.
847424	  976.9	  543.3	  252.0	.
847426	  976.7	  543.3	  252.0	.
847428	  977.7	  543.5	  251.0	.
847430	  977.7	  542.9	  251.0	.
847432	  977.9	  544.1	  250.0	.
847434	  977.1	  544.0	  250.0	.
847436	  978.6	  543.9	  249.0	.
847438	  978.7	  544.2	  249.0	.
847440	  978.4	  544.0	  249.0	.
847442	  978.9	  543.7	  249.0	.
847444	  979.1	  542.5	  250.0	.
847446	  979.3	  544.6	  250.0	.
847448	  979.5	  545.6	  248.0	.
847450	  979.2	  546.8	  247.0	.
847452	  979.6	  546.6	  247.0	.
847454	  979.8	  546.6	  247.0	.
847456	  980.9	  546.1	  247.0	.
847458	  981.1	  543.3	  247.0	.
847460	  981.8	  543.0	  247.0	.
847462	  983.2	  542.6	  248.0	.
847464	  982.7	  542.6	  249.0	.
847466	  983.7	  541.9	  249.0	.
847468	  983.9	  541.4	  248.0	.
847470	  983.7	  540.7	  247.0	.
847472	  984.0	  541.1	  247.0	.
847474	  984.1	  541.5	  246.0	.
847476	  984.3	  545.1	  245.0	.
847478	  984.3	  545.3	  244.0	.
847480	  984.4	  545.2	  243.0	.
847482	  983.7	  545.3	  242.0	.
847484	  984.3	  545.3	  242.0	.
847486	  983.8	  544.6	  241.0	.
847488	  983.7	  543.9	  241.0	.
847490	  983.7	  545.3	  241.0	.
847492	  982.7	  546.9	  241.0	.
847494	  981.4	  546.5	  241.0	.
847496	  983.1	  546.8	  242.0	.
847498	  983.7	  547.2	  242.0	.
847500	  984.5	  548.9	  240.0	.
847502	  984.3	  548.5	  239.0	.
847504	  984.3	  548.5	  239.0	.
847506	  983.9	  548.6	  239.0	.
847508	  984.6	  548.6	  239.0	.
847510	  984.7	  548.5	  238.0	.
847512	  984.7	  548.5	  237.0	.
847514	  984.6	  549.3	  237.0	.
847516	  984.7	  549.4	  237.0	.
847518	  984.7	  549.5	  237.0	.
847520	  984.5	  551.8	  237.0	.
847522	  985.4	  553.9	  237.0	.
847524	  985.4	  555.5	  237.0	.
847526	  986.5	  555.5	  236.0	.
847528	  985.9	  555.6	  235.0	.
847530	  985.2	  555.6	  235.0	.
847532	  984.7	  555.5	  234.0	.
847534	  984.2	  554.8	  234.0	.
847536	  984.3	  554.1	  234.0	.
847538	  984.3	  553.2	  234.0	.
847540	  984.8	  552.3	  234.0	.
847542	  985.9	  549.8	  235.0	.
847544	  986.2	  551.1	  235.0	.
847546	  986.6	  552.3	  235.0	.
847548	  987.0	  553.7	  234.0	.
847550	  987.2	  552.5	  231.0	.
847552	  987.1	  552.1	  231.0	.
847554	  987.2	  551.7	  235.0	.
847556	  987.4	  551.4	  235.0	.
847558	  987.3	  551.5	  235.0	.
847560	  987.3	  551.0	  235.0	.
847562	  988.6	  550.2	  235.0	.
847564	  989.2	  549.0	  235.0	.
847566	  989.2	  548.3	  235.0	.
847568	  989.5	  548.2	  235.0	.
847570	  989.5	  548.4	  235.0	.
847572	  989.6	  548.5	  234.0	.
847574	  990.8	  549.9	  234.0	.
847576	  991.5	  551.4	  234.0	.
847578	  991.4	  553.8	  234.0	.
847580	  992.1	  552.1	  233.0	.
847582	  991.7	  550.4	  233.0	.
847584	  991.8	  552.6	  232.0	.
847586	  991.5	  554.7	  232.0	.
847588	  991.3	  555.0	  231.0	.
847590	  991.9	  554.9	  231.0	.
847592	  992.7	  556.1	  231.0	.
847594	  992.5	  556.6	  230.0	.
847596	  992.4	  556.8	  227.0	.
847598	  992.9	  556.7	  227.0	.
847600	  992.2	  556.8	  227.0	.
847602	  991.2	  556.9	  227.0	.
847604	  991.1	  557.6	  228.0	.
847606	  991.8	  557.3	  228.0	.
847608	  991.9	  557.7	  229.0	.
847610	  991.9	  557.9	  229.0	.
847612	  991.7	  558.8	  228.0	.
847614	  991.2	  558.8	  228.0	.
847616	  992.3	  558.7	  227.0	.
847618	  993.2	  558.8	  227.0	.
847620	  993.1	  557.1	  228.0	.
847622	  993.0	  557.3	  228.0	.
847624	  992.2	  557.8	  228.0	.
847626	  991.1	  557.9	  228.0	.
847628	  991.1	  556.9	  228.0	.
847630	  990.9	  555.8	  228.0	.
847632	  991.9	  556.5	  230.0	.
847634	  992.7	  555.6	  230.0	.
847636	  992.9	  556.5	  229.0	.
847638	  992.7	  554.7	  229.0	.
847640	  993.3	  554.4	  229.0	.
847642	  993.0	  554.1	  229.0	.
847644	  993.2	  554.7	  228.0	.
847646	  993.3	  554.7	  228.0	.
847648	  993.8	  554.7	  228.0	.
847650	  993.4	  556.1	  227.0	.
847652	  993.4	  556.6	  227.0	.
847654	  993.4	  556.6	  227.0	.
847656	  993.5	  555.6	  228.0	.
847658	  993.7	  554.6	  229.0	.
847660	  992.9	  554.9	  229.0	.
847662	  992.4	  553.5	  229.0	.
847664	  992.1	  552.1	  229.0	.
847666	  992.5	  551.7	  230.0	.
847668	  992.0	  551.6	  230.0	.
847670	  991.8	  550.4	  230.0	.
847672	  992.0	  552.6	  230.0	.
847674	  992.3	  554.7	  230.0	.
847676	  992.4	  554.3	  229.0	.
847678	  992.3	  554.8	  228.0	.
847680	  992.0	  553.8	  228.0	.
847682	  991.0	  553.0	  228.0	.
847684	  989.9	  553.7	  228.0	.
847686	  987.9	  554.5	  228.0	.
847688	  988.3	  555.1	  228.0	.
847690	  987.8	  555.8	  228.0	.
847692	  987.2	  557.1	  229.0	.
847694	  988.0	  558.1	  229.0	.
847696	  988.0	  558.1	  229.0	.
847698	  988.0	  556.8	  229.0	.
847700	  988.4	  556.8	  229.0	.
847702	  988.2	  556.8	  229.0	.
847704	  987.8	  557.0	  229.0	.
847706	  988.2	  556.8	  229.0	.
847708	  988.3	  557.3	  229.0	.
847710	  988.2	  555.4	  229.0	.
847712	  988.1	  554.7	  229.0	.
847714	  988.0	  554.6	  229.0	.
847716	  987.7	  554.5	  229.0	.
847718	  987.4	  553.8	  230.0	.
847720	  986.9	  553.1	  230.0	.
847722	  985.7	  551.4	  231.0	.
847724	  986.2	  549.4	  231.0	.
847726	  987.1	  549.3	  231.0	.
847728	  986.8	  549.4	  231.0	.
847730	  987.5	  549.7	  231.0	.
847732	  987.4	  550.1	  231.0	.
847734	  987.5	  550.4	  232.0	.
847736	  986.7	  550.6	  232.0	.
847738	  987.0	  550.4	  232.0	.
847740	  986.8	  550.1	  232.0	.
847742	  987.3	  550.0	  232.0	.
847744	  987.0	  550.0	  232.0	.
847746	  987.8	  549.9	  232.0	.
847748	  988.4	  549.8	  233.0	.
847750	  989.1	  547.1	  233.0	.
847752	  989.2	  544.4	  234.0	.
847754	  989.6	  544.7	  234.0	.
847756	  989.4	  545.1	  235.0	.
847758	  989.2	  544.6	  235.0	.
847760	  989.6	  544.0	  235.0	.
847762	  989.8	  543.8	  236.0	.
847764	  989.8	  544.2	  236.0	.
847766	  989.8	  544.6	  236.0	.
847768	  989.7	  544.9	  238.0	.
847770	  989.7	  545.2	  240.0	.
847772	  987.9	  545.5	  240.0	.
847774	  987.7	  546.6	  238.0	.
847776	  988.0	  547.6	  236.0	.
847778	  988.0	  547.7	  236.0	.
847780	  987.9	  547.8	  236.0	.
847782	  987.7	  548.4	  236.0	.
847784	  987.0	  548.0	  233.0	.
847786	  986.5	  549.2	  233.0	.
847788	  987.2	  550.2	  232.0	.
847790	  988.0	  551.3	  233.0	.
847792	  988.8	  552.5	  234.0	.
847794	  988.9	  552.2	  236.0	.
847796	  988.7	  552.5	  236.0	.
847798	  988.6	  552.6	  235.0	.
847800	  988.6	  551.8	  235.0	.
847802	  988.5	  551.0	  235.0	.
847804	  988.5	  550.7	  235.0	.
847806	  988.4	  550.4	  236.0	.
847808	  986.2	  551.5	  237.0	.
847810	  985.4	  552.3	  237.0	.
847812	  985.1	  550.8	  237.0	.
847814	  985.8	  549.0	  237.0	.
847816	  985.7	  547.8	  238.0	.
847818	  985.8	  548.6	  238.0	.
847820	  985.7	  547.1	  239.0	.
847822	  985.5	  547.4	  240.0	.
847824	  985.4	  546.6	  240.0	.
847826	  985.5	  546.4	  240.0	.
847828	  985.9	  546.3	  240.0	.
847830	  986.3	  544.4	  239.0	.
847832	  986.8	  542.5	  239.0	.
847834	  987.4	  544.8	  239.0	.
847836	  986.7	  545.3	  238.0	.
847838	  986.6	  544.9	  238.0	.
847840	  986.5	  544.4	  239.0	.
847842	  987.0	  545.4	  239.0	.
847844	  987.0	  543.6	  240.0	.
847846	  987.0	  541.9	  241.0	.
847848	  987.1	  541.8	  241.0	.
847850	  987.0	  542.4	  241.0	.
847852	  987.1	  541.7	  242.0	.
847854	  986.9	  541.2	  243.0	.
847856	  986.6	  539.4	  243.0	.
847858	  986.0	  538.9	  244.0	.
847860	  984.8	  539.6	  244.0	.
847862	  984.9	  539.7	  244.0	.
847864	  984.4	  540.0	  244.0	.
847866	  985.1	  540.2	  244.0	.
847868	  985.8	  540.3	  245.0	.
847870	  986.3	  539.9	  246.0	.
847872	  986.3	  540.2	  247.0	.
847874	  986.2	  540.6	  247.0	.
847876	  986.1	  540.9	  246.0	.
847878	  986.2	  541.2	  245.0	.
847880	  986.2	  540.4	  245.0	.
847882	  986.1	  539.5	  245.0	.
847884	  986.9	  540.7	  244.0	.
847886	  987.0	  540.7	  244.0	.
847888	  987.0	  540.7	  244.0	.
847890	  987.0	  541.0	  244.0	.
847892	  986.8	  541.4	  243.0	.
847894	  986.6	  541.7	  244.0	.
847896	  986.8	  541.2	  245.0	.
847898	  985.5	  542.2	  245.0	.
847900	  986.0	  542.1	  245.0	.
847902	  986.3	  541.9	  245.0	.
847904	  986.1	  542.8	  245.0	.
847906	  985.8	  543.6	  245.0	.
847908	  985.5	  543.9	  244.0	.
847910	  985.0	  544.2	  244.0	.
847912	  985.0	  544.0	  244.0	.
847914	  985.0	  543.6	  245.0	.
847916	  985.0	  542.7	  245.0	.
847918	  984.6	  541.9	  246.0	.
847920	  984.4	  543.4	  246.0	.
847922	  985.3	  543.4	  246.0	.
847924	  985.7	  542.9	  246.0	.
847926	  985.9	  542.4	  246.0	.
847928	  986.1	  541.1	  247.0	.
847930	  986.3	  540.7	  247.0	.
847932	  987.3	  541.9	  247.0	.
847934	  987.5	  541.6	  246.0	.
847936	  987.8	  541.2	  245.0	.
847938	  987.6	  540.6	  245.0	.
847940	  987.5	  540.4	  245.0	.
847942	  987.3	  540.3	  246.0	.
847944	  987.5	  538.6	  247.0	.
847946	  987.7	  538.2	  248.0	.
847948	  987.7	  538.4	  248.0	.
847950	  987.8	  538.7	  248.0	.
847952	  987.6	  537.8	  248.0	.
847954	  987.2	  536.9	  250.0	.
847956	  988.4	  537.3	  250.0	.
847958	  987.7	  537.6	  250.0	.
847960	  987.6	  537.8	  250.0	.
847962	  987.6	  538.9	  250.0	.
847964	  986.8	  537.8	  250.0	.
847966	  986.7	  536.6	  250.0	.
847968	  986.9	  537.3	  250.0	.
847970	  987.0	  538.0	  250.0	.
847972	  987.3	  538.3	  250.0	.
847974	  988.0	  538.6	  249.0	.
847976	  987.7	  539.6	  249.0	.
847978	  987.2	  539.8	  250.0	.
847980	  988.4	  539.8	  250.0	.
847982	  988.4	  539.4	  250.0	.
847984	  988.6	  539.0	  250.0	.
847986	  988.4	  539.5	  250.0	.
847988	  988.4	  538.7	  250.0	.
847990	  987.9	  537.9	  250.0	.
847992	  988.3	  538.8	  250.0	.
847994	  988.2	  538.9	  250.0	.
847996	  988.2	  538.5	  251.0	.
847998	  988.1	  539.7	  250.0	.
848000	  988.2	  539.5	  250.0	.
848002	  987.4	  539.5	  250.0	.
848004	  986.9	  540.4	  250.0	.
848006	  986.5	  539.8	  250.0	.
848008	  986.3	  540.5	  250.0	.
848010	  986.6	  541.2	  250.0	.
848012	  985.5	  539.9	  250.0	.
848014	  985.6	  539.8	  251.0	.
848016	  985.8	  539.8	  251.0	.
848018	  986.1	  538.5	  251.0	.
848020	  985.8	  537.9	  251.0	.
848022	  986.1	  537.6	  251.0	.
848024	  986.7	  537.3	  251.0	.
848026	  986.7	  537.7	  252.0	.
848028	  986.8	  538.1	  252.0	.
848030	  987.1	  538.4	  251.0	.
848032	  987.1	  538.3	  251.0	.
848034	  987.2	  539.9	  251.0	.
848036	  987.6	  539.5	  251.0	.
848038	  988.0	  539.3	  251.0	.
848040	  988.2	  537.4	  251.0	.
848042	  988.2	  537.5	  251.0	.
848044	  987.9	  537.8	  251.0	.
848046	  988.0	  537.8	  252.0	.
848048	  988.1	  537.7	  252.0	.
848050	  987.7	  537.8	  252.0	.
848052	  988.0	  537.8	  252.0	.
848054	  987.7	  537.4	  251.0	.
848056	  987.7	  537.4	  251.0	.
848058	  987.1	  537.6	  252.0	.
848060	  986.9	  537.3	  252.0	.
848062	  986.6	  537.5	  252.0	.
848064	  986.5	  537.6	  252.0	.
848066	  986.9	  537.5	  252.0	.
848068	  986.5	  537.4	  253.0	.
848070	  986.5	  537.6	  253.0	.
848072	  986.6	  537.8	  254.0	.
848074	  986.8	  538.4	  254.0	.
848076	  986.9	  538.4	  253.0	.
848078	  987.0	  538.5	  252.0	.
848080	  987.4	  536.7	  252.0	.
848082	  987.1	  536.7	  251.0	.
848084	  987.3	  536.6	  251.0	.
848086	  987.3	  536.5	  251.0	.
848088	  987.5	  537.2	  251.0	.
848090	  987.6	  538.0	  251.0	.
848092	  987.2	  539.8	  252.0	.
848094	  987.6	  539.7	  252.0	.
848096	  988.0	  538.8	  252.0	.
848098	  987.5	  538.7	  252.0	.
848100	  987.8	  538.5	  252.0	.
848102	  987.3	  538.6	  251.0	.
848104	  986.9	  538.6	  251.0	.
848106	  986.6	  538.8	  251.0	.
848108	  986.8	  538.2	  251.0	.
848110	  986.2	  538.6	  251.0	.
848112	  986.8	  538.2	  252.0	.
848114	  987.3	  537.8	  252.0	.
848116	  987.3	  538.5	  252.0	.
848118	  987.4	  539.1	  252.0	.
848120	  987.4	  539.0	  252.0	.
848122	  987.4	  539.0	  253.0	.
848124	  987.4	  537.5	  253.0	.
848126	  987.3	  537.5	  253.0	.
848128	  987.3	  537.5	  253.0	.
848130	  987.3	  537.3	  253.0	.
848132	  987.2	  537.2	  253.0	.
848134	  987.1	  536.8	  252.0	.
848136	  987.4	  537.8	  252.0	.
848138	  987.7	  538.8	  252.0	.
848140	  986.6	  539.1	  252.0	.
848142	  986.1	  539.2	  252.0	.
848144	  986.1	  538.0	  252.0	.
848146	  986.1	  538.8	  252.0	.
848148	  986.0	  539.7	  252.0	.
848150	  986.4	  540.2	  252.0	.
848152	  986.5	  539.6	  253.0	.
848154	  986.5	  540.4	  254.0	.
848156	  986.5	  540.2	  254.0	.
848158	  985.7	  540.2	  254.0	.
848160	  985.4	  539.1	  254.0	.
848162	  985.4	  539.1	  254.0	.
848164	  985.4	  540.8	  256.0	.
848166	  984.3	  542.7	  256.0	.
848168	  984.7	  542.7	  256.0	.
848170	  984.4	  542.6	  256.0	.
848172	  985.2	  544.2	  256.0	.
848174	  986.0	  545.7	  256.0	.
848176	  985.9	  546.2	  256.0	.
848178	  985.7	  546.7	  256.0	.
848180	  985.1	  547.4	  257.0	.
848182	  985.3	  547.9	  257.0	.
848184	  985.5	  548.2	  256.0	.
848186	  985.5	  546.8	  256.0	.
848188	  985.8	  548.4	  256.0	.
848190	  985.3	  546.9	  255.0	.
848192	  985.8	  547.9	  256.0	.
848194	  985.8	  547.8	  255.0	.
848196	  986.1	  548.6	  254.0	.
848198	  986.4	  549.4	  255.0	.
848200	  986.9	  550.0	  256.0	.
848202	  988.1	  550.1	  256.0	.
848204	  988.0	  548.0	  256.0	.
848206	  988.1	  548.2	  256.0	.
848208	  988.3	  548.5	  256.0	.
848210	  988.4	  549.2	  256.0	.
848212	  988.9	  549.9	  256.0	.
848214	  989.0	  550.4	  255.0	.
848216	  989.0	  549.5	  256.0	.
848218	  988.8	  548.7	  256.0	.
848220	  987.9	  546.8	  256.0	.
848222	  987.7	  547.7	  256.0	.
848224	  987.6	  546.0	  256.0	.
848226	  987.4	  545.8	  255.0	.
848228	  987.2	  545.5	  254.0	.
848230	  987.0	  544.2	  254.0	.
848232	  986.9	  544.0	  254.0	.
848234	  987.6	  545.8	  255.0	.
848236	  988.1	  545.2	  256.0	.
848238	  988.1	  544.7	  256.0	.
848240	  987.9	  546.1	  253.0	.
848242	  988.2	  545.3	  253.0	.
848244	  988.3	  545.6	  255.0	.
848246	  988.2	  546.0	  255.0	.
848248	  988.0	  545.8	  255.0	.
848250	  986.8	  545.8	  255.0	.
848252	  986.5	  546.9	  254.0	.
848254	  986.3	  548.0	  254.0	.
848256	  986.7	  548.4	  257.0	.
848258	  986.3	  548.9	  260.0	.
848260	  985.8	  549.3	  260.0	.
848262	  985.3	  549.6	  260.0	.
848264	  985.2	  552.0	  260.0	.
848266	  985.9	  552.7	  260.0	.
848268	  986.6	  552.8	  260.0	.
848270	  986.1	  552.3	  260.0	.
848272	  986.1	  552.6	  259.0	.
848274	  986.1	  551.8	  259.0	.
848276	  986.7	  552.9	  258.0	.
848278	  986.9	  554.0	  258.0	.
848280	  987.1	  554.5	  258.0	.
848282	  988.0	  553.5	  258.0	.
848284	  988.0	  553.3	  258.0	.
848286	  988.1	  553.1	  256.0	.
848288	  988.3	  552.0	  257.0	.
848290	  988.2	  551.0	  257.0	.
848292	  988.0	  550.2	  257.0	.
848294	  988.0	  550.1	  257.0	.
848296	  987.9	  548.7	  256.0	.
848298	  988.0	  548.3	  255.0	.
848300	  988.0	  548.1	  255.0	.
848302	  987.7	  547.5	  254.0	.
848304	  987.6	  548.1	  254.0	.
848306	  987.4	  548.3	  255.0	.
848308	  987.2	  548.5	  256.0	.
848310	  987.4	  548.3	  255.0	.
848312	  987.7	  549.8	  255.0	.
848314	  987.8	  548.9	  255.0	.
848316	  988.0	  548.1	  254.0	.
848318	  988.1	  548.4	  254.0	.
848320	  987.7	  548.9	  255.0	.
848322	  987.6	  548.9	  255.0	.
848324	  987.6	  548.9	  256.0	.
848326	  987.9	  553.4	  257.0	.
848328	  989.0	  553.2	  259.0	.
848330	  988.7	  553.0	  259.0	.
848332	  988.6	  552.8	  258.0	.
848334	  988.4	  552.9	  256.0	.
848336	  987.8	  553.1	  256.0	.
848338	  987.0	  551.1	  255.0	.
848340	  986.2	  549.2	  255.0	.
848342	  986.9	  549.0	  254.0	.
848344	  987.6	  549.2	  254.0	.
848346	  987.7	  549.4	  255.0	.
848348	  987.9	  551.1	  256.0	.
848350	  987.9	  552.7	  255.0	.
848352	  987.8	  553.1	  256.0	.
848354	  987.8	  552.6	  257.0	.
848356	  987.8	  553.2	  259.0	.
848358	  988.0	  553.6	  259.0	.
848360	  988.0	  554.1	  259.0	.
848362	  988.2	  554.5	  258.0	.
848364	  988.5	  555.0	  258.0	.
848366	  988.9	  554.6	  259.0	.
848368	  987.5	  554.6	  259.0	.
848370	  987.3	  553.3	  259.0	.
848372	  987.7	  552.8	  260.0	.
848374	  988.1	  552.8	  259.0	.
848376	  988.1	  552.9	  259.0	.
848378	  988.1	  554.2	  258.0	.
848380	  988.2	  554.6	  255.0	.
848382	  988.1	  554.9	  255.0	.
848384	  988.6	  553.8	  255.0	.
848386	  989.1	  553.6	  255.0	.
848388	  989.3	  554.1	  255.0	.
848390	  989.0	  553.6	  256.0	.
848392	  988.9	  553.2	  256.0	.
848394	  988.6	  551.8	  256.0	.
848396	  988.5	  548.8	  256.0	.
848398	  988.1	  549.6	  255.0	.
848400	  988.3	  550.4	  255.0	.
848402	  988.2	  550.6	  254.0	.
848404	  987.8	  550.6	  254.0	.
848406	  987.9	  550.5	  254.0	.
848408	  988.0	  550.3	  254.0	.
848410	  987.9	  550.1	  254.0	.
848412	  988.1	  551.9	  254.0	.
848414	  988.1	  552.4	  254.0	.
848416	  988.2	  552.2	  254.0	.
848418	  988.2	  552.1	  254.0	.
848420	  988.1	  552.1	  254.0	.
848422	  988.0	  552.0	  253.0	.
848424	  988.2	  551.9	  252.0	.
848426	  988.3	  550.6	  253.0	.
848428	  988.3	  550.3	  253.0	.
848430	  988.2	  550.9	  253.0	.
848432	  988.6	  551.5	  253.0	.
848434	  989.0	  552.3	  253.0	.
848436	  988.7	  551.1	  253.0	.
848438	  988.5	  551.7	  252.0	.
848440	  989.0	  551.3	  252.0	.
848442	  988.3	  551.8	  251.0	.
848444	  988.8	  551.6	  253.0	.
848446	  989.2	  551.4	  253.0	.
848448	  989.3	  551.6	  253.0	.
848450	  989.1	  551.7	  253.0	.
848452	  989.3	  550.8	  253.0	.
848454	  989.1	  552.7	  253.0	.
848456	  989.8	  552.4	  253.0	.
848458	  989.8	  552.2	  254.0	.
848460	  989.7	  552.0	  254.0	.
848462	  990.0	  552.8	  254.0	.
848464	  990.5	  553.6	  254.0	.
848466	  990.5	  555.6	  253.0	.
848468	  991.6	  554.8	  253.0	.
848470	  991.5	  554.0	  254.0	.
848472	  991.0	  552.2	  255.0	.
848474	  990.2	  548.9	  256.0	.
848476	  990.4	  548.8	  255.0	.
848478	  989.9	  549.4	  255.0	.
848480	  990.3	  549.9	  254.0	.
848482	  990.1	  550.0	  254.0	.
848484	  990.0	  550.1	  255.0	.
848486	  990.5	  552.3	  255.0	.
848488	  990.8	  552.8	  255.0	.
848490	  991.4	  553.2	  255.0	.
848492	  991.7	  553.8	  254.0	.
848494	  992.0	  555.7	  253.0	.
848496	  990.9	  556.7	  253.0	.
848498	  989.7	  557.7	  253.0	.
848500	  989.1	  555.6	  252.0	.
848502	  989.7	  554.9	  252.0	.
848504	  989.7	  555.3	  251.0	.
848506	  989.6	  554.2	  252.0	.
848508	  988.7	  553.3	  252.0	.
848510	  988.2	  552.3	  254.0	.
848512	  987.8	  551.4	  253.0	.
848514	  987.7	  551.5	  253.0	.
848516	  987.5	  550.6	  254.0	.
848518	  987.8	  552.4	  254.0	.
848520	  987.5	  554.4	  254.0	.
848522	  988.0	  555.1	  252.0	.
848524	  988.2	  552.9	  251.0	.
848526	  987.9	  550.8	  251.0	.
848528	  988.3	  550.2	  251.0	.
848530	  988.4	  550.0	  252.0	.
848532	  988.2	  549.8	  256.0	.
848534	  988.8	  552.6	  256.0	.
848536	  988.7	  552.7	  252.0	.
848538	  988.8	  552.7	  252.0	.
848540	  988.6	  553.4	  253.0	.
848542	  987.4	  553.5	  253.0	.
848544	  987.4	  553.4	  253.0	.
848546	  988.0	  553.2	  254.0	.
848548	  987.4	  553.2	  255.0	.
848550	  987.3	  553.1	  254.0	.
848552	  987.1	  553.0	  255.0	.
848554	  987.2	  552.4	  256.0	.
848556	  987.3	  551.7	  256.0	.
848558	  987.7	  550.3	  256.0	.
848560	  987.9	  550.9	  258.0	.
848562	  988.1	  550.8	  258.0	.
848564	  987.8	  551.4	  258.0	.
848566	  988.0	  551.0	  257.0	.
848568	  987.3	  550.7	  257.0	.
848570	  986.8	  550.8	  257.0	.
848572	  987.2	  550.9	  257.0	.
848574	  987.5	  551.1	  256.0	.
848576	  987.3	  551.2	  256.0	.
848578	  987.3	  550.9	  256.0	.
848580	  987.0	  551.6	  256.0	.
848582	  987.2	  551.9	  256.0	.
848584	  987.3	  551.9	  255.0	.
848586	  987.7	  551.8	  255.0	.
848588	  988.0	  551.7	  255.0	.
848590	  988.3	  551.5	  255.0	.
848592	  988.5	  551.3	  254.0	.
848594	  988.1	  551.3	  255.0	.
848596	  987.6	  551.3	  256.0	.
848598	  986.5	  550.8	  255.0	.
848600	  986.5	  551.0	  255.0	.
848602	  986.3	  549.9	  255.0	.
848604	  987.0	  550.1	  255.0	.
848606	  987.6	  549.7	  256.0	.
848608	  988.1	  550.0	  257.0	.
848610	  988.1	  550.4	  257.0	.
848612	  987.9	  549.8	  257.0	.
848614	  988.3	  549.3	  257.0	.
848616	  988.4	  550.1	  257.0	.
848618	  988.7	  551.0	  257.0	.
848620	  987.6	  549.8	  256.0	.
848622	  986.8	  549.4	  256.0	.
848624	  986.5	  548.9	  256.0	.
848626	  986.4	  548.8	  257.0	.
848628	  986.4	  548.8	  257.0	.
848630	  986.3	  548.9	  257.0	.
848632	  986.7	  548.7	  257.0	.
848634	  987.2	  548.7	  257.0	.
848636	  987.2	  548.8	  257.0	.
848638	  987.1	  548.3	  258.0	.
848640	  986.8	  547.8	  258.0	.
848642	  986.9	  548.2	  258.0	.
848644	  987.1	  548.6	  258.0	.
848646	  987.4	  550.8	  258.0	.
848648	  987.5	  550.3	  258.0	.
848650	  987.3	  550.0	  257.0	.
848652	  987.9	  549.5	  256.0	.
848654	  987.9	  549.2	  257.0	.
848656	  988.0	  548.2	  257.0	.
848658	  986.6	  547.5	  260.0	.
848660	  986.9	  547.5	  260.0	.
848662	  986.7	  547.6	  260.0	.
848664	  987.0	  547.7	  260.0	.
848666	  987.3	  547.5	  260.0	.
848668	  987.5	  547.3	  259.0	.
848670	  987.6	  546.8	  259.0	.
848672	  987.4	  544.4	  259.0	.
848674	  987.3	  543.9	  258.0	.
848676	  986.3	  544.2	  258.0	.
848678	  986.2	  544.4	  258.0	.
848680	  986.0	  544.0	  257.0	.
848682	  986.0	  544.1	  257.0	.
848684	  986.2	  544.2	  255.0	.
848686	  985.4	  542.1	  255.0	.
848688	  984.6	  539.9	  256.0	.
848690	  985.4	  541.8	  257.0	.
848692	  985.4	  543.7	  257.0	.
848694	  985.1	  542.6	  261.0	.
848696	  985.3	  542.7	  261.0	.
848698	  985.1	  542.8	  260.0	.
848700	  984.9	  543.1	  260.0	.
848702	  985.5	  543.2	  260.0	.
848704	  985.5	  543.8	  260.0	.
848706	  985.7	  546.5	  260.0	.
848708	  986.6	  547.6	  260.0	.
848710	  986.9	  548.0	  260.0	.
848712	  986.0	  548.6	  261.0	.
848714	  986.4	  548.6	  262.0	.
848716	  986.1	  548.7	  262.0	.
848718	  985.9	  548.7	  262.0	.
848720	  986.2	  548.6	  262.0	.
848722	  986.4	  547.9	  262.0	.
848724	  986.3	  547.4	  262.0	.
848726	  986.5	  547.9	  262.0	.
848728	  986.7	  548.4	  262.0	.
848730	  986.4	  548.9	  263.0	.
848732	  986.1	  548.5	  265.0	.
848734	  985.0	  549.2	  265.0	.
848736	  985.1	  549.2	  265.0	.
848738	  985.2	  549.8	  265.0	.
848740	  985.4	  550.5	  264.0	.
848742	  985.3	  550.3	  264.0	.
848744	  985.5	  550.1	  264.0	.
848746	  984.9	  549.4	  265.0	.
848748	  984.8	  549.5	  265.0	.
848750	  984.7	  549.2	  265.0	.
848752	  985.4	  548.9	  266.0	.
848754	  984.9	  547.9	  266.0	.
848756	  986.0	  547.4	  267.0	.
848758	  987.1	  547.0	  267.0	.
848760	  987.2	  547.4	  267.0	.
848762	  987.3	  547.7	  267.0	.
848764	  987.1	  547.6	  267.0	.
848766	  987.6	  547.5	  267.0	.
848768	  988.3	  547.4	  267.0	.
848770	  987.8	  546.5	  267.0	.
848772	  988.0	  546.1	  270.0	.
848774	  987.0	  546.0	  270.0	.
848776	  986.0	  546.3	  269.0	.
848778	  985.9	  546.5	  269.0	.
848780	  986.2	  545.1	  269.0	.
848782	  986.5	  543.7	  270.0	.
848784	  985.4	  543.8	  269.0	.
848786	  985.6	  545.1	  270.0	.
848788	  985.8	  544.8	  270.0	.
848790	  986.1	  545.3	  269.0	.
848792	  986.5	  545.8	  270.0	.
848794	  987.8	  547.0	  270.0	.
848796	  986.9	  547.7	  272.0	.
848798	  986.7	  547.9	  272.0	.
848800	  986.7	  546.6	  271.0	.
848802	  986.3	  546.5	  271.0	.
848804	  986.8	  546.7	  271.0	.
848806	  986.4	  547.0	  271.0	.
848808	  986.3	  547.6	  271.0	.
848810	  986.1	  547.8	  272.0	.
848812	  986.1	  547.5	  274.0	.
848814	  986.0	  547.2	  274.0	.
848816	  986.3	  547.0	  273.0	.
848818	  986.6	  546.8	  273.0	.
848820	  986.1	  546.9	  273.0	.
848822	  985.7	  547.4	  273.0	.
848824	  985.6	  545.8	  273.0	.
848826	  986.4	  546.5	  273.0	.
848828	  986.3	  546.4	  273.0	.
848830	  986.3	  546.3	  274.0	.
848832	  986.1	  546.3	  276.0	.
848834	  986.1	  546.2	  276.0	.
848836	  986.0	  544.9	  276.0	.
848838	  986.0	  545.4	  276.0	.
848840	  986.3	  545.5	  276.0	.
848842	  986.4	  545.4	  276.0	.
848844	  986.5	  545.4	  277.0	.
848846	  986.2	  546.2	  277.0	.
848848	  986.5	  546.4	  278.0	.
848850	  986.4	  546.7	  278.0	.
848852	  986.3	  546.8	  278.0	.
848854	  985.9	  546.8	  278.0	.
848856	  986.2	  547.5	  282.0	.
848858	  986.2	  547.5	  282.0	.
848860	  986.2	  547.3	  281.0	.
848862	  986.2	  547.1	  281.0	.
848864	  986.3	  547.3	  281.0	.
848866	  986.2	  546.9	  281.0	.
848868	  986.1	  546.5	  282.0	.
848870	  985.6	  545.4	  282.0	.
848872	  985.5	  545.2	  282.0	.
848874	  985.7	  545.6	  281.0	.
848876	  985.9	  545.8	  281.0	.
848878	  986.1	  545.8	  281.0	.
848880	  986.2	  546.1	  281.0	.
848882	  986.2	  546.1	  281.0	.
848884	  986.1	  546.1	  281.0	.
848886	  985.9	  546.0	  281.0	.
848888	  986.0	  546.1	  281.0	.
848890	  985.5	  546.3	  281.0	.
848892	  986.2	  546.6	  281.0	.
848894	  986.8	  546.4	  282.0	.
848896	  986.4	  546.3	  282.0	.
848898	  986.1	  546.6	  282.0	.
848900	  986.2	  546.3	  283.0	.
848902	  986.3	  546.3	  283.0	.
848904	  986.1	  546.3	  283.0	.
848906	  985.8	  546.3	  283.0	.
848908	  986.0	  546.3	  283.0	.
848910	  986.0	  546.3	  283.0	.
848912	  986.3	  545.9	  283.0	.
848914	  986.2	  545.5	  284.0	.
848916	  986.2	  545.9	  286.0	.
848918	  985.9	  546.3	  286.0	.
848920	  985.9	  546.1	  286.0	.
848922	  985.4	  546.0	  286.0	.
848924	  986.0	  544.7	  286.0	.
848926	  985.6	  545.3	  286.0	.
848928	  985.8	  545.7	  286.0	.
848930	  985.0	  545.9	  287.0	.
848932	  984.3	  546.2	  287.0	.
848934	  984.3	  546.6	  287.0	.
848936	  984.4	  547.1	  287.0	.
848938	  984.5	  546.7	  287.0	.
848940	  984.7	  546.8	  287.0	.
848942	  984.7	  546.8	  287.0	.
848944	  984.5	  547.2	  289.0	.
848946	  985.0	  547.7	  290.0	.
848948	  984.9	  547.6	  290.0	.
848950	  984.7	  547.7	  290.0	.
848952	  984.8	  547.8	  290.0	.
848954	  984.8	  548.1	  290.0	.
848956	  985.0	  550.7	  291.0	.
848958	  984.9	  549.6	  293.0	.
848960	  984.8	  548.6	  293.0	.
848962	  984.3	  548.7	  293.0	.
848964	  984.1	  548.2	  293.0	.
848966	  984.0	  548.9	  293.0	.
848968	  984.0	  548.5	  293.0	.
848970	  983.9	  548.0	  293.0	.
848972	  983.6	  547.9	  294.0	.
848974	  983.8	  547.6	  294.0	.
848976	  983.8	  546.9	  294.0	.
848978	  983.8	  546.7	  293.0	.
848980	  983.9	  546.5	  293.0	.
848982	  983.9	  546.0	  292.0	.
848984	  984.4	  545.9	  292.0	.
848986	  984.5	  545.9	  293.0	.
848988	  984.4	  545.3	  293.0	.
848990	  984.3	  544.6	  293.0	.
848992	  984.2	  545.3	  294.0	.
848994	  983.9	  545.7	  295.0	.
848996	  983.9	  546.0	  295.0	.
848998	  984.2	  545.7	  295.0	.
849000	  984.1	  545.4	  295.0	.
849002	  985.0	  545.3	  296.0	.
849004	  985.8	  545.2	  297.0	.
849006	  985.6	  545.2	  297.0	.
849008	  985.4	  545.3	  298.0	.
849010	  984.4	  544.8	  298.0	.
849012	  981.9	  544.6	  298.0	.
849014	  980.4	  544.6	  299.0	.
849016	  980.4	  544.4	  299.0	.
849018	  980.4	  543.9	  300.0	.
849020	  980.7	  544.8	  301.0	.
849022	  981.3	  545.1	  301.0	.
849024	  981.4	  545.0	  300.0	.
849026	  981.6	  545.3	  301.0	.
849028	  981.8	  545.2	  301.0	.
849030	  981.6	  545.1	  301.0	.
849032	  982.4	  545.1	  300.0	.
849034	  981.7	  545.3	  300.0	.
849036	  980.9	  545.6	  300.0	.
849038	  981.4	  545.7	  300.0	.
849040	  981.9	  545.4	  302.0	.
849042	  982.3	  545.3	  304.0	.
849044	  982.7	  545.3	  304.0	.
849046	  982.4	  545.3	  303.0	.
849048	  982.1	  547.1	  303.0	.
849050	  981.9	  547.2	  303.0	.
849052	  981.7	  547.1	  303.0	.
849054	  981.2	  547.1	  303.0	.
849056	  980.6	  547.3	  302.0	.
849058	  980.9	  547.2	  302.0	.
849060	  980.4	  548.3	  303.0	.
849062	  980.0	  549.4	  305.0	.
849064	  979.9	  550.0	  306.0	.
849066	  979.9	  549.9	  307.0	.
849068	  981.2	  551.3	  307.0	.
849070	  982.6	  552.7	  307.0	.
849072	  982.9	  552.6	  310.0	.
849074	  983.2	  552.6	  312.0	.
849076	  983.2	  552.6	  312.0	.
849078	  982.7	  552.6	  311.0	.
849080	  982.7	  553.5	  311.0	.
849082	  982.7	  553.3	  311.0	.
849084	  982.5	  553.2	  311.0	.
849086	  983.1	  554.3	  311.0	.
849088	  983.6	  554.5	  311.0	.
849090	  983.6	  554.8	  312.0	.
849092	  983.5	  554.3	  312.0	.
849094	  983.5	  554.4	  312.0	.
849096	  984.1	  554.5	  312.0	.
849098	  983.9	  555.4	  312.0	.
849100	  984.0	  555.5	  312.0	.
849102	  983.7	  554.8	  313.0	.
849104	  983.5	  554.2	  314.0	.
849106	  984.0	  554.1	  314.0	.
849108	  984.1	  554.3	  313.0	.
849110	  984.2	  554.4	  313.0	.
849112	  983.9	  555.2	  313.0	.
849114	  983.6	  554.7	  313.0	.
849116	  982.8	  554.8	  313.0	.
849118	  983.0	  554.8	  313.0	.
849120	  983.2	  554.6	  313.0	.
849122	  983.4	  555.0	  314.0	.
849124	  983.5	  555.5	  316.0	.
849126	  982.4	  556.1	  316.0	.
849128	  982.3	  556.5	  316.0	.
849130	  982.2	  556.2	  316.0	.
849132	  982.4	  555.9	  316.0	.
849134	  982.6	  555.4	  316.0	.
849136	  981.7	  556.1	  317.0	.
849138	  981.5	  555.7	  317.0	.
849140	  981.4	  556.5	  318.0	.
849142	  981.6	  556.9	  318.0	.
849144	  981.2	  557.1	  317.0	.
849146	  980.8	  557.4	  317.0	.
849148	  980.8	  557.7	  317.0	.
849150	  980.8	  558.1	  317.0	.
849152	  980.2	  558.8	  317.0	.
849154	  980.0	  559.2	  319.0	.
849156	  979.9	  559.5	  321.0	.
849158	  980.1	  563.0	  322.0	.
849160	  979.6	  563.4	  322.0	.
849162	  980.2	  563.1	  323.0	.
849164	  981.0	  564.1	  324.0	.
849166	  980.2	  563.7	  326.0	.
849168	  979.4	  563.4	  327.0	.
849170	  977.4	  563.8	  327.0	.
849172	  977.7	  563.9	  330.0	.
849174	  978.0	  564.4	  329.0	.
849176	  979.0	  564.8	  329.0	.
849178	  978.9	  564.1	  329.0	.
849180	  979.1	  563.4	  328.0	.
849182	  978.5	  563.6	  327.0	.
849184	  978.5	  562.1	  327.0	.
849186	  978.4	  561.7	  327.0	.
849188	  979.1	  561.4	  327.0	.
849190	  978.8	  561.4	  327.0	.
849192	  978.7	  561.2	  328.0	.
849194	  978.5	  561.5	  329.0	.
849196	  978.5	  561.0	  330.0	.
849198	  978.4	  560.5	  330.0	.
849200	  978.5	  560.7	  329.0	.
849202	  978.3	  559.5	  329.0	.
849204	  978.6	  558.2	  329.0	.
849206	  979.0	  559.5	  329.0	.
849208	  979.6	  559.4	  329.0	.
849210	  979.5	  559.4	  329.0	.
849212	  978.4	  559.4	  329.0	.
849214	  978.2	  559.5	  328.0	.
849216	  978.1	  558.8	  328.0	.
849218	  977.7	  560.9	  328.0	.
849220	  977.9	  561.2	  329.0	.
849222	  977.9	  561.5	  330.0	.
849224	  978.3	  562.4	  331.0	.
849226	  978.2	  562.3	  331.0	.
849228	  978.2	  562.1	  331.0	.
849230	  976.1	  563.7	  331.0	.
849232	  976.2	  564.8	  331.0	.
849234	  976.0	  565.5	  331.0	.
849236	  976.4	  566.0	  332.0	.
849238	  976.4	  565.2	  332.0	.
849240	  976.8	  564.3	  332.0	.
849242	  977.0	  563.7	  331.0	.
849244	  978.4	  562.8	  330.0	.
849246	  978.8	  562.8	  330.0	.
849248	  978.8	  562.4	  330.0	.
849250	  978.6	  562.5	  330.0	.
849252	  979.6	  562.3	  329.0	.
849254	  980.3	  561.8	  329.0	.
849256	  980.1	  561.5	  330.0	.
849258	  979.5	  559.6	  330.0	.
849260	  979.5	  559.5	  331.0	.
849262	  979.1	  559.6	  332.0	.
849264	  979.4	  559.9	  332.0	.
849266	  979.4	  560.2	  332.0	.
849268	  980.0	  560.3	  332.0	.
849270	  980.0	  560.0	  332.0	.
849272	  980.1	  559.6	  332.0	.
849274	  979.9	  559.7	  332.0	.
849276	  980.8	  559.2	  331.0	.
849278	  981.0	  559.7	  331.0	.
849280	  981.4	  559.9	  332.0	.
849282	  981.7	  560.1	  332.0	.
849284	  982.2	  559.9	  331.0	.
849286	  981.9	  559.9	  330.0	.
849288	  982.3	  560.9	  331.0	.
849290	  981.8	  562.0	  330.0	.
849292	  982.0	  562.9	  330.0	.
849294	  981.7	  563.1	  330.0	.
849296	  982.0	  562.8	  330.0	.
849298	  981.8	  562.9	  331.0	.
849300	  981.9	  562.8	  331.0	.
849302	  982.6	  561.1	  331.0	.
849304	  982.8	  560.9	  330.0	.
849306	  983.0	  561.4	  330.0	.
849308	  983.1	  561.9	  330.0	.
849310	  982.7	  562.5	  330.0	.
849312	  983.3	  562.5	  330.0	.
849314	  983.8	  562.5	  330.0	.
849316	  983.5	  562.2	  330.0	.
849318	  983.0	  562.1	  330.0	.
849320	  982.5	  561.0	  330.0	.
849322	  982.3	  560.9	  328.0	.
849324	  982.9	  560.6	  328.0	.
849326	  982.7	  560.6	  328.0	.
849328	  983.2	  560.5	  328.0	.
849330	  983.6	  559.4	  328.0	.
849332	  983.2	  559.3	  329.0	.
849334	  983.1	  559.4	  329.0	.
849336	  983.2	  559.3	  328.0	.
849338	  982.9	  559.5	  328.0	.
849340	  983.2	  559.4	  328.0	.
849342	  983.5	  559.7	  328.0	.
849344	  983.7	  559.0	  328.0	.
849346	  983.8	  558.5	  328.0	.
849348	  983.9	  558.3	  330.0	.
849350	  983.8	  558.2	  330.0	.
849352	  983.7	  557.4	  329.0	.
849354	  983.5	  556.8	  329.0	.
849356	  983.6	  556.7	  327.0	.
849358	  983.7	  555.9	  327.0	.
849360	  983.5	  556.9	  329.0	.
849362	  984.6	  556.8	  329.0	.
849364	  983.7	  556.8	  330.0	.
849366	  982.9	  557.6	  330.0	.
849368	  981.9	  557.7	  330.0	.
849370	  981.9	  558.1	  330.0	.
849372	  981.9	  557.9	  330.0	.
849374	  982.1	  558.5	  330.0	.
849376	  982.1	  558.1	  330.0	.
849378	  982.1	  557.9	  330.0	.
849380	  982.1	  557.7	  329.0	.
849382	  982.2	  558.1	  329.0	.
849384	  981.8	  558.3	  329.0	.
849386	  981.6	  558.6	  327.0	.
849388	  980.8	  558.6	  327.0	.
849390	  980.1	  558.7	  328.0	.
849392	  979.9	  559.0	  328.0	.
849394	  979.8	  559.1	  328.0	.
849396	  980.5	  559.0	  328.0	.
849398	  980.8	  559.3	  328.0	.
849400	  980.5	  559.4	  328.0	.
849402	  981.2	  559.3	  330.0	.
849404	  981.9	  559.8	  330.0	.
849406	  982.0	  560.4	  329.0	.
849408	  981.9	  560.3	  328.0	.
849410	  980.4	  560.7	  328.0	.
849412	  980.2	  559.9	  328.0	.
849414	  980.8	  559.8	  326.0	.
849416	  980.4	  559.8	  327.0	.
849418	  980.4	  559.6	  327.0	.
849420	  980.1	  559.5	  327.0	.
849422	  979.5	  560.0	  327.0	.
849424	  978.6	  559.4	  326.0	.
849426	  979.0	  558.5	  326.0	.
849428	  978.2	  559.0	  326.0	.
849430	  978.4	  559.1	  326.0	.
849432	  978.7	  559.2	  325.0	.
849434	  979.2	  559.3	  325.0	.
849436	  979.5	  558.7	  326.0	.
849438	  980.1	  558.8	  326.0	.
849440	  980.2	  558.8	  326.0	.
849442	  980.6	  558.9	  325.0	.
849444	  980.6	  559.7	  325.0	.
849446	  980.9	  560.6	  326.0	.
849448	  980.5	  559.4	  326.0	.
849450	  980.8	  558.7	  326.0	.
849452	  981.0	  558.0	  326.0	.
849454	  981.2	  559.2	  326.0	.
849456	  981.1	  559.4	  326.0	.
849458	  979.8	  559.8	  326.0	.
849460	  979.2	  559.7	  328.0	.
849462	  979.2	  559.6	  328.0	.
849464	  979.4	  560.2	  329.0	.
849466	  979.8	  560.4	  329.0	.
849468	  980.4	  560.2	  328.0	.
849470	  980.6	  560.3	  329.0	.
849472	  980.8	  560.2	  330.0	.
849474	  980.8	  560.2	  330.0	.
849476	  981.2	  559.5	  329.0	.
849478	  981.8	  559.4	  326.0	.
849480	  981.8	  559.2	  326.0	.
849482	  981.8	  559.7	  326.0	.
849484	  981.6	  558.6	  325.0	.
849486	  981.2	  558.5	  326.0	.
849488	  981.0	  558.8	  326.0	.
849490	  981.0	  558.4	  326.0	.
849492	  981.0	  557.9	  325.0	.
849494	  981.1	  557.9	  325.0	.
849496	  980.8	  557.8	  325.0	.
849498	  981.5	  557.5	  325.0	.
849500	  982.2	  557.1	  325.0	.
849502	  982.7	  555.0	  327.0	.
849504	  983.0	  552.8	  327.0	.
EFIX L   846954	849504	2552	  982.0	  548.5	    282
SSACC L  849506
849506	  986.4	  547.6	  327.0	.
849508	  988.5	  542.5	  327.0	.
849510	  989.2	  534.8	  327.0	.
849512	  989.4	  529.0	  327.0	.
849514	  989.2	  523.5	  328.0	.
849516	  986.9	  522.1	  330.0	.
ESACC L  849506	849516	12	  986.4	  547.6	  989.2	  523.5	   0.69	     86
SFIX L   849518
849518	  986.7	  521.8	  330.0	.
849520	  986.3	  521.5	  330.0	.
849522	  984.9	  521.7	  330.0	.
849524	  985.0	  521.5	  329.0	.
849526	  985.1	  521.1	  328.0	.
849528	  984.8	  520.8	  328.0	.
849530	  984.6	  521.2	  330.0	.
849532	  984.5	  520.6	  330.0	.
849534	  984.5	  520.1	  330.0	.
849536	  984.4	  520.3	  330.0	.
849538	  983.2	  520.5	  331.0	.
849540	  983.0	  520.4	  331.0	.
849542	  983.1	  520.3	  331.0	.
849544	  983.3	  520.5	  331.0	.
849546	  982.9	  520.9	  330.0	.
849548	  983.4	  521.5	  330.0	.
849550	  983.4	  520.6	  331.0	.
849552	  983.4	  519.5	  331.0	.
849554	  983.4	  520.4	  331.0	.
849556	  984.6	  520.2	  331.0	.
849558	  985.7	  520.1	  331.0	.
849560	  985.4	  520.2	  332.0	.
849562	  985.0	  519.1	  332.0	.
849564	  984.9	  517.8	  332.0	.
849566	  984.9	  518.1	  332.0	.
849568	  984.8	  518.4	  332.0	.
849570	  984.5	  518.7	  331.0	.
849572	  985.0	  518.3	  331.0	.
849574	  985.3	  517.9	  331.0	.
849576	  985.1	  517.6	  331.0	.
849578	  984.9	  518.2	  331.0	.
849580	  985.1	  517.5	  330.0	.
849582	  985.1	  518.0	  330.0	.
849584	  985.0	  518.6	  330.0	.
849586	  985.2	  518.6	  330.0	.
849588	  985.4	  518.2	  330.0	.
849590	  985.4	  518.4	  330.0	.
849592	  985.3	  517.7	  331.0	.
849594	  985.8	  518.2	  331.0	.
849596	  986.4	  518.7	  331.0	.
849598	  987.6	  518.1	  331.0	.
849600	  986.3	  517.9	  331.0	.
849602	  986.3	  518.1	  331.0	.
849604	  986.1	  516.6	  331.0	.
849606	  986.0	  517.2	  331.0	.
849608	  986.0	  517.8	  331.0	.
849610	  985.9	  518.0	  331.0	.
849612	  985.6	  518.0	  331.0	.
849614	  986.0	  517.8	  331.0	.
849616	  985.9	  517.7	  331.0	.
849618	  985.7	  517.6	  332.0	.
849620	  985.8	  517.6	  332.0	.
849622	  985.6	  517.6	  331.0	.
849624	  985.6	  517.0	  331.0	.
849626	  985.6	  517.6	  331.0	.
849628	  985.0	  517.9	  331.0	.
849630	  984.7	  517.9	  331.0	.
849632	  984.7	  517.9	  331.0	.
849634	  983.6	  518.0	  331.0	.
849636	  983.1	  518.1	  331.0	.
849638	  982.9	  519.2	  331.0	.
849640	  983.0	  518.6	  330.0	.
849642	  983.1	  518.6	  330.0	.
849644	  983.2	  518.6	  331.0	.
849646	  982.8	  518.5	  331.0	.
849648	  982.4	  518.4	  331.0	.
849650	  982.2	  520.0	  332.0	.
849652	  982.0	  520.0	  332.0	.
849654	  982.1	  519.9	  332.0	.
849656	  982.1	  519.7	  332.0	.
849658	  982.4	  519.3	  332.0	.
849660	  982.4	  519.1	  333.0	.
849662	  982.2	  519.0	  333.0	.
849664	  982.0	  519.1	  333.0	.
849666	  982.0	  518.9	  336.0	.
849668	  982.0	  519.4	  336.0	.
849670	  981.8	  518.2	  336.0	.
849672	  981.7	  518.1	  334.0	.
849674	  981.7	  518.5	  334.0	.
849676	  981.7	  518.1	  334.0	.
849678	  981.4	  518.4	  333.0	.
849680	  981.2	  518.6	  333.0	.
849682	  981.0	  517.6	  334.0	.
849684	  980.9	  516.6	  334.0	.
849686	  981.0	  517.9	  334.0	.
849688	  981.0	  517.4	  334.0	.
849690	  980.8	  516.9	  334.0	.
849692	  980.7	  516.9	  333.0	.
849694	  980.6	  516.9	  333.0	.
849696	  980.9	  517.3	  333.0	.
849698	  981.2	  517.7	  333.0	.
849700	  981.8	  517.0	  333.0	.
849702	  981.7	  517.4	  333.0	.
849704	  981.5	  517.6	  333.0	.
849706	  980.9	  517.8	  334.0	.
849708	  981.4	  516.2	  335.0	.
849710	  981.8	  516.6	  335.0	.
849712	  981.8	  515.9	  335.0	.
849714	  981.8	  515.7	  335.0	.
849716	  981.8	  515.7	  333.0	.
849718	  981.6	  515.7	  333.0	.
849720	  981.6	  514.9	  334.0	.
849722	  981.8	  515.5	  334.0	.
849724	  980.9	  515.4	  335.0	.
849726	  981.0	  515.1	  335.0	.
849728	  980.6	  516.4	  335.0	.
849730	  980.0	  515.9	  335.0	.
849732	  979.8	  515.5	  335.0	.
849734	  980.5	  517.8	  335.0	.
849736	  980.6	  518.0	  335.0	.
849738	  980.8	  517.8	  335.0	.
849740	  980.7	  518.1	  336.0	.
849742	  981.2	  518.1	  336.0	.
849744	  981.7	  518.0	  336.0	.
849746	  981.8	  517.9	  336.0	.
849748	  981.6	  516.9	  337.0	.
849750	  981.5	  517.4	  337.0	.
849752	  981.9	  517.0	  337.0	.
849754	  981.6	  516.6	  336.0	.
849756	  981.2	  516.3	  336.0	.
849758	  981.2	  516.3	  336.0	.
849760	  981.1	  516.3	  336.0	.
849762	  980.7	  516.4	  337.0	.
849764	  980.3	  516.5	  338.0	.
849766	  979.6	  517.1	  338.0	.
849768	  979.4	  517.7	  341.0	.
849770	  979.3	  517.9	  341.0	.
849772	  979.5	  517.9	  340.0	.
849774	  979.7	  517.7	  339.0	.
849776	  980.1	  518.4	  339.0	.
849778	  980.4	  518.1	  339.0	.
849780	  979.6	  518.2	  338.0	.
849782	  979.5	  518.2	  337.0	.
849784	  979.3	  518.8	  337.0	.
849786	  978.9	  519.4	  338.0	.
849788	  978.8	  519.7	  338.0	.
849790	  978.7	  519.0	  338.0	.
849792	  978.4	  519.3	  338.0	.
849794	  978.5	  519.6	  338.0	.
849796	  978.5	  519.7	  338.0	.
849798	  978.6	  519.5	  338.0	.
849800	  978.2	  520.3	  339.0	.
849802	  977.8	  520.3	  339.0	.
849804	  977.9	  520.1	  340.0	.
849806	  978.2	  521.5	  341.0	.
849808	  978.1	  520.1	  341.0	.
849810	  978.1	  518.7	  341.0	.
849812	  978.1	  520.4	  341.0	.
849814	  978.1	  518.7	  341.0	.
849816	  977.9	  517.9	  341.0	.
849818	  977.9	  517.6	  341.0	.
849820	  977.6	  517.3	  342.0	.
849822	  977.2	  515.6	  343.0	.
849824	  977.6	  515.9	  343.0	.
849826	  977.7	  515.8	  343.0	.
849828	  977.8	  515.7	  343.0	.
849830	  978.7	  516.0	  343.0	.
849832	  979.5	  515.5	  343.0	.
849834	  979.7	  515.2	  343.0	.
849836	  979.9	  515.6	  343.0	.
849838	  979.4	  515.6	  344.0	.
849840	  978.8	  515.4	  346.0	.
849842	  978.8	  515.6	  346.0	.
849844	  978.7	  515.5	  346.0	.
849846	  978.9	  515.5	  346.0	.
849848	  979.1	  515.3	  346.0	.
849850	  978.4	  515.6	  346.0	.
MSG	849852 DSP: STIM
849852	  978.3	  515.3	  346.0	.
849854	  978.4	  516.5	  346.0	.
849856	  977.1	  516.8	  347.0	.
849858	  977.2	  516.7	  347.0	.
849860	  977.3	  517.1	  347.0	.
849862	  977.4	  517.7	  347.0	.
849864	  977.4	  518.8	  349.0	.
849866	  977.4	  519.1	  349.0	.
849868	  977.3	  518.3	  349.0	.
849870	  977.4	  518.4	  349.0	.
849872	  977.0	  518.5	  349.0	.
849874	  976.8	  518.7	  349.0	.
849876	  975.9	  519.0	  349.0	.
849878	  975.9	  520.5	  350.0	.
849880	  975.6	  520.8	  350.0	.
849882	  975.5	  521.2	  351.0	.
849884	  975.5	  521.5	  352.0	.
849886	  975.6	  521.9	  352.0	.
849888	  975.6	  522.1	  351.0	.
849890	  976.0	  522.2	  351.0	.
849892	  975.4	  522.5	  351.0	.
849894	  975.9	  522.2	  350.0	.
849896	  975.3	  523.0	  350.0	.
849898	  975.5	  522.7	  350.0	.
849900	  975.4	  522.4	  350.0	.
849902	  975.1	  523.0	  350.0	.
849904	  974.5	  522.2	  350.0	.
849906	  974.4	  522.2	  351.0	.
849908	  974.2	  522.6	  353.0	.
849910	  974.3	  521.9	  352.0	.
849912	  974.5	  521.1	  352.0	.
849914	  975.1	  521.4	  353.0	.
849916	  975.2	  521.5	  354.0	.
849918	  975.5	  521.6	  353.0	.
849920	  975.7	  521.8	  354.0	.
849922	  976.0	  521.8	  354.0	.
849924	  975.9	  521.4	  354.0	.
849926	  976.6	  520.9	  355.0	.
849928	  976.3	  520.1	  355.0	.
849930	  976.5	  519.6	  355.0	.
849932	  976.5	  519.0	  355.0	.
849934	  975.8	  517.9	  355.0	.
849936	  976.5	  517.8	  356.0	.
849938	  977.3	  517.8	  356.0	.
849940	  976.5	  517.8	  356.0	.
849942	  976.9	  518.8	  356.0	.
849944	  976.9	  519.7	  358.0	.
849946	  976.9	  519.0	  357.0	.
849948	  977.7	  518.1	  356.0	.
849950	  978.1	  517.7	  356.0	.
849952	  978.1	  518.4	  356.0	.
849954	  978.2	  519.1	  357.0	.
849956	  977.3	  519.8	  358.0	.
849958	  976.5	  521.3	  358.0	.
849960	  975.0	  522.7	  358.0	.
849962	  974.7	  523.8	  358.0	.
849964	  974.2	  523.4	  362.0	.
849966	  974.0	  523.6	  362.0	.
849968	  974.0	  523.7	  362.0	.
849970	  974.4	  524.4	  362.0	.
849972	  974.4	  525.2	  363.0	.
849974	  974.5	  525.7	  362.0	.
849976	  974.1	  525.6	  362.0	.
849978	  973.4	  525.6	  362.0	.
849980	  972.6	  525.5	  361.0	.
849982	  971.5	  525.8	  361.0	.
849984	  970.5	  525.9	  362.0	.
849986	  970.2	  527.2	  362.0	.
849988	  969.8	  526.6	  361.0	.
849990	  970.1	  527.2	  362.0	.
849992	  970.4	  527.7	  363.0	.
849994	  970.3	  526.5	  363.0	.
849996	  970.2	  525.2	  363.0	.
849998	  970.3	  527.2	  364.0	.
850000	  970.4	  527.8	  364.0	.
850002	  970.5	  527.7	  364.0	.
850004	  971.7	  527.4	  364.0	.
850006	  972.8	  527.2	  364.0	.
850008	  972.9	  528.0	  364.0	.
850010	  973.6	  528.8	  363.0	.
850012	  974.2	  529.5	  363.0	.
850014	  973.5	  530.6	  365.0	.
850016	  973.5	  533.8	  366.0	.
850018	  973.1	  532.4	  366.0	.
850020	  973.0	  531.0	  365.0	.
850022	  973.1	  531.6	  365.0	.
850024	  972.7	  531.2	  365.0	.
850026	  973.8	  530.6	  365.0	.
850028	  975.0	  530.6	  365.0	.
850030	  974.9	  530.1	  365.0	.
850032	  974.8	  529.6	  364.0	.
850034	  974.4	  530.2	  364.0	.
850036	  974.0	  529.6	  364.0	.
850038	  973.6	  529.1	  364.0	.
850040	  974.1	  530.9	  365.0	.
850042	  973.2	  530.9	  365.0	.
850044	  973.0	  530.7	  365.0	.
850046	  973.1	  531.0	  365.0	.
850048	  972.8	  530.4	  366.0	.
850050	  972.9	  530.5	  366.0	.
850052	  972.9	  530.7	  366.0	.
850054	  972.7	  530.0	  367.0	.
850056	  973.0	  529.3	  367.0	.
850058	  973.1	  529.4	  367.0	.
850060	  973.7	  529.6	  368.0	.
850062	  973.7	  530.3	  368.0	.
850064	  975.9	  530.7	  368.0	.
850066	  976.0	  531.9	  368.0	.
850068	  976.1	  530.9	  367.0	.
850070	  976.9	  531.2	  367.0	.
850072	  976.3	  531.8	  367.0	.
EFIX L   849518	850072	556	  979.2	  520.6	    344
SSACC L  850074
850074	  975.5	  532.2	  367.0	.
850076	  974.0	  532.8	  367.0	.
850078	  967.7	  532.9	  366.0	.
850080	  957.4	  533.8	  366.0	.
850082	  936.2	  536.5	  366.0	.
850084	  914.9	  539.6	  367.0	.
850086	  882.1	  541.6	  367.0	.
850088	  848.8	  542.1	  367.0	.
850090	  815.6	  545.7	  367.0	.
850092	  779.6	  550.3	  368.0	.
850094	  746.0	  555.3	  368.0	.
850096	  706.9	  559.1	  367.0	.
850098	  672.0	  561.9	  366.0	.
850100	  637.9	  562.5	  366.0	.
850102	  606.6	  562.5	  366.0	.
850104	  573.3	  562.6	  366.0	.
850106	  546.2	  562.3	  363.0	.
850108	  517.7	  562.0	  363.0	.
850110	  501.3	  563.8	  363.0	.
850112	  481.8	  564.8	  362.0	.
850114	  478.9	  566.2	  361.0	.
850116	  477.4	  565.6	  360.0	.
850118	  478.6	  564.7	  360.0	.
850120	  478.6	  564.8	  361.0	.
ESACC L  850074	850120	48	  975.5	  532.2	  478.6	  564.7	  12.32	    443
SFIX L   850122
850122	  478.2	  564.7	  361.0	.
850124	  477.9	  564.2	  361.0	.
850126	  477.3	  564.9	  361.0	.
850128	  475.6	  565.9	  362.0	.
850130	  475.3	  566.9	  362.0	.
850132	  475.2	  567.2	  362.0	.
850134	  475.3	  567.3	  361.0	.
850136	  475.2	  567.4	  361.0	.
850138	  476.5	  567.4	  361.0	.
850140	  476.8	  568.0	  361.0	.
850142	  476.6	  567.2	  361.0	.
850144	  476.5	  567.0	  361.0	.
850146	  475.7	  566.7	  361.0	.
850148	  476.2	  567.4	  361.0	.
850150	  476.4	  568.0	  360.0	.
850152	  476.6	  568.3	  360.0	.
850154	  476.0	  567.8	  360.0	.
850156	  475.3	  567.8	  360.0	.
850158	  475.3	  567.6	  360.0	.
850160	  475.3	  566.7	  360.0	.
850162	  475.4	  565.8	  360.0	.
850164	  475.5	  564.7	  360.0	.
850166	  476.0	  564.7	  362.0	.
850168	  475.7	  564.8	  361.0	.
850170	  476.2	  564.0	  361.0	.
850172	  476.8	  563.3	  361.0	.
850174	  478.2	  562.8	  362.0	.
850176	  478.2	  562.4	  362.0	.
850178	  477.4	  562.0	  361.0	.
850180	  477.0	  561.6	  361.0	.
850182	  477.6	  560.1	  361.0	.
850184	  477.6	  559.7	  360.0	.
850186	  477.7	  559.6	  359.0	.
850188	  477.4	  559.5	  358.0	.
850190	  477.1	  558.5	  358.0	.
850192	  477.5	  559.0	  357.0	.
850194	  477.3	  558.9	  357.0	.
850196	  477.7	  559.0	  357.0	.
850198	  476.8	  559.2	  357.0	.
850200	  477.4	  558.9	  357.0	.
850202	  477.1	  558.7	  357.0	.
850204	  477.2	  558.3	  357.0	.
850206	  477.0	  558.0	  356.0	.
850208	  477.0	  558.1	  356.0	.
850210	  476.9	  556.8	  357.0	.
850212	  476.8	  555.5	  357.0	.
850214	  477.2	  556.7	  357.0	.
850216	  476.7	  557.1	  357.0	.
850218	  476.2	  557.2	  355.0	.
850220	  477.7	  557.1	  353.0	.
850222	  477.4	  558.0	  353.0	.
850224	  478.0	  557.9	  353.0	.
850226	  478.2	  557.8	  353.0	.
850228	  478.3	  557.8	  353.0	.
850230	  478.3	  557.8	  353.0	.
850232	  478.2	  558.1	  352.0	.
850234	  478.1	  558.3	  351.0	.
850236	  477.8	  558.4	  351.0	.
850238	  477.6	  558.3	  352.0	.
850240	  478.1	  560.4	  352.0	.
850242	  478.1	  560.7	  353.0	.
850244	  478.1	  559.8	  353.0	.
850246	  478.3	  559.4	  353.0	.
850248	  477.9	  559.5	  353.0	.
850250	  478.6	  559.3	  354.0	.
850252	  478.4	  559.2	  353.0	.
850254	  478.7	  560.4	  352.0	.
850256	  478.3	  561.9	  352.0	.
850258	  477.7	  562.5	  352.0	.
850260	  476.3	  563.3	  354.0	.
EFIX L   850122	850260	140	  477.1	  561.8	    357
SSACC L  850262
850262	  473.0	  563.6	  356.0	.
850264	  460.1	  564.7	  358.0	.
850266	  457.3	  568.1	  358.0	.
850268	  442.3	  572.3	  355.0	.
850270	  437.8	  574.4	  352.0	.
850272	  437.4	  574.5	  351.0	.
850274	  437.4	  576.2	  349.0	.
850276	  438.2	  575.9	  349.0	.
ESACC L  850262	850276	16	  473.0	  563.6	  437.4	  576.2	   0.91	    110
SFIX L   850278
850278	  438.9	  575.4	  350.0	.
850280	  439.6	  575.1	  350.0	.
850282	  440.4	  574.7	  350.0	.
850284	  440.5	  574.7	  350.0	.
850286	  439.6	  574.9	  351.0	.
850288	  438.7	  575.4	  351.0	.
850290	  437.9	  575.4	  351.0	.
850292	  437.5	  574.8	  351.0	.
850294	  437.2	  575.2	  350.0	.
850296	  436.7	  575.0	  349.0	.
850298	  437.1	  574.5	  348.0	.
850300	  436.6	  575.8	  348.0	.
850302	  436.1	  575.4	  348.0	.
850304	  436.0	  575.2	  346.0	.
850306	  435.9	  573.2	  346.0	.
850308	  434.6	  573.5	  346.0	.
850310	  435.0	  573.6	  346.0	.
850312	  435.0	  573.6	  347.0	.
850314	  435.9	  573.2	  347.0	.
850316	  436.0	  573.2	  347.0	.
850318	  435.8	  571.6	  347.0	.
850320	  435.5	  570.2	  346.0	.
850322	  435.5	  571.2	  346.0	.
850324	  435.5	  572.4	  346.0	.
850326	  435.7	  575.8	  346.0	.
850328	  435.7	  575.8	  346.0	.
850330	  435.8	  575.5	  345.0	.
850332	  435.6	  575.3	  345.0	.
850334	  435.7	  574.1	  345.0	.
850336	  436.0	  572.9	  346.0	.
850338	  436.1	  572.8	  346.0	.
850340	  436.0	  572.7	  346.0	.
850342	  435.8	  572.7	  346.0	.
850344	  435.4	  572.8	  346.0	.
850346	  435.4	  572.8	  346.0	.
850348	  435.4	  572.8	  345.0	.
850350	  435.5	  573.4	  345.0	.
850352	  435.3	  573.1	  345.0	.
850354	  435.4	  572.8	  345.0	.
850356	  435.2	  572.0	  345.0	.
850358	  435.3	  571.7	  345.0	.
850360	  435.4	  571.3	  347.0	.
850362	  435.7	  571.3	  347.0	.
850364	  435.8	  571.2	  345.0	.
850366	  436.7	  571.0	  345.0	.
850368	  436.5	  569.6	  346.0	.
850370	  436.4	  569.8	  347.0	.
850372	  436.3	  569.4	  347.0	.
850374	  436.3	  569.6	  347.0	.
850376	  435.7	  569.7	  345.0	.
850378	  436.9	  569.2	  345.0	.
850380	  437.2	  568.7	  345.0	.
850382	  437.4	  568.9	  345.0	.
850384	  437.4	  568.7	  346.0	.
850386	  436.5	  569.3	  345.0	.
850388	  435.3	  569.7	  345.0	.
850390	  435.3	  569.3	  345.0	.
850392	  435.1	  568.8	  345.0	.
850394	  435.5	  567.8	  345.0	.
850396	  435.7	  567.3	  345.0	.
850398	  436.2	  568.7	  345.0	.
850400	  436.6	  569.1	  345.0	.
850402	  436.3	  569.3	  345.0	.
850404	  436.1	  569.3	  346.0	.
850406	  436.3	  570.7	  346.0	.
850408	  436.3	  570.5	  347.0	.
850410	  436.5	  570.3	  348.0	.
850412	  437.0	  568.4	  348.0	.
850414	  437.0	  568.9	  348.0	.
850416	  436.9	  569.4	  348.0	.
850418	  436.8	  569.5	  347.0	.
850420	  436.8	  569.5	  346.0	.
850422	  436.9	  569.3	  346.0	.
850424	  437.1	  569.1	  347.0	.
850426	  437.4	  569.9	  349.0	.
850428	  437.2	  569.8	  349.0	.
850430	  437.4	  569.8	  348.0	.
850432	  437.5	  569.9	  348.0	.
850434	  438.0	  569.5	  347.0	.
850436	  437.9	  569.4	  348.0	.
850438	  438.8	  569.4	  348.0	.
850440	  438.9	  568.1	  348.0	.
850442	  438.9	  567.6	  349.0	.
850444	  438.8	  567.4	  349.0	.
850446	  438.9	  567.8	  349.0	.
850448	  439.1	  567.0	  348.0	.
850450	  439.2	  566.7	  348.0	.
850452	  438.9	  566.3	  347.0	.
850454	  438.7	  566.2	  347.0	.
850456	  438.9	  566.0	  351.0	.
850458	  438.9	  565.6	  351.0	.
850460	  438.8	  565.0	  351.0	.
850462	  439.2	  565.3	  352.0	.
850464	  439.2	  565.4	  352.0	.
850466	  439.1	  566.9	  352.0	.
850468	  439.4	  567.1	  352.0	.
850470	  438.8	  567.2	  352.0	.
850472	  438.2	  565.5	  352.0	.
850474	  438.5	  565.1	  353.0	.
850476	  438.7	  564.6	  353.0	.
850478	  438.7	  564.8	  353.0	.
850480	  438.7	  564.9	  353.0	.
850482	  439.1	  565.9	  353.0	.
850484	  439.6	  565.9	  353.0	.
850486	  439.7	  566.5	  353.0	.
850488	  439.7	  566.6	  354.0	.
850490	  439.6	  566.5	  354.0	.
850492	  440.2	  566.5	  354.0	.
850494	  440.1	  566.5	  352.0	.
850496	  439.8	  566.5	  352.0	.
850498	  439.4	  566.8	  352.0	.
850500	  439.9	  567.1	  352.0	.
EFIX L   850278	850500	224	  437.3	  570.3	    348
SSACC L  850502
850502	  440.2	  568.0	  354.0	.
850504	  441.3	  569.8	  354.0	.
850506	  445.4	  569.7	  355.0	.
850508	  457.2	  569.2	  355.0	.
850510	  479.5	  568.2	  355.0	.
850512	  508.8	  568.2	  357.0	.
850514	  543.6	  567.5	  358.0	.
850516	  581.3	  573.5	  358.0	.
850518	  628.2	  576.3	  359.0	.
850520	  672.5	  578.6	  359.0	.
850522	  724.8	  594.5	  362.0	.
850524	  771.4	  599.8	  363.0	.
850526	  824.9	  603.6	  363.0	.
850528	  877.6	  602.3	  363.0	.
850530	  931.7	  600.0	  363.0	.
850532	  983.8	  604.1	  364.0	.
850534	 1032.7	  598.7	  365.0	.
850536	 1093.0	  604.4	  365.0	.
850538	 1143.0	  607.6	  365.0	.
850540	 1195.9	  603.8	  365.0	.
850542	 1243.8	  614.2	  356.0	.
850544	 1296.2	  613.5	  353.0	.
850546	 1341.0	  611.3	  353.0	.
850548	 1386.4	  609.4	  353.0	.
850550	 1428.4	  605.1	  354.0	.
850552	 1472.3	  612.3	  355.0	.
850554	 1503.8	  613.2	  356.0	.
850556	 1542.4	  607.2	  355.0	.
850558	 1575.1	  602.7	  355.0	.
850560	 1605.3	  608.2	  354.0	.
850562	 1627.2	  602.7	  354.0	.
850564	 1643.4	  599.1	  354.0	.
850566	 1648.2	  596.3	  354.0	.
850568	 1649.0	  594.8	  355.0	.
850570	 1648.3	  593.3	  355.0	.
850572	 1647.7	  591.7	  361.0	.
ESACC L  850502	850572	72	  440.2	  568.0	 1648.3	  593.3	  28.70	    666
SFIX L   850574
850574	 1645.0	  592.3	  361.0	.
850576	 1642.3	  592.9	  361.0	.
850578	 1640.4	  593.1	  361.0	.
850580	 1639.4	  593.3	  361.0	.
850582	 1638.9	  593.3	  361.0	.
850584	 1638.9	  594.3	  360.0	.
850586	 1639.0	  595.2	  360.0	.
850588	 1638.6	  595.7	  360.0	.
850590	 1639.8	  595.7	  357.0	.
850592	 1641.1	  595.8	  357.0	.
850594	 1642.0	  596.2	  355.0	.
850596	 1642.7	  595.0	  353.0	.
850598	 1643.2	  594.0	  353.0	.
850600	 1643.0	  593.4	  353.0	.
850602	 1642.8	  592.8	  353.0	.
850604	 1641.9	  592.1	  354.0	.
850606	 1641.8	  591.2	  354.0	.
850608	 1641.8	  590.8	  354.0	.
850610	 1640.7	  590.9	  355.0	.
850612	 1639.7	  591.4	  355.0	.
850614	 1639.0	  591.3	  357.0	.
850616	 1638.9	  591.0	  357.0	.
850618	 1638.8	  591.2	  357.0	.
850620	 1636.9	  591.7	  357.0	.
850622	 1636.9	  592.8	  357.0	.
850624	 1637.1	  592.9	  357.0	.
850626	 1637.2	  593.1	  357.0	.
850628	 1637.0	  592.9	  359.0	.
850630	 1636.8	  592.7	  359.0	.
850632	 1636.1	  592.1	  358.0	.
850634	 1635.8	  591.5	  357.0	.
850636	 1635.7	  590.5	  357.0	.
850638	 1635.6	  590.5	  358.0	.
850640	 1635.6	  590.6	  358.0	.
850642	 1635.5	  590.9	  359.0	.
850644	 1635.5	  590.8	  359.0	.
850646	 1635.5	  591.6	  358.0	.
850648	 1635.2	  591.9	  358.0	.
850650	 1634.8	  591.9	  359.0	.
850652	 1635.0	  591.7	  359.0	.
850654	 1634.3	  591.8	  359.0	.
850656	 1634.7	  591.5	  359.0	.
850658	 1635.0	  590.3	  359.0	.
850660	 1634.8	  590.2	  360.0	.
850662	 1634.8	  590.7	  360.0	.
850664	 1634.8	  590.7	  360.0	.
850666	 1634.2	  590.8	  361.0	.
850668	 1634.1	  590.6	  360.0	.
850670	 1633.9	  590.2	  360.0	.
850672	 1633.2	  589.8	  360.0	.
850674	 1632.8	  586.8	  361.0	.
850676	 1633.0	  586.4	  361.0	.
850678	 1631.4	  587.0	  360.0	.
850680	 1629.9	  587.6	  360.0	.
850682	 1630.3	  588.3	  359.0	.
850684	 1630.2	  589.2	  358.0	.
850686	 1630.7	  588.8	  358.0	.
850688	 1629.5	  589.1	  358.0	.
850690	 1628.2	  588.5	  361.0	.
850692	 1628.5	  588.4	  361.0	.
850694	 1628.3	  588.2	  361.0	.
850696	 1628.3	  588.9	  360.0	.
850698	 1628.6	  587.7	  360.0	.
850700	 1628.3	  586.9	  360.0	.
850702	 1628.1	  586.8	  361.0	.
850704	 1627.2	  587.2	  363.0	.
850706	 1627.1	  587.3	  363.0	.
850708	 1627.1	  588.5	  363.0	.
850710	 1627.0	  587.9	  363.0	.
850712	 1627.1	  587.8	  362.0	.
850714	 1627.1	  588.0	  362.0	.
850716	 1627.1	  588.3	  362.0	.
850718	 1627.1	  588.6	  362.0	.
850720	 1626.6	  588.7	  362.0	.
850722	 1626.1	  588.8	  362.0	.
850724	 1625.5	  588.6	  362.0	.
850726	 1625.3	  588.7	  362.0	.
850728	 1625.1	  589.0	  363.0	.
850730	 1623.2	  589.9	  363.0	.
850732	 1623.0	  589.8	  363.0	.
850734	 1623.0	  589.5	  360.0	.
850736	 1622.7	  588.7	  360.0	.
850738	 1623.3	  588.2	  362.0	.
850740	 1624.0	  588.3	  364.0	.
850742	 1623.6	  588.7	  364.0	.
850744	 1623.2	  588.6	  363.0	.
850746	 1622.7	  588.3	  363.0	.
850748	 1622.3	  588.8	  363.0	.
850750	 1622.2	  589.1	  363.0	.
850752	 1622.2	  589.4	  363.0	.
850754	 1620.2	  589.9	  364.0	.
850756	 1618.3	  590.5	  366.0	.
EFIX L   850574	850756	184	 1632.8	  590.5	    359
SSACC L  850758
850758	 1617.3	  587.5	  366.0	.
850760	 1612.3	  586.1	  365.0	.
850762	 1604.7	  579.1	  365.0	.
850764	 1603.1	  574.2	  365.0	.
850766	 1595.5	  568.4	  365.0	.
850768	 1591.5	  566.0	  366.0	.
ESACC L  850758	850768	12	 1617.3	  587.5	 1595.5	  568.4	   0.74	     93
SFIX L   850770
850770	 1591.7	  565.4	  367.0	.
850772	 1592.0	  566.0	  367.0	.
850774	 1594.0	  563.9	  365.0	.
850776	 1593.9	  562.7	  365.0	.
850778	 1593.7	  562.2	  365.0	.
850780	 1593.5	  561.7	  365.0	.
850782	 1593.1	  559.1	  365.0	.
850784	 1592.8	  556.6	  365.0	.
850786	 1589.3	  557.4	  365.0	.
850788	 1589.8	  557.1	  365.0	.
850790	 1590.3	  557.7	  365.0	.
850792	 1591.5	  558.1	  364.0	.
850794	 1591.8	  558.6	  364.0	.
850796	 1592.3	  559.2	  363.0	.
850798	 1592.5	  558.6	  362.0	.
850800	 1591.8	  558.5	  362.0	.
850802	 1591.0	  558.9	  363.0	.
850804	 1591.2	  558.9	  363.0	.
850806	 1591.5	  558.9	  363.0	.
850808	 1591.6	  558.9	  363.0	.
850810	 1591.8	  560.8	  364.0	.
850812	 1591.4	  563.0	  364.0	.
850814	 1591.0	  564.0	  363.0	.
850816	 1589.5	  565.4	  363.0	.
850818	 1589.0	  565.5	  364.0	.
850820	 1588.8	  565.6	  366.0	.
850822	 1589.3	  565.6	  366.0	.
850824	 1589.1	  565.9	  366.0	.
850826	 1588.9	  566.5	  365.0	.
850828	 1587.9	  567.3	  365.0	.
850830	 1587.9	  568.2	  364.0	.
850832	 1588.0	  569.2	  364.0	.
850834	 1587.3	  570.6	  364.0	.
850836	 1586.5	  572.2	  364.0	.
850838	 1586.2	  572.4	  364.0	.
850840	 1585.9	  572.7	  364.0	.
850842	 1585.8	  572.7	  364.0	.
850844	 1586.1	  572.8	  364.0	.
850846	 1586.7	  575.4	  363.0	.
850848	 1588.0	  573.6	  363.0	.
850850	 1589.5	  573.2	  365.0	.
850852	 1589.8	  573.2	  365.0	.
850854	 1589.9	  573.2	  365.0	.
850856	 1589.2	  573.7	  365.0	.
850858	 1588.5	  573.9	  365.0	.
850860	 1588.7	  573.4	  365.0	.
850862	 1588.9	  572.9	  363.0	.
850864	 1588.8	  572.2	  363.0	.
850866	 1589.7	  571.3	  363.0	.
850868	 1589.7	  570.8	  361.0	.
850870	 1590.1	  570.7	  361.0	.
850872	 1590.6	  570.7	  361.0	.
850874	 1590.1	  570.0	  361.0	.
850876	 1590.6	  569.7	  361.0	.
850878	 1591.0	  569.3	  362.0	.
850880	 1591.3	  567.4	  362.0	.
850882	 1591.3	  565.5	  357.0	.
850884	 1591.5	  566.0	  357.0	.
850886	 1591.5	  566.3	  357.0	.
850888	 1591.6	  566.5	  357.0	.
850890	 1590.9	  565.7	  357.0	.
850892	 1590.2	  564.8	  357.0	.
850894	 1588.8	  564.5	  358.0	.
850896	 1588.8	  565.0	  357.0	.
850898	 1588.8	  565.2	  357.0	.
850900	 1589.4	  565.1	  357.0	.
850902	 1589.2	  564.1	  358.0	.
850904	 1589.4	  565.1	  358.0	.
850906	 1589.1	  566.3	  358.0	.
850908	 1590.2	  566.7	  358.0	.
850910	 1590.3	  567.5	  358.0	.
850912	 1589.8	  567.9	  357.0	.
850914	 1589.3	  568.1	  357.0	.
850916	 1589.2	  568.1	  357.0	.
850918	 1589.3	  568.4	  357.0	.
850920	 1589.3	  567.5	  357.0	.
850922	 1589.4	  567.5	  357.0	.
850924	 1589.6	  567.5	  354.0	.
850926	 1591.0	  568.2	  354.0	.
850928	 1591.8	  568.3	  353.0	.
850930	 1591.9	  568.6	  354.0	.
850932	 1591.6	  567.1	  354.0	.
850934	 1591.3	  565.6	  354.0	.
850936	 1589.4	  567.1	  354.0	.
EFIX L   850770	850936	168	 1590.1	  566.4	    361
SSACC L  850938
850938	 1583.3	  565.8	  354.0	.
850940	 1581.7	  563.2	  353.0	.
850942	 1566.0	  566.5	  352.0	.
850944	 1547.3	  570.8	  352.0	.
850946	 1510.9	  577.6	  352.0	.
850948	 1476.7	  583.5	  352.0	.
850950	 1432.1	  584.1	  357.0	.
850952	 1380.7	  575.8	  363.0	.
850954	 1334.2	  583.1	  369.0	.
850956	 1287.9	  583.1	  370.0	.
850958	 1235.1	  591.1	  371.0	.
850960	 1181.2	  593.4	  372.0	.
850962	 1134.3	  598.2	  372.0	.
850964	 1079.4	  596.3	  372.0	.
850966	 1023.5	  596.5	  370.0	.
850968	  975.8	  603.6	  369.0	.
850970	  926.5	  596.2	  366.0	.
850972	  875.1	  602.9	  366.0	.
850974	  822.0	  607.2	  364.0	.
850976	  775.6	  604.8	  362.0	.
850978	  724.1	  610.2	  362.0	.
850980	  678.9	  614.3	  363.0	.
850982	  635.4	  612.5	  362.0	.
850984	  592.6	  614.3	  362.0	.
850986	  560.1	  614.8	  362.0	.
850988	  522.8	  617.7	  362.0	.
850990	  490.7	  620.6	  362.0	.
850992	  473.2	  620.6	  362.0	.
850994	  457.2	  623.4	  361.0	.
850996	  443.3	  622.8	  362.0	.
850998	  434.8	  621.8	  362.0	.
851000	  433.9	  622.0	  362.0	.
851002	  434.0	  622.1	  362.0	.
851004	  434.4	  627.0	  363.0	.
ESACC L  850938	851004	68	 1583.3	  565.8	  434.0	  622.1	  27.47	    670
SFIX L   851006
851006	  436.1	  626.9	  363.0	.
851008	  438.4	  626.7	  363.0	.
851010	  439.2	  627.7	  362.0	.
851012	  438.2	  628.9	  362.0	.
851014	  438.6	  631.3	  361.0	.
851016	  438.9	  629.9	  362.0	.
851018	  439.1	  629.7	  361.0	.
851020	  439.4	  630.1	  361.0	.
851022	  442.5	  627.5	  361.0	.
851024	  443.9	  626.6	  362.0	.
851026	  444.0	  625.7	  362.0	.
851028	  443.6	  624.1	  362.0	.
851030	  443.3	  624.7	  361.0	.
851032	  442.7	  622.4	  362.0	.
851034	  442.1	  620.0	  361.0	.
851036	  442.1	  621.2	  361.0	.
851038	  441.8	  619.8	  361.0	.
851040	  441.1	  618.3	  361.0	.
851042	  440.4	  617.9	  361.0	.
851044	  440.0	  617.8	  361.0	.
851046	  439.4	  617.6	  359.0	.
851048	  437.8	  618.5	  359.0	.
851050	  436.8	  617.7	  358.0	.
851052	  436.9	  616.9	  359.0	.
851054	  436.3	  616.9	  359.0	.
851056	  436.0	  616.9	  359.0	.
851058	  435.6	  615.8	  359.0	.
851060	  435.0	  614.7	  359.0	.
851062	  434.3	  612.6	  359.0	.
851064	  435.3	  611.7	  359.0	.
851066	  435.4	  611.6	  359.0	.
851068	  435.1	  611.7	  359.0	.
851070	  434.8	  611.3	  359.0	.
851072	  434.6	  611.0	  361.0	.
851074	  434.6	  610.2	  361.0	.
851076	  434.5	  610.0	  361.0	.
851078	  434.4	  611.2	  361.0	.
851080	  434.3	  610.4	  361.0	.
851082	  434.4	  609.5	  361.0	.
851084	  434.2	  608.9	  360.0	.
851086	  434.0	  608.3	  360.0	.
851088	  433.6	  608.1	  360.0	.
851090	  433.6	  608.5	  360.0	.
851092	  433.7	  608.1	  359.0	.
851094	  433.0	  607.7	  360.0	.
851096	  432.8	  607.3	  359.0	.
851098	  432.6	  606.8	  359.0	.
851100	  432.5	  605.9	  358.0	.
851102	  432.7	  606.9	  358.0	.
851104	  431.8	  606.1	  358.0	.
851106	  430.9	  605.8	  358.0	.
851108	  430.5	  605.5	  360.0	.
851110	  430.3	  604.2	  360.0	.
851112	  430.5	  603.0	  360.0	.
851114	  430.4	  604.5	  360.0	.
851116	  430.7	  604.8	  360.0	.
851118	  431.0	  604.7	  360.0	.
851120	  431.3	  605.9	  360.0	.
851122	  431.4	  604.8	  359.0	.
851124	  431.4	  603.8	  359.0	.
851126	  431.2	  602.8	  359.0	.
851128	  430.9	  601.8	  359.0	.
851130	  430.7	  601.6	  359.0	.
851132	  431.0	  601.4	  358.0	.
851134	  431.2	  600.8	  358.0	.
851136	  430.8	  600.6	  358.0	.
851138	  430.4	  600.7	  358.0	.
851140	  430.3	  600.7	  358.0	.
851142	  430.2	  600.6	  360.0	.
851144	  429.4	  600.6	  360.0	.
851146	  429.7	  600.6	  359.0	.
851148	  428.5	  600.2	  359.0	.
851150	  428.1	  599.7	  359.0	.
851152	  428.0	  599.3	  360.0	.
851154	  428.1	  598.7	  359.0	.
851156	  428.1	  596.8	  359.0	.
851158	  428.3	  596.3	  359.0	.
851160	  427.9	  595.8	  360.0	.
851162	  427.7	  596.1	  360.0	.
851164	  427.5	  596.4	  360.0	.
851166	  427.7	  596.1	  360.0	.
851168	  427.7	  595.9	  360.0	.
851170	  427.7	  595.9	  360.0	.
851172	  427.6	  595.5	  361.0	.
851174	  427.8	  595.0	  361.0	.
851176	  427.2	  595.2	  361.0	.
851178	  426.7	  594.7	  361.0	.
851180	  426.3	  595.1	  360.0	.
851182	  426.0	  595.6	  359.0	.
851184	  425.2	  596.2	  359.0	.
851186	  425.4	  596.3	  360.0	.
851188	  425.4	  596.0	  360.0	.
851190	  425.5	  595.7	  360.0	.
851192	  425.6	  595.3	  360.0	.
851194	  425.6	  594.8	  360.0	.
851196	  425.4	  594.3	  360.0	.
851198	  426.7	  594.4	  360.0	.
851200	  426.9	  594.6	  360.0	.
851202	  427.1	  593.8	  359.0	.
851204	  427.2	  594.9	  359.0	.
EFIX L   851006	851204	200	  432.9	  608.0	    360
SSACC L  851206
851206	  432.2	  592.7	  359.0	.
851208	  437.0	  590.5	  359.0	.
851210	  445.8	  587.9	  359.0	.
851212	  449.9	  587.1	  359.0	.
851214	  459.1	  585.9	  359.0	.
851216	  462.1	  584.7	  360.0	.
ESACC L  851206	851216	12	  432.2	  592.7	  459.1	  585.9	   0.66	     83
SFIX L   851218
851218	  463.6	  585.3	  360.0	.
851220	  462.0	  584.9	  360.0	.
851222	  460.5	  585.6	  360.0	.
851224	  457.1	  585.2	  360.0	.
851226	  456.1	  585.7	  360.0	.
851228	  455.6	  586.1	  360.0	.
851230	  455.3	  584.6	  360.0	.
851232	  454.8	  583.1	  359.0	.
851234	  454.5	  584.2	  359.0	.
851236	  454.9	  585.3	  359.0	.
851238	  455.4	  585.5	  359.0	.
851240	  455.2	  585.7	  359.0	.
851242	  455.2	  584.5	  359.0	.
851244	  454.9	  583.3	  358.0	.
851246	  454.9	  583.9	  357.0	.
851248	  455.0	  583.7	  357.0	.
851250	  455.0	  584.1	  357.0	.
851252	  454.8	  583.9	  357.0	.
851254	  455.1	  583.7	  358.0	.
851256	  454.9	  583.0	  357.0	.
851258	  455.2	  582.0	  358.0	.
851260	  454.7	  581.1	  359.0	.
851262	  454.6	  578.8	  362.0	.
851264	  454.5	  578.5	  362.0	.
851266	  455.3	  579.6	  360.0	.
851268	  455.5	  580.7	  360.0	.
851270	  455.8	  581.4	  360.0	.
851272	  454.2	  580.8	  360.0	.
851274	  453.8	  580.6	  358.0	.
851276	  453.3	  580.5	  358.0	.
851278	  453.9	  582.1	  358.0	.
851280	  454.0	  583.7	  359.0	.
851282	  453.9	  583.4	  360.0	.
851284	  454.5	  583.0	  360.0	.
851286	  454.8	  582.0	  359.0	.
851288	  454.9	  582.8	  359.0	.
851290	  455.0	  581.9	  359.0	.
851292	  454.2	  581.5	  359.0	.
851294	  453.5	  581.2	  358.0	.
851296	  454.6	  580.9	  357.0	.
851298	  454.5	  580.6	  356.0	.
851300	  454.3	  579.2	  354.0	.
851302	  454.3	  578.8	  354.0	.
851304	  454.3	  578.8	  355.0	.
851306	  454.2	  578.6	  355.0	.
851308	  454.9	  578.3	  355.0	.
851310	  454.4	  578.1	  355.0	.
851312	  454.6	  577.9	  355.0	.
851314	  455.0	  577.9	  355.0	.
851316	  454.2	  577.9	  355.0	.
851318	  454.8	  578.1	  355.0	.
851320	  455.3	  578.2	  355.0	.
851322	  455.8	  577.7	  355.0	.
851324	  455.8	  578.2	  355.0	.
851326	  455.8	  578.6	  355.0	.
851328	  455.8	  577.7	  354.0	.
851330	  455.4	  578.1	  354.0	.
851332	  455.0	  577.4	  354.0	.
851334	  455.0	  576.7	  354.0	.
851336	  454.9	  576.8	  354.0	.
851338	  455.7	  576.8	  354.0	.
851340	  456.1	  576.8	  353.0	.
851342	  456.3	  576.7	  353.0	.
851344	  456.5	  576.4	  353.0	.
851346	  456.4	  576.1	  353.0	.
851348	  456.4	  576.6	  353.0	.
851350	  457.3	  577.1	  350.0	.
851352	  457.1	  577.1	  350.0	.
851354	  456.9	  577.1	  350.0	.
851356	  457.4	  579.3	  350.0	.
851358	  457.3	  577.9	  351.0	.
851360	  457.1	  576.7	  353.0	.
851362	  457.5	  575.5	  353.0	.
851364	  457.1	  575.0	  353.0	.
851366	  457.1	  574.7	  353.0	.
851368	  457.2	  574.5	  352.0	.
851370	  457.1	  574.5	  352.0	.
851372	  456.9	  574.7	  352.0	.
851374	  457.6	  574.6	  352.0	.
851376	  457.7	  574.6	  351.0	.
851378	  457.7	  575.3	  351.0	.
851380	  457.6	  575.9	  351.0	.
851382	  457.2	  575.4	  351.0	.
851384	  456.8	  574.8	  350.0	.
851386	  457.4	  575.3	  350.0	.
851388	  457.1	  575.0	  350.0	.
851390	  456.8	  574.5	  350.0	.
851392	  455.5	  573.9	  350.0	.
851394	  453.9	  573.3	  350.0	.
851396	  453.8	  573.0	  350.0	.
851398	  454.7	  572.9	  349.0	.
851400	  454.6	  572.9	  349.0	.
851402	  454.5	  572.9	  349.0	.
851404	  454.2	  573.0	  349.0	.
851406	  454.0	  573.1	  349.0	.
851408	  453.2	  573.3	  348.0	.
851410	  453.1	  573.3	  349.0	.
851412	  453.0	  573.2	  349.0	.
851414	  453.3	  573.2	  351.0	.
851416	  453.3	  572.0	  351.0	.
851418	  453.4	  571.5	  350.0	.
851420	  453.4	  571.3	  350.0	.
851422	  454.2	  571.9	  350.0	.
851424	  454.1	  572.1	  349.0	.
851426	  454.0	  572.1	  350.0	.
851428	  453.7	  572.2	  351.0	.
851430	  453.4	  572.8	  351.0	.
851432	  453.5	  573.0	  349.0	.
851434	  453.6	  572.8	  349.0	.
851436	  452.7	  572.7	  350.0	.
851438	  451.7	  573.3	  350.0	.
851440	  451.4	  573.3	  349.0	.
851442	  451.0	  573.3	  349.0	.
851444	  450.4	  573.2	  349.0	.
851446	  450.9	  572.9	  349.0	.
851448	  451.3	  571.4	  348.0	.
851450	  451.0	  570.7	  348.0	.
851452	  450.7	  570.5	  349.0	.
851454	  451.0	  571.1	  352.0	.
851456	  450.6	  571.2	  352.0	.
851458	  450.6	  570.7	  354.0	.
851460	  450.6	  570.4	  354.0	.
851462	  450.3	  570.0	  353.0	.
851464	  450.1	  570.2	  352.0	.
851466	  450.0	  569.9	  352.0	.
851468	  449.2	  570.3	  352.0	.
851470	  448.9	  570.0	  352.0	.
851472	  449.1	  571.1	  351.0	.
851474	  448.9	  571.0	  348.0	.
851476	  449.3	  571.5	  348.0	.
851478	  449.8	  572.0	  349.0	.
851480	  450.9	  572.3	  350.0	.
851482	  450.8	  572.0	  350.0	.
851484	  450.7	  571.8	  350.0	.
851486	  450.7	  571.7	  350.0	.
851488	  450.6	  571.6	  351.0	.
851490	  450.4	  571.5	  351.0	.
851492	  450.5	  571.4	  351.0	.
851494	  449.8	  571.4	  351.0	.
851496	  450.2	  570.9	  350.0	.
851498	  450.4	  570.8	  350.0	.
851500	  450.5	  570.9	  350.0	.
851502	  450.1	  571.0	  350.0	.
851504	  449.9	  571.5	  349.0	.
851506	  449.8	  571.9	  349.0	.
851508	  449.8	  572.5	  348.0	.
851510	  449.2	  572.6	  348.0	.
851512	  448.5	  572.7	  348.0	.
851514	  447.4	  572.1	  349.0	.
851516	  447.9	  572.0	  349.0	.
851518	  448.5	  572.1	  349.0	.
851520	  448.7	  571.3	  349.0	.
851522	  449.2	  571.2	  349.0	.
851524	  448.8	  571.2	  349.0	.
851526	  449.4	  570.1	  350.0	.
851528	  450.0	  570.3	  351.0	.
851530	  450.4	  570.6	  352.0	.
851532	  450.6	  570.3	  352.0	.
851534	  449.5	  570.4	  350.0	.
851536	  449.1	  570.4	  350.0	.
851538	  449.2	  570.4	  350.0	.
851540	  449.4	  570.3	  350.0	.
851542	  449.5	  571.1	  351.0	.
851544	  449.9	  570.1	  351.0	.
851546	  449.9	  569.3	  351.0	.
851548	  450.0	  568.7	  351.0	.
851550	  450.0	  568.2	  351.0	.
851552	  449.8	  568.5	  351.0	.
MSG	851553 TRIAL 10 END
