MSG	775045 TRIAL 3 START
MSG	777234 DRIFTCORRECT L LEFT  at 960,540  OFFSET 0.03 deg.  -0.6,1.0 pix.
MSG	778004 RECCFG P 500 2 1 
MSG	778004 GAZE_COORDS 0.00 0.00 1919.00 1079.00
MSG	778005 !MODE RECORD P 500 2 1
START	778006 	LEFT	SAMPLES	EVENTS
PRESCALER	1
VPRESCALER	1
PUPIL	AREA
EVENTS	GAZE	LEFT	RATE	 500.00	TRACKING	P	FILTER	2
SAMPLES	GAZE	LEFT	RATE	 500.00	TRACKING	P	FILTER	2
778006	  955.7	  536.5	  498.0	.
778008	  955.6	  536.1	  499.0	.
778010	  955.7	  536.0	  499.0	.
778012	  955.1	  536.7	  499.0	.
SFIX L   778014
778014	  954.5	  536.2	  499.0	.
778016	  952.4	  536.4	  499.0	.
778018	  953.0	  536.5	  500.0	.
778020	  952.5	  536.4	  502.0	.
778022	  952.9	  536.1	  502.0	.
778024	  953.0	  535.5	  503.0	.
778026	  953.1	  533.7	  503.0	.
778028	  954.7	  534.2	  503.0	.
778030	  954.0	  533.1	  503.0	.
778032	  954.0	  532.0	  504.0	.
778034	  953.9	  530.9	  504.0	.
778036	  954.2	  531.3	  504.0	.
778038	  954.1	  531.6	  505.0	.
778040	  954.8	  532.3	  504.0	.
778042	  954.7	  532.2	  504.0	.
778044	  954.7	  532.0	  504.0	.
778046	  954.3	  531.5	  504.0	.
778048	  954.3	  530.5	  505.0	.
778050	  954.2	  531.0	  505.0	.
778052	  954.5	  530.9	  505.0	.
778054	  954.6	  530.8	  505.0	.
778056	  954.9	  531.0	  506.0	.
778058	  955.1	  531.2	  505.0	.
778060	  955.6	  531.2	  506.0	.
778062	  956.1	  530.6	  508.0	.
778064	  955.7	  530.2	  508.0	.
778066	  955.3	  529.5	  508.0	.
778068	  954.4	  529.4	  509.0	.
778070	  954.2	  529.6	  510.0	.
778072	  954.0	  529.8	  510.0	.
778074	  954.1	  529.4	  511.0	.
778076	  954.4	  529.1	  511.0	.
778078	  954.3	  529.6	  508.0	.
778080	  954.3	  528.3	  508.0	.
778082	  953.9	  528.1	  508.0	.
778084	  953.7	  528.4	  508.0	.
778086	  953.9	  527.6	  509.0	.
778088	  954.0	  529.3	  509.0	.
778090	  955.0	  530.6	  509.0	.
778092	  956.1	  531.0	  509.0	.
778094	  955.3	  530.7	  509.0	.
778096	  954.7	  530.8	  509.0	.
778098	  954.5	  530.7	  510.0	.
778100	  954.6	  530.9	  510.0	.
778102	  954.6	  530.9	  511.0	.
778104	  954.1	  530.0	  511.0	.
778106	  953.5	  530.3	  511.0	.
778108	  953.5	  529.1	  511.0	.
778110	  953.4	  529.2	  512.0	.
778112	  953.5	  529.3	  512.0	.
778114	  953.5	  529.2	  512.0	.
MSG	778115 Start Recording with 0
MSG	778115 SYNCTIME
778116	  953.9	  529.3	  512.0	.
778118	  954.2	  529.4	  512.0	.
778120	  954.2	  529.4	  512.0	.
MSG	778121 DSP: FIXATION
778122	  953.6	  529.3	  512.0	.
778124	  953.2	  530.7	  512.0	.
778126	  952.7	  531.1	  515.0	.
778128	  952.6	  531.0	  515.0	.
778130	  953.1	  530.9	  515.0	.
778132	  953.0	  530.2	  515.0	.
778134	  953.3	  529.4	  514.0	.
778136	  953.7	  529.2	  514.0	.
778138	  954.1	  529.2	  514.0	.
778140	  954.2	  529.1	  515.0	.
778142	  954.2	  527.8	  514.0	.
778144	  954.2	  527.8	  515.0	.
778146	  954.4	  526.7	  515.0	.
778148	  953.9	  527.6	  514.0	.
778150	  954.4	  526.8	  515.0	.
778152	  954.2	  526.2	  515.0	.
778154	  954.2	  526.8	  515.0	.
778156	  954.0	  526.4	  515.0	.
778158	  953.9	  525.9	  519.0	.
778160	  952.3	  525.9	  519.0	.
778162	  951.4	  525.9	  520.0	.
778164	  952.3	  524.9	  520.0	.
778166	  951.9	  524.2	  520.0	.
778168	  951.9	  522.9	  521.0	.
778170	  952.1	  522.7	  521.0	.
778172	  951.6	  523.5	  520.0	.
778174	  951.8	  523.5	  520.0	.
778176	  951.5	  523.4	  520.0	.
778178	  951.5	  522.7	  520.0	.
778180	  951.5	  522.1	  520.0	.
778182	  951.4	  521.7	  520.0	.
778184	  951.2	  520.6	  520.0	.
778186	  951.3	  520.3	  520.0	.
778188	  951.3	  520.3	  520.0	.
778190	  951.4	  520.3	  521.0	.
778192	  951.3	  519.9	  521.0	.
778194	  951.4	  519.6	  522.0	.
778196	  951.3	  518.7	  524.0	.
778198	  951.3	  518.6	  524.0	.
778200	  951.2	  519.2	  524.0	.
778202	  951.2	  519.8	  524.0	.
778204	  951.4	  521.9	  523.0	.
778206	  951.5	  521.7	  522.0	.
778208	  951.5	  522.0	  522.0	.
778210	  951.6	  522.3	  522.0	.
778212	  950.7	  523.3	  522.0	.
778214	  949.9	  523.7	  521.0	.
778216	  950.4	  523.7	  522.0	.
778218	  950.5	  523.9	  522.0	.
778220	  950.5	  524.5	  522.0	.
778222	  950.6	  524.7	  522.0	.
778224	  950.4	  523.9	  523.0	.
778226	  948.5	  524.7	  522.0	.
778228	  946.4	  524.9	  523.0	.
778230	  947.1	  524.7	  523.0	.
778232	  947.7	  525.7	  525.0	.
778234	  948.0	  526.8	  525.0	.
778236	  948.0	  527.3	  524.0	.
778238	  948.3	  527.8	  523.0	.
778240	  948.3	  526.7	  523.0	.
778242	  948.7	  525.7	  523.0	.
778244	  948.2	  526.1	  523.0	.
778246	  947.9	  526.7	  523.0	.
778248	  947.4	  525.8	  523.0	.
778250	  947.6	  525.7	  522.0	.
778252	  947.5	  525.5	  522.0	.
778254	  947.8	  525.9	  523.0	.
778256	  947.8	  526.3	  524.0	.
778258	  948.9	  526.8	  524.0	.
778260	  948.9	  526.9	  525.0	.
778262	  949.0	  526.6	  525.0	.
778264	  948.9	  527.5	  525.0	.
778266	  948.8	  526.5	  525.0	.
778268	  948.0	  526.7	  525.0	.
778270	  948.1	  526.8	  526.0	.
778272	  947.9	  525.4	  526.0	.
778274	  948.0	  524.0	  526.0	.
778276	  948.1	  522.6	  527.0	.
778278	  948.4	  521.2	  527.0	.
778280	  948.1	  521.0	  527.0	.
778282	  948.7	  522.3	  526.0	.
778284	  949.0	  523.6	  525.0	.
778286	  949.2	  524.2	  525.0	.
778288	  949.2	  523.6	  525.0	.
778290	  949.2	  522.9	  526.0	.
778292	  949.2	  523.2	  526.0	.
778294	  949.6	  523.3	  526.0	.
778296	  949.7	  523.3	  523.0	.
778298	  949.9	  523.5	  523.0	.
778300	  949.9	  523.7	  523.0	.
778302	  949.7	  522.9	  523.0	.
778304	  949.6	  523.0	  523.0	.
778306	  949.3	  523.1	  523.0	.
778308	  949.4	  523.6	  524.0	.
778310	  949.2	  524.2	  523.0	.
778312	  949.3	  523.9	  523.0	.
778314	  949.3	  523.7	  523.0	.
778316	  949.8	  524.7	  522.0	.
778318	  949.6	  525.9	  523.0	.
778320	  949.5	  526.0	  525.0	.
778322	  949.4	  525.6	  523.0	.
778324	  949.2	  527.1	  523.0	.
778326	  948.8	  527.8	  523.0	.
778328	  949.7	  527.9	  523.0	.
778330	  950.4	  528.0	  523.0	.
778332	  950.5	  527.5	  522.0	.
778334	  950.0	  527.1	  521.0	.
778336	  950.4	  525.5	  520.0	.
778338	  950.9	  527.3	  519.0	.
778340	  950.0	  527.7	  519.0	.
778342	  951.1	  527.6	  519.0	.
778344	  951.3	  527.9	  519.0	.
778346	  951.3	  528.2	  520.0	.
778348	  951.6	  527.9	  520.0	.
778350	  951.4	  527.5	  519.0	.
778352	  951.4	  526.8	  518.0	.
778354	  951.3	  529.1	  517.0	.
778356	  951.6	  529.9	  517.0	.
778358	  951.7	  530.1	  517.0	.
778360	  952.0	  530.3	  518.0	.
778362	  952.2	  529.7	  518.0	.
778364	  952.4	  530.5	  517.0	.
778366	  952.5	  530.5	  517.0	.
778368	  952.9	  530.2	  517.0	.
778370	  952.9	  530.0	  515.0	.
778372	  953.0	  530.0	  510.0	.
778374	  953.1	  529.9	  509.0	.
778376	  953.3	  531.9	  507.0	.
778378	  953.4	  533.9	  505.0	.
778380	  953.5	  534.4	  504.0	.
778382	  953.4	  534.9	  504.0	.
778384	  953.5	  535.9	  503.0	.
778386	  953.3	  535.8	  501.0	.
778388	  953.7	  536.1	  500.0	.
778390	  954.0	  536.3	  497.0	.
778392	  952.9	  536.4	  494.0	.
778394	  952.8	  536.3	  492.0	.
778396	  952.8	  537.2	  492.0	.
778398	  952.6	  538.0	  492.0	.
778400	  952.3	  538.0	  492.0	.
778402	  951.9	  538.0	  488.0	.
778404	  951.5	  537.9	  486.0	.
778406	  951.0	  536.8	  486.0	.
778408	  950.4	  535.4	  482.0	.
778410	  950.4	  535.5	  478.0	.
778412	  949.6	  535.9	  478.0	.
778414	  949.4	  535.4	  478.0	.
778416	  949.5	  535.7	  475.0	.
778418	  949.2	  535.2	  473.0	.
778420	  950.3	  534.8	  473.0	.
778422	  950.3	  534.5	  470.0	.
778424	  950.2	  534.8	  468.0	.
778426	  949.7	  535.0	  464.0	.
778428	  950.5	  537.0	  464.0	.
778430	  951.1	  537.7	  463.0	.
778432	  951.2	  537.5	  462.0	.
778434	  951.0	  537.4	  457.0	.
778436	  950.7	  537.4	  457.0	.
778438	  950.4	  537.4	  457.0	.
778440	  950.4	  538.0	  457.0	.
778442	  950.4	  538.5	  451.0	.
778444	  950.8	  539.2	  450.0	.
778446	  951.1	  539.2	  450.0	.
778448	  951.7	  539.1	  447.0	.
778450	  952.4	  539.8	  445.0	.
778452	  951.7	  540.0	  444.0	.
778454	  952.1	  539.9	  443.0	.
778456	  952.4	  539.3	  439.0	.
778458	  953.9	  539.7	  438.0	.
778460	  954.0	  540.4	  438.0	.
778462	  954.0	  539.9	  436.0	.
778464	  954.7	  539.7	  435.0	.
778466	  955.5	  539.8	  434.0	.
778468	  954.9	  540.0	  434.0	.
778470	  955.0	  540.7	  433.0	.
778472	  955.0	  540.9	  432.0	.
778474	  955.2	  541.1	  430.0	.
778476	  955.4	  541.2	  427.0	.
778478	  955.7	  541.4	  425.0	.
778480	  956.4	  541.7	  423.0	.
778482	  956.9	  542.0	  421.0	.
778484	  959.0	  541.6	  420.0	.
778486	  959.7	  541.5	  415.0	.
778488	  960.0	  541.4	  412.0	.
778490	  960.1	  542.4	  412.0	.
778492	  961.0	  542.1	  411.0	.
778494	  961.2	  542.1	  408.0	.
778496	  961.1	  542.1	  407.0	.
778498	  962.0	  541.6	  407.0	.
778500	  963.0	  541.6	  405.0	.
778502	  965.1	  541.5	  404.0	.
778504	  965.9	  542.1	  400.0	.
778506	  965.1	  541.8	  399.0	.
778508	  965.6	  543.1	  398.0	.
778510	  965.8	  543.1	  394.0	.
778512	  965.6	  545.3	  392.0	.
778514	  965.0	  546.0	  390.0	.
778516	  964.7	  546.0	  386.0	.
778518	  964.9	  546.1	  386.0	.
778520	  965.6	  549.3	  383.0	.
778522	  965.9	  549.7	  379.0	.
778524	  966.5	  549.9	  379.0	.
778526	  967.7	  551.6	  378.0	.
778528	  968.1	  550.6	  377.0	.
778530	  968.5	  550.4	  373.0	.
778532	  969.5	  550.3	  372.0	.
778534	  969.2	  550.4	  372.0	.
778536	  969.8	  551.4	  370.0	.
778538	  970.1	  552.4	  369.0	.
778540	  971.3	  553.2	  369.0	.
778542	  971.1	  553.5	  369.0	.
778544	  970.4	  553.5	  367.0	.
778546	  970.1	  553.4	  366.0	.
778548	  969.9	  552.9	  366.0	.
778550	  969.6	  553.3	  364.0	.
778552	  969.7	  553.1	  362.0	.
778554	  969.6	  552.9	  359.0	.
778556	  970.9	  552.7	  359.0	.
778558	  972.1	  552.4	  358.0	.
778560	  972.1	  550.1	  357.0	.
778562	  971.9	  550.0	  356.0	.
778564	  972.2	  549.9	  354.0	.
778566	  972.4	  549.4	  353.0	.
778568	  973.1	  548.9	  353.0	.
778570	  973.1	  549.3	  353.0	.
778572	  973.5	  549.6	  353.0	.
778574	  973.3	  549.5	  351.0	.
778576	  973.3	  550.1	  350.0	.
778578	  972.8	  549.8	  349.0	.
778580	  972.6	  551.2	  344.0	.
778582	  972.1	  551.6	  343.0	.
778584	  972.3	  551.6	  343.0	.
778586	  972.3	  551.5	  343.0	.
778588	  972.4	  551.3	  341.0	.
778590	  973.6	  550.3	  339.0	.
778592	  974.9	  549.2	  337.0	.
778594	  974.8	  549.2	  337.0	.
778596	  974.2	  549.0	  335.0	.
778598	  974.2	  548.7	  334.0	.
778600	  973.9	  549.4	  334.0	.
778602	  974.0	  550.1	  334.0	.
778604	  974.0	  550.5	  334.0	.
778606	  974.0	  550.2	  333.0	.
778608	  974.0	  551.0	  333.0	.
778610	  974.5	  550.9	  331.0	.
778612	  972.7	  551.1	  330.0	.
778614	  972.3	  551.3	  329.0	.
778616	  972.6	  551.0	  327.0	.
778618	  972.3	  550.8	  327.0	.
778620	  972.3	  551.4	  327.0	.
778622	  972.5	  552.0	  327.0	.
778624	  971.9	  551.6	  327.0	.
778626	  972.7	  552.2	  326.0	.
778628	  972.3	  552.1	  324.0	.
778630	  972.8	  551.9	  324.0	.
778632	  973.2	  552.0	  324.0	.
778634	  973.4	  551.4	  322.0	.
778636	  973.5	  550.7	  320.0	.
778638	  975.9	  549.0	  317.0	.
778640	  976.6	  549.1	  315.0	.
778642	  977.3	  548.7	  315.0	.
778644	  978.0	  548.2	  315.0	.
778646	  977.6	  547.5	  312.0	.
778648	  977.4	  546.2	  311.0	.
778650	  977.5	  546.8	  311.0	.
778652	  977.5	  547.4	  309.0	.
778654	  977.3	  546.8	  307.0	.
778656	  977.1	  546.1	  306.0	.
778658	  977.6	  544.1	  306.0	.
778660	  977.1	  543.3	  306.0	.
778662	  976.7	  544.2	  305.0	.
778664	  976.5	  544.4	  305.0	.
778666	  976.4	  544.4	  304.0	.
778668	  977.9	  544.0	  304.0	.
778670	  978.5	  543.8	  304.0	.
778672	  978.6	  543.5	  303.0	.
778674	  977.5	  541.7	  302.0	.
778676	  976.9	  539.8	  299.0	.
778678	  976.9	  539.8	  299.0	.
778680	  976.8	  540.2	  299.0	.
778682	  976.8	  540.5	  299.0	.
778684	  976.9	  541.0	  299.0	.
778686	  977.0	  541.6	  297.0	.
778688	  979.1	  541.8	  297.0	.
778690	  979.2	  541.9	  297.0	.
778692	  979.3	  542.0	  296.0	.
778694	  980.1	  543.6	  296.0	.
778696	  979.1	  543.1	  296.0	.
778698	  979.4	  543.6	  296.0	.
778700	  979.6	  544.2	  295.0	.
778702	  979.6	  544.4	  294.0	.
778704	  979.7	  544.5	  294.0	.
778706	  980.1	  546.4	  294.0	.
778708	  980.6	  548.3	  294.0	.
778710	  980.9	  548.2	  294.0	.
778712	  981.3	  548.2	  290.0	.
778714	  981.5	  549.5	  290.0	.
778716	  981.6	  550.0	  289.0	.
778718	  981.7	  550.5	  288.0	.
778720	  981.7	  550.5	  288.0	.
778722	  981.9	  550.4	  287.0	.
778724	  982.2	  552.5	  288.0	.
778726	  982.5	  554.5	  286.0	.
778728	  982.9	  557.7	  284.0	.
778730	  984.0	  558.8	  283.0	.
778732	  984.6	  559.4	  282.0	.
778734	  984.4	  559.6	  282.0	.
778736	  984.4	  557.8	  282.0	.
778738	  984.0	  557.1	  281.0	.
778740	  984.2	  557.0	  280.0	.
778742	  984.3	  557.6	  280.0	.
778744	  983.6	  557.0	  280.0	.
778746	  984.7	  557.5	  280.0	.
778748	  985.8	  558.2	  279.0	.
778750	  986.1	  556.7	  279.0	.
778752	  985.5	  555.6	  278.0	.
778754	  985.0	  555.6	  277.0	.
778756	  984.9	  554.0	  277.0	.
778758	  984.8	  552.2	  276.0	.
778760	  985.5	  553.1	  276.0	.
778762	  985.8	  553.9	  276.0	.
778764	  986.0	  554.2	  278.0	.
778766	  985.5	  554.5	  278.0	.
778768	  985.0	  554.4	  277.0	.
778770	  985.0	  555.2	  276.0	.
778772	  985.0	  556.2	  273.0	.
778774	  984.9	  555.6	  272.0	.
778776	  985.3	  555.4	  272.0	.
778778	  985.4	  555.1	  271.0	.
778780	  985.4	  555.4	  271.0	.
778782	  985.5	  555.5	  271.0	.
778784	  984.1	  556.5	  271.0	.
778786	  984.3	  556.1	  271.0	.
778788	  984.1	  556.1	  268.0	.
778790	  984.1	  556.3	  268.0	.
778792	  984.6	  556.6	  268.0	.
778794	  984.3	  557.7	  267.0	.
778796	  983.7	  557.7	  267.0	.
778798	  983.1	  557.6	  266.0	.
778800	  982.8	  557.7	  266.0	.
778802	  982.6	  557.1	  266.0	.
778804	  982.1	  557.2	  266.0	.
778806	  982.4	  556.6	  266.0	.
778808	  982.3	  556.7	  266.0	.
778810	  982.8	  555.7	  266.0	.
778812	  983.2	  554.8	  266.0	.
778814	  983.3	  555.1	  263.0	.
778816	  983.3	  555.2	  263.0	.
778818	  984.0	  554.9	  262.0	.
778820	  984.0	  555.8	  262.0	.
778822	  984.2	  554.4	  262.0	.
778824	  984.3	  554.3	  261.0	.
778826	  984.5	  554.3	  262.0	.
778828	  984.5	  553.1	  263.0	.
778830	  984.7	  552.0	  263.0	.
778832	  984.8	  551.9	  262.0	.
778834	  984.7	  552.1	  262.0	.
778836	  984.6	  551.6	  262.0	.
778838	  984.8	  553.0	  262.0	.
778840	  984.8	  553.0	  261.0	.
778842	  986.1	  552.7	  261.0	.
778844	  987.2	  552.6	  261.0	.
778846	  986.4	  552.7	  261.0	.
778848	  986.0	  552.8	  261.0	.
778850	  986.0	  552.8	  260.0	.
778852	  986.4	  552.8	  259.0	.
778854	  986.5	  551.9	  258.0	.
778856	  986.5	  552.2	  259.0	.
778858	  986.6	  551.6	  259.0	.
778860	  986.6	  551.1	  259.0	.
778862	  986.4	  551.5	  260.0	.
778864	  986.5	  550.1	  258.0	.
778866	  986.8	  549.6	  258.0	.
778868	  987.2	  549.6	  258.0	.
778870	  987.5	  549.7	  258.0	.
778872	  987.5	  550.0	  257.0	.
778874	  987.4	  549.1	  256.0	.
778876	  987.3	  548.2	  253.0	.
778878	  987.2	  547.6	  253.0	.
778880	  987.2	  547.5	  253.0	.
778882	  986.7	  547.5	  253.0	.
778884	  986.1	  547.6	  253.0	.
778886	  986.8	  546.8	  254.0	.
778888	  986.9	  546.1	  254.0	.
778890	  986.8	  546.6	  252.0	.
778892	  987.2	  547.0	  252.0	.
778894	  987.3	  547.3	  252.0	.
778896	  987.4	  547.7	  251.0	.
778898	  986.8	  547.9	  251.0	.
778900	  986.5	  546.7	  251.0	.
778902	  986.5	  547.1	  250.0	.
778904	  987.0	  547.3	  250.0	.
778906	  987.4	  547.4	  250.0	.
778908	  987.5	  547.6	  250.0	.
778910	  987.5	  546.7	  250.0	.
778912	  987.7	  547.0	  250.0	.
778914	  987.3	  546.9	  249.0	.
778916	  987.9	  546.8	  249.0	.
778918	  988.0	  546.8	  249.0	.
778920	  988.2	  546.4	  249.0	.
778922	  988.8	  546.6	  249.0	.
778924	  988.5	  546.0	  248.0	.
778926	  989.0	  545.2	  248.0	.
778928	  989.6	  544.6	  248.0	.
778930	  989.5	  545.1	  249.0	.
778932	  989.4	  545.5	  248.0	.
778934	  989.2	  546.5	  247.0	.
778936	  989.0	  546.7	  247.0	.
778938	  989.0	  546.7	  247.0	.
778940	  989.1	  546.7	  247.0	.
778942	  988.8	  546.7	  247.0	.
778944	  988.5	  546.7	  247.0	.
778946	  989.1	  546.4	  247.0	.
778948	  988.4	  546.3	  247.0	.
778950	  987.6	  546.6	  248.0	.
778952	  987.5	  546.7	  248.0	.
778954	  987.3	  546.5	  247.0	.
778956	  987.2	  546.5	  247.0	.
778958	  987.3	  546.4	  247.0	.
778960	  987.5	  545.3	  248.0	.
778962	  988.9	  544.9	  248.0	.
778964	  989.5	  544.8	  248.0	.
778966	  989.6	  544.8	  247.0	.
778968	  989.6	  545.0	  247.0	.
778970	  990.0	  545.1	  247.0	.
778972	  989.7	  545.3	  247.0	.
778974	  989.4	  545.4	  248.0	.
778976	  989.2	  545.7	  248.0	.
778978	  989.0	  545.0	  247.0	.
778980	  988.3	  544.8	  247.0	.
778982	  988.4	  544.6	  245.0	.
778984	  988.7	  545.9	  245.0	.
778986	  989.4	  545.7	  245.0	.
778988	  989.4	  546.3	  245.0	.
778990	  988.6	  547.0	  245.0	.
778992	  988.6	  546.4	  244.0	.
778994	  988.4	  545.7	  244.0	.
778996	  988.5	  545.4	  245.0	.
778998	  988.4	  545.9	  245.0	.
779000	  988.3	  546.5	  245.0	.
779002	  988.4	  547.9	  244.0	.
779004	  988.4	  547.5	  244.0	.
779006	  988.4	  547.6	  243.0	.
779008	  988.2	  547.6	  244.0	.
779010	  988.5	  547.5	  245.0	.
779012	  988.8	  547.2	  245.0	.
779014	  988.8	  548.1	  244.0	.
779016	  988.8	  548.1	  244.0	.
779018	  988.8	  547.6	  244.0	.
779020	  988.5	  547.2	  244.0	.
779022	  988.1	  546.9	  244.0	.
779024	  988.2	  547.0	  243.0	.
779026	  988.3	  547.0	  243.0	.
779028	  988.4	  547.5	  241.0	.
779030	  988.4	  547.7	  242.0	.
779032	  988.9	  547.8	  242.0	.
779034	  988.8	  547.8	  242.0	.
779036	  988.9	  547.8	  243.0	.
779038	  988.3	  547.8	  243.0	.
779040	  988.0	  547.3	  243.0	.
779042	  987.9	  547.3	  243.0	.
779044	  988.9	  547.2	  244.0	.
779046	  988.8	  546.0	  244.0	.
779048	  988.5	  545.9	  244.0	.
779050	  989.5	  546.0	  243.0	.
779052	  989.8	  546.3	  242.0	.
779054	  989.5	  546.9	  241.0	.
779056	  989.3	  547.3	  241.0	.
779058	  989.1	  547.3	  244.0	.
779060	  989.0	  547.6	  244.0	.
779062	  989.2	  547.9	  244.0	.
779064	  989.3	  548.7	  244.0	.
779066	  989.4	  549.0	  245.0	.
779068	  989.6	  548.6	  244.0	.
779070	  989.2	  548.3	  244.0	.
779072	  989.0	  547.9	  244.0	.
779074	  988.1	  547.5	  245.0	.
779076	  988.1	  547.1	  245.0	.
779078	  988.1	  547.8	  245.0	.
779080	  987.1	  548.8	  245.0	.
779082	  986.5	  548.3	  243.0	.
779084	  986.4	  548.8	  242.0	.
779086	  986.1	  548.4	  242.0	.
779088	  985.9	  548.5	  243.0	.
779090	  985.9	  548.4	  243.0	.
779092	  986.1	  547.9	  243.0	.
779094	  986.0	  548.0	  242.0	.
779096	  985.9	  548.2	  242.0	.
779098	  985.9	  548.3	  243.0	.
779100	  986.0	  548.5	  242.0	.
779102	  986.1	  548.4	  244.0	.
779104	  986.2	  548.4	  244.0	.
779106	  986.4	  548.5	  244.0	.
779108	  986.4	  548.7	  244.0	.
779110	  986.4	  549.0	  244.0	.
779112	  987.0	  548.8	  244.0	.
779114	  986.9	  548.7	  244.0	.
779116	  987.1	  548.6	  244.0	.
779118	  986.7	  548.5	  244.0	.
779120	  986.8	  548.6	  244.0	.
779122	  986.4	  548.7	  243.0	.
779124	  986.0	  548.8	  243.0	.
779126	  985.2	  548.7	  243.0	.
779128	  985.1	  548.5	  244.0	.
779130	  985.1	  548.3	  244.0	.
779132	  985.8	  548.3	  244.0	.
779134	  985.5	  547.7	  244.0	.
779136	  985.8	  547.4	  244.0	.
779138	  986.1	  547.0	  245.0	.
779140	  986.4	  546.8	  245.0	.
779142	  986.6	  547.3	  246.0	.
779144	  986.6	  547.7	  246.0	.
779146	  985.8	  547.7	  246.0	.
779148	  985.9	  547.5	  246.0	.
779150	  985.5	  548.7	  246.0	.
779152	  985.1	  549.9	  245.0	.
779154	  984.6	  549.7	  244.0	.
779156	  984.1	  550.5	  246.0	.
779158	  984.0	  550.5	  247.0	.
779160	  984.8	  551.0	  249.0	.
779162	  983.5	  551.7	  249.0	.
779164	  983.0	  553.0	  250.0	.
779166	  982.9	  554.6	  249.0	.
779168	  982.7	  554.8	  250.0	.
779170	  982.5	  555.1	  250.0	.
779172	  982.3	  555.6	  252.0	.
779174	  982.3	  556.0	  252.0	.
779176	  982.5	  557.0	  249.0	.
779178	  982.7	  558.1	  249.0	.
779180	  983.0	  558.0	  249.0	.
779182	  982.5	  558.1	  249.0	.
779184	  984.2	  558.4	  250.0	.
779186	  985.9	  558.6	  250.0	.
779188	  986.5	  559.1	  250.0	.
779190	  986.8	  558.8	  251.0	.
779192	  985.8	  559.4	  252.0	.
779194	  985.7	  559.2	  252.0	.
779196	  985.9	  559.9	  252.0	.
779198	  986.9	  557.7	  252.0	.
779200	  987.2	  557.5	  252.0	.
779202	  987.5	  558.3	  252.0	.
779204	  987.8	  557.9	  252.0	.
779206	  987.0	  557.9	  252.0	.
779208	  987.5	  557.8	  252.0	.
779210	  987.0	  557.8	  252.0	.
779212	  986.6	  557.8	  252.0	.
779214	  985.7	  554.9	  251.0	.
779216	  985.6	  555.6	  251.0	.
779218	  985.7	  554.3	  252.0	.
779220	  985.9	  553.0	  252.0	.
779222	  986.4	  552.4	  252.0	.
779224	  987.2	  553.1	  254.0	.
779226	  987.4	  553.9	  254.0	.
779228	  987.5	  554.0	  255.0	.
779230	  987.3	  553.7	  254.0	.
779232	  988.3	  554.0	  254.0	.
779234	  987.0	  554.7	  253.0	.
779236	  987.7	  555.9	  253.0	.
779238	  987.6	  555.9	  253.0	.
779240	  987.5	  556.1	  254.0	.
779242	  987.3	  556.2	  254.0	.
779244	  987.2	  556.6	  255.0	.
779246	  985.7	  557.5	  255.0	.
779248	  985.2	  557.8	  256.0	.
779250	  984.5	  557.9	  256.0	.
779252	  984.5	  558.1	  257.0	.
779254	  984.5	  557.6	  258.0	.
779256	  983.5	  558.7	  260.0	.
779258	  983.5	  559.7	  260.0	.
779260	  983.6	  559.9	  260.0	.
779262	  983.4	  560.1	  260.0	.
779264	  984.1	  560.5	  260.0	.
779266	  983.7	  560.4	  260.0	.
779268	  983.5	  560.6	  260.0	.
779270	  983.3	  559.5	  260.0	.
779272	  983.3	  559.3	  260.0	.
779274	  983.3	  559.2	  260.0	.
779276	  983.3	  559.4	  260.0	.
779278	  983.0	  559.9	  260.0	.
779280	  983.3	  560.1	  260.0	.
779282	  983.5	  560.1	  260.0	.
779284	  984.3	  560.1	  260.0	.
779286	  984.7	  561.0	  261.0	.
779288	  985.1	  560.4	  261.0	.
779290	  985.2	  559.7	  262.0	.
779292	  985.0	  559.9	  262.0	.
779294	  984.7	  559.4	  262.0	.
779296	  984.2	  559.5	  262.0	.
779298	  983.8	  559.5	  262.0	.
779300	  982.1	  559.6	  262.0	.
779302	  982.2	  559.2	  262.0	.
779304	  981.8	  559.8	  262.0	.
779306	  982.4	  560.1	  263.0	.
779308	  982.6	  560.0	  264.0	.
779310	  982.9	  559.8	  264.0	.
779312	  983.5	  560.0	  264.0	.
779314	  983.5	  560.1	  264.0	.
779316	  983.3	  559.5	  264.0	.
779318	  983.4	  559.8	  264.0	.
779320	  983.3	  560.3	  265.0	.
779322	  982.2	  560.7	  265.0	.
779324	  980.9	  560.1	  265.0	.
779326	  980.2	  559.7	  265.0	.
779328	  979.0	  559.9	  266.0	.
779330	  978.5	  560.3	  267.0	.
779332	  978.7	  560.3	  270.0	.
779334	  978.9	  560.1	  270.0	.
779336	  978.8	  559.7	  269.0	.
779338	  978.8	  559.8	  269.0	.
779340	  976.5	  560.3	  269.0	.
779342	  975.7	  560.3	  269.0	.
779344	  974.7	  560.3	  270.0	.
779346	  975.9	  560.6	  270.0	.
779348	  976.9	  560.3	  270.0	.
779350	  976.0	  560.2	  271.0	.
779352	  975.7	  559.4	  272.0	.
779354	  975.7	  559.2	  272.0	.
779356	  975.3	  559.2	  272.0	.
779358	  975.1	  559.6	  274.0	.
779360	  974.8	  559.2	  274.0	.
779362	  974.7	  558.7	  275.0	.
779364	  974.3	  558.7	  275.0	.
779366	  974.2	  559.6	  275.0	.
779368	  973.8	  558.7	  275.0	.
779370	  972.1	  558.1	  275.0	.
779372	  971.9	  558.6	  275.0	.
779374	  971.8	  558.4	  275.0	.
779376	  971.8	  558.8	  275.0	.
779378	  972.0	  559.0	  275.0	.
779380	  972.2	  559.9	  275.0	.
779382	  972.5	  560.3	  275.0	.
779384	  973.1	  560.5	  276.0	.
779386	  973.4	  560.6	  276.0	.
779388	  973.5	  560.8	  276.0	.
779390	  973.6	  560.8	  276.0	.
779392	  973.7	  561.0	  276.0	.
779394	  974.0	  560.9	  277.0	.
779396	  974.0	  560.9	  278.0	.
779398	  974.0	  560.7	  279.0	.
779400	  974.1	  560.7	  279.0	.
779402	  974.0	  560.9	  278.0	.
779404	  973.8	  560.5	  278.0	.
779406	  973.5	  560.8	  277.0	.
779408	  973.5	  561.0	  277.0	.
779410	  973.5	  560.4	  277.0	.
779412	  973.0	  559.9	  278.0	.
779414	  972.6	  561.0	  279.0	.
779416	  973.7	  562.0	  279.0	.
779418	  974.2	  562.2	  279.0	.
779420	  974.7	  562.1	  279.0	.
779422	  975.3	  561.9	  280.0	.
779424	  975.4	  561.8	  280.0	.
779426	  975.4	  562.0	  280.0	.
779428	  975.4	  562.1	  281.0	.
779430	  975.4	  562.0	  281.0	.
779432	  975.9	  562.4	  281.0	.
779434	  976.3	  562.2	  281.0	.
779436	  976.6	  562.2	  282.0	.
779438	  976.7	  561.2	  281.0	.
779440	  977.0	  561.9	  282.0	.
779442	  977.0	  560.9	  282.0	.
779444	  977.1	  561.6	  282.0	.
779446	  977.0	  562.3	  283.0	.
779448	  977.6	  561.5	  284.0	.
779450	  976.9	  561.5	  285.0	.
779452	  976.9	  561.8	  285.0	.
779454	  977.0	  561.9	  286.0	.
779456	  977.2	  562.8	  287.0	.
779458	  976.6	  563.7	  288.0	.
779460	  977.0	  564.0	  288.0	.
779462	  977.4	  564.1	  288.0	.
779464	  977.2	  564.3	  288.0	.
779466	  976.9	  565.0	  288.0	.
779468	  976.7	  565.8	  289.0	.
779470	  976.6	  565.8	  289.0	.
779472	  976.6	  565.8	  289.0	.
779474	  976.2	  566.1	  289.0	.
779476	  975.8	  566.4	  289.0	.
779478	  975.6	  566.3	  290.0	.
779480	  975.5	  567.4	  290.0	.
779482	  975.8	  568.4	  291.0	.
779484	  975.9	  567.6	  291.0	.
779486	  975.6	  566.7	  291.0	.
779488	  976.1	  566.7	  291.0	.
779490	  976.0	  563.7	  292.0	.
779492	  975.8	  563.5	  292.0	.
779494	  976.2	  564.4	  292.0	.
779496	  975.6	  564.5	  292.0	.
779498	  975.1	  564.7	  292.0	.
779500	  974.6	  564.9	  293.0	.
779502	  974.3	  565.3	  293.0	.
779504	  973.7	  566.0	  293.0	.
779506	  973.7	  566.7	  293.0	.
779508	  973.6	  567.0	  293.0	.
779510	  974.4	  566.9	  295.0	.
779512	  973.2	  567.1	  295.0	.
779514	  973.5	  566.9	  296.0	.
779516	  973.5	  566.7	  296.0	.
779518	  973.6	  567.1	  296.0	.
779520	  973.6	  567.5	  297.0	.
779522	  973.7	  567.4	  297.0	.
779524	  972.9	  567.3	  298.0	.
779526	  973.4	  567.3	  298.0	.
779528	  973.8	  567.3	  298.0	.
779530	  973.0	  567.5	  298.0	.
779532	  972.7	  567.3	  298.0	.
779534	  972.9	  567.7	  298.0	.
779536	  972.6	  568.1	  298.0	.
779538	  972.3	  566.4	  299.0	.
779540	  972.8	  564.5	  301.0	.
779542	  972.3	  564.9	  301.0	.
779544	  971.6	  563.7	  301.0	.
779546	  972.5	  564.2	  301.0	.
779548	  971.7	  564.8	  301.0	.
779550	  970.7	  562.6	  302.0	.
779552	  970.6	  560.2	  303.0	.
779554	  970.6	  560.2	  305.0	.
779556	  970.7	  560.2	  308.0	.
779558	  970.6	  558.7	  309.0	.
779560	  970.8	  557.8	  311.0	.
779562	  971.1	  557.1	  311.0	.
779564	  972.9	  555.3	  310.0	.
779566	  972.3	  555.4	  311.0	.
779568	  971.6	  556.0	  311.0	.
779570	  971.6	  556.6	  311.0	.
779572	  971.4	  555.5	  312.0	.
779574	  970.9	  555.3	  313.0	.
779576	  970.5	  555.5	  313.0	.
779578	  970.5	  554.1	  313.0	.
779580	  970.3	  554.8	  312.0	.
779582	  970.2	  555.0	  312.0	.
779584	  970.1	  555.0	  312.0	.
779586	  969.8	  555.1	  312.0	.
779588	  969.4	  554.7	  312.0	.
779590	  969.9	  556.1	  312.0	.
779592	  969.7	  556.1	  313.0	.
779594	  970.4	  556.9	  312.0	.
779596	  971.1	  557.7	  311.0	.
779598	  971.2	  557.5	  313.0	.
779600	  971.1	  557.9	  314.0	.
779602	  971.1	  558.0	  315.0	.
779604	  971.1	  558.1	  316.0	.
779606	  970.9	  557.6	  317.0	.
779608	  970.6	  557.0	  317.0	.
779610	  970.5	  556.5	  317.0	.
779612	  970.7	  556.2	  317.0	.
779614	  970.9	  556.9	  317.0	.
779616	  971.1	  556.6	  317.0	.
779618	  971.4	  557.3	  317.0	.
779620	  971.4	  557.6	  317.0	.
779622	  971.5	  557.9	  317.0	.
779624	  970.6	  556.7	  317.0	.
779626	  969.7	  555.6	  318.0	.
779628	  970.1	  554.2	  320.0	.
779630	  970.6	  553.5	  319.0	.
779632	  970.7	  553.7	  320.0	.
779634	  970.8	  554.0	  320.0	.
779636	  971.2	  553.8	  321.0	.
779638	  971.3	  554.5	  322.0	.
779640	  971.1	  554.7	  322.0	.
779642	  971.3	  554.8	  322.0	.
779644	  971.2	  555.7	  322.0	.
779646	  971.0	  555.1	  322.0	.
779648	  970.9	  555.7	  323.0	.
779650	  970.6	  555.7	  323.0	.
779652	  970.7	  555.5	  323.0	.
779654	  970.7	  555.8	  323.0	.
779656	  970.0	  555.4	  323.0	.
779658	  969.3	  555.0	  323.0	.
779660	  969.8	  554.7	  325.0	.
779662	  969.7	  554.6	  325.0	.
779664	  969.8	  554.6	  326.0	.
779666	  969.8	  554.6	  326.0	.
779668	  970.0	  554.5	  325.0	.
779670	  969.9	  554.4	  325.0	.
779672	  970.2	  554.3	  325.0	.
779674	  969.7	  554.4	  325.0	.
779676	  969.7	  553.6	  325.0	.
779678	  969.3	  553.6	  324.0	.
779680	  968.9	  553.5	  324.0	.
779682	  969.5	  552.8	  324.0	.
779684	  970.3	  553.9	  324.0	.
779686	  970.2	  554.1	  325.0	.
779688	  970.1	  553.6	  325.0	.
779690	  970.1	  553.7	  325.0	.
779692	  970.0	  553.5	  325.0	.
779694	  971.2	  553.1	  325.0	.
779696	  971.4	  552.6	  324.0	.
779698	  970.9	  552.9	  323.0	.
779700	  970.4	  552.2	  323.0	.
779702	  970.4	  551.5	  324.0	.
779704	  969.9	  551.8	  324.0	.
779706	  969.6	  551.6	  324.0	.
779708	  969.5	  551.2	  324.0	.
779710	  969.4	  551.5	  324.0	.
779712	  969.2	  551.2	  323.0	.
779714	  968.8	  551.5	  323.0	.
779716	  969.5	  551.7	  323.0	.
779718	  968.9	  552.7	  323.0	.
779720	  968.9	  552.8	  324.0	.
779722	  968.9	  552.9	  324.0	.
779724	  968.8	  552.9	  324.0	.
779726	  969.0	  553.4	  324.0	.
779728	  969.3	  553.0	  324.0	.
779730	  969.5	  553.2	  324.0	.
779732	  969.7	  553.3	  324.0	.
779734	  970.5	  553.5	  324.0	.
779736	  970.0	  553.2	  324.0	.
779738	  969.8	  553.9	  324.0	.
779740	  969.7	  553.9	  324.0	.
779742	  970.2	  553.9	  324.0	.
779744	  970.0	  553.2	  323.0	.
779746	  969.9	  553.2	  323.0	.
779748	  969.9	  554.0	  323.0	.
779750	  969.9	  554.9	  323.0	.
779752	  969.7	  555.2	  324.0	.
779754	  969.3	  555.5	  325.0	.
779756	  968.7	  555.6	  325.0	.
779758	  969.2	  556.3	  324.0	.
779760	  969.7	  556.9	  324.0	.
779762	  970.0	  557.1	  325.0	.
779764	  969.9	  557.1	  325.0	.
779766	  970.2	  557.0	  324.0	.
779768	  970.0	  554.7	  323.0	.
779770	  969.9	  555.1	  323.0	.
779772	  969.9	  555.1	  323.0	.
779774	  969.9	  555.7	  323.0	.
779776	  968.7	  555.6	  323.0	.
779778	  968.9	  555.3	  323.0	.
779780	  968.7	  555.3	  321.0	.
779782	  969.3	  555.2	  320.0	.
779784	  969.2	  554.2	  320.0	.
779786	  969.3	  554.6	  320.0	.
779788	  969.4	  555.0	  320.0	.
779790	  968.8	  554.5	  321.0	.
779792	  968.3	  553.9	  321.0	.
779794	  966.9	  551.5	  321.0	.
779796	  967.7	  552.0	  322.0	.
779798	  968.4	  551.8	  322.0	.
779800	  968.7	  551.5	  321.0	.
779802	  968.9	  551.9	  321.0	.
779804	  969.0	  552.2	  321.0	.
779806	  968.7	  552.1	  320.0	.
779808	  968.9	  553.6	  321.0	.
779810	  969.0	  555.0	  320.0	.
779812	  968.6	  553.6	  320.0	.
779814	  968.5	  553.5	  320.0	.
779816	  968.4	  553.4	  321.0	.
779818	  968.3	  553.3	  321.0	.
779820	  968.4	  554.7	  321.0	.
779822	  968.7	  555.2	  321.0	.
779824	  968.6	  555.4	  321.0	.
779826	  968.4	  554.6	  321.0	.
779828	  967.9	  553.8	  321.0	.
779830	  967.5	  553.2	  322.0	.
779832	  966.3	  553.0	  322.0	.
779834	  966.4	  552.8	  322.0	.
779836	  966.6	  553.0	  322.0	.
779838	  967.1	  553.0	  322.0	.
779840	  967.7	  553.3	  321.0	.
779842	  967.8	  553.4	  321.0	.
779844	  967.6	  553.4	  321.0	.
779846	  967.4	  553.3	  320.0	.
779848	  966.7	  553.0	  321.0	.
779850	  966.7	  553.0	  321.0	.
779852	  966.7	  553.0	  321.0	.
779854	  966.7	  553.1	  322.0	.
779856	  966.8	  553.8	  323.0	.
779858	  967.0	  555.2	  324.0	.
779860	  966.8	  555.3	  324.0	.
779862	  966.7	  555.9	  324.0	.
779864	  966.7	  556.6	  324.0	.
779866	  966.8	  556.7	  320.0	.
779868	  966.7	  556.6	  320.0	.
779870	  966.9	  557.5	  320.0	.
779872	  966.2	  556.7	  321.0	.
779874	  966.6	  558.2	  321.0	.
779876	  966.9	  558.9	  321.0	.
779878	  966.7	  559.3	  321.0	.
779880	  966.4	  558.1	  321.0	.
779882	  965.8	  556.9	  321.0	.
779884	  966.7	  556.3	  319.0	.
779886	  966.7	  555.6	  319.0	.
779888	  967.0	  557.2	  319.0	.
779890	  966.2	  558.9	  320.0	.
779892	  966.5	  559.5	  321.0	.
779894	  965.7	  559.6	  321.0	.
779896	  964.8	  559.7	  321.0	.
779898	  964.6	  559.6	  322.0	.
779900	  964.6	  559.5	  323.0	.
779902	  964.3	  556.1	  323.0	.
779904	  964.1	  552.9	  323.0	.
779906	  964.0	  550.5	  323.0	.
779908	  964.5	  549.8	  322.0	.
779910	  964.9	  549.6	  322.0	.
779912	  965.1	  549.7	  321.0	.
779914	  967.1	  549.4	  321.0	.
779916	  967.9	  549.3	  321.0	.
779918	  968.2	  550.3	  321.0	.
779920	  968.3	  550.7	  321.0	.
779922	  968.4	  551.0	  321.0	.
779924	  968.5	  552.1	  321.0	.
779926	  968.2	  552.6	  321.0	.
779928	  968.3	  552.9	  321.0	.
779930	  968.2	  551.4	  321.0	.
779932	  968.5	  551.6	  322.0	.
779934	  968.4	  550.7	  323.0	.
779936	  968.3	  549.9	  323.0	.
779938	  967.6	  550.1	  323.0	.
779940	  966.9	  549.9	  323.0	.
779942	  966.1	  549.8	  323.0	.
779944	  965.8	  549.9	  324.0	.
779946	  965.9	  549.8	  324.0	.
779948	  966.1	  550.4	  324.0	.
779950	  966.6	  550.3	  325.0	.
779952	  967.1	  550.2	  325.0	.
779954	  967.1	  551.1	  325.0	.
779956	  967.8	  550.1	  327.0	.
779958	  968.4	  550.1	  327.0	.
779960	  968.2	  550.3	  327.0	.
779962	  967.8	  550.4	  327.0	.
779964	  965.7	  550.8	  327.0	.
779966	  966.7	  551.6	  327.0	.
779968	  967.6	  551.6	  327.0	.
779970	  968.2	  551.1	  326.0	.
779972	  967.9	  551.3	  326.0	.
779974	  967.9	  551.4	  326.0	.
779976	  967.5	  550.5	  326.0	.
779978	  967.7	  549.4	  326.0	.
779980	  967.5	  549.0	  326.0	.
779982	  967.9	  548.5	  326.0	.
779984	  968.4	  548.3	  326.0	.
779986	  968.4	  548.3	  326.0	.
779988	  968.5	  548.3	  326.0	.
779990	  968.8	  551.3	  326.0	.
779992	  968.7	  550.9	  326.0	.
779994	  968.7	  551.4	  328.0	.
779996	  968.6	  551.9	  328.0	.
779998	  968.4	  552.4	  328.0	.
780000	  968.2	  552.4	  329.0	.
780002	  967.1	  553.0	  329.0	.
780004	  966.0	  552.8	  329.0	.
780006	  965.7	  552.4	  329.0	.
780008	  965.7	  552.1	  329.0	.
780010	  964.8	  552.0	  329.0	.
780012	  965.1	  551.0	  329.0	.
780014	  965.6	  550.7	  329.0	.
780016	  965.2	  552.0	  330.0	.
780018	  965.2	  551.2	  330.0	.
780020	  965.3	  551.7	  330.0	.
780022	  965.3	  552.2	  331.0	.
780024	  965.3	  552.0	  333.0	.
780026	  965.6	  552.6	  333.0	.
780028	  965.2	  553.0	  333.0	.
780030	  965.2	  553.0	  333.0	.
780032	  965.3	  552.9	  333.0	.
780034	  965.5	  553.1	  332.0	.
780036	  965.5	  553.1	  332.0	.
780038	  965.6	  553.0	  332.0	.
780040	  965.7	  552.6	  332.0	.
780042	  965.7	  550.7	  332.0	.
780044	  964.9	  550.7	  336.0	.
780046	  964.9	  550.5	  336.0	.
780048	  965.1	  550.0	  336.0	.
780050	  965.0	  549.7	  336.0	.
780052	  965.3	  549.9	  336.0	.
780054	  965.3	  550.0	  337.0	.
780056	  965.7	  550.5	  337.0	.
780058	  965.3	  551.1	  337.0	.
780060	  964.8	  551.2	  336.0	.
780062	  964.5	  551.3	  335.0	.
780064	  964.2	  551.5	  335.0	.
780066	  964.2	  551.0	  335.0	.
780068	  964.3	  551.2	  335.0	.
780070	  964.7	  550.9	  335.0	.
780072	  964.7	  551.0	  336.0	.
780074	  964.7	  550.7	  338.0	.
780076	  964.5	  550.4	  338.0	.
780078	  964.3	  549.7	  338.0	.
780080	  964.2	  549.8	  338.0	.
780082	  964.6	  549.7	  338.0	.
780084	  965.0	  548.8	  338.0	.
780086	  965.1	  548.7	  338.0	.
780088	  965.3	  549.1	  338.0	.
780090	  965.3	  549.2	  338.0	.
780092	  965.1	  549.2	  338.0	.
780094	  965.0	  549.2	  339.0	.
780096	  964.9	  547.5	  339.0	.
780098	  965.2	  547.5	  339.0	.
780100	  965.3	  547.7	  341.0	.
780102	  965.3	  547.9	  342.0	.
780104	  965.8	  547.3	  342.0	.
780106	  965.4	  547.0	  342.0	.
780108	  966.1	  545.9	  342.0	.
780110	  966.0	  545.3	  342.0	.
780112	  965.9	  545.3	  342.0	.
780114	  966.1	  545.2	  342.0	.
780116	  966.5	  545.5	  343.0	.
780118	  966.6	  545.2	  343.0	.
780120	  966.5	  545.1	  343.0	.
780122	  967.3	  544.9	  343.0	.
780124	  966.9	  544.9	  344.0	.
780126	  966.7	  545.0	  344.0	.
780128	  966.4	  545.4	  344.0	.
780130	  966.5	  544.1	  344.0	.
780132	  966.2	  544.1	  345.0	.
780134	  966.1	  544.6	  346.0	.
780136	  966.1	  543.5	  346.0	.
780138	  966.0	  543.4	  346.0	.
780140	  966.1	  543.3	  347.0	.
780142	  965.9	  543.3	  348.0	.
780144	  966.4	  543.2	  348.0	.
780146	  966.4	  543.3	  349.0	.
780148	  966.3	  542.4	  349.0	.
780150	  966.1	  542.2	  349.0	.
780152	  966.1	  542.1	  350.0	.
780154	  965.9	  541.7	  350.0	.
780156	  965.9	  541.7	  349.0	.
780158	  965.6	  541.8	  349.0	.
780160	  966.0	  541.7	  349.0	.
780162	  965.8	  541.9	  349.0	.
780164	  966.8	  545.1	  349.0	.
780166	  966.8	  544.9	  349.0	.
780168	  966.8	  544.6	  349.0	.
780170	  966.6	  544.4	  349.0	.
780172	  966.4	  544.2	  350.0	.
780174	  966.1	  545.1	  350.0	.
780176	  965.9	  545.0	  350.0	.
780178	  965.7	  545.0	  350.0	.
780180	  965.6	  544.9	  350.0	.
780182	  965.5	  544.8	  350.0	.
780184	  965.5	  544.3	  351.0	.
780186	  965.9	  545.4	  351.0	.
780188	  966.6	  546.5	  352.0	.
780190	  967.4	  545.2	  353.0	.
780192	  966.7	  544.9	  353.0	.
780194	  966.1	  544.9	  353.0	.
780196	  965.8	  545.4	  353.0	.
780198	  966.2	  544.9	  353.0	.
780200	  966.4	  546.0	  353.0	.
780202	  965.9	  544.6	  353.0	.
780204	  965.9	  545.4	  354.0	.
780206	  965.6	  544.2	  354.0	.
780208	  965.5	  543.0	  354.0	.
780210	  965.4	  543.2	  353.0	.
780212	  965.4	  543.4	  353.0	.
780214	  965.5	  543.1	  354.0	.
780216	  965.1	  542.9	  355.0	.
780218	  964.9	  541.2	  355.0	.
780220	  964.7	  540.8	  355.0	.
780222	  964.7	  540.9	  355.0	.
780224	  964.9	  540.8	  356.0	.
780226	  965.2	  540.7	  357.0	.
780228	  964.8	  541.1	  357.0	.
780230	  964.2	  541.2	  358.0	.
780232	  963.9	  541.4	  358.0	.
780234	  963.6	  541.4	  357.0	.
780236	  963.6	  541.3	  356.0	.
780238	  963.6	  541.4	  356.0	.
780240	  963.4	  541.4	  357.0	.
780242	  963.7	  540.4	  359.0	.
780244	  964.2	  539.8	  359.0	.
780246	  964.4	  540.8	  359.0	.
780248	  964.6	  541.7	  359.0	.
780250	  964.7	  541.9	  359.0	.
780252	  964.5	  541.8	  359.0	.
780254	  964.2	  541.7	  359.0	.
780256	  963.7	  542.3	  359.0	.
780258	  963.8	  542.9	  359.0	.
780260	  963.9	  544.0	  359.0	.
780262	  963.8	  544.0	  359.0	.
780264	  963.7	  544.4	  360.0	.
780266	  963.4	  545.0	  360.0	.
780268	  963.0	  545.9	  360.0	.
780270	  962.8	  546.3	  361.0	.
780272	  962.8	  546.6	  361.0	.
780274	  962.9	  546.4	  361.0	.
780276	  961.6	  547.0	  360.0	.
780278	  961.3	  546.9	  359.0	.
780280	  961.4	  546.6	  359.0	.
780282	  961.4	  545.7	  359.0	.
780284	  961.5	  545.7	  359.0	.
780286	  962.7	  544.7	  358.0	.
780288	  962.8	  544.4	  358.0	.
780290	  962.6	  544.0	  358.0	.
780292	  962.9	  543.9	  357.0	.
780294	  962.5	  543.9	  357.0	.
780296	  962.0	  544.0	  357.0	.
780298	  962.6	  543.9	  357.0	.
780300	  962.0	  542.7	  357.0	.
780302	  961.4	  541.6	  356.0	.
780304	  961.7	  541.4	  356.0	.
780306	  961.6	  542.1	  356.0	.
780308	  961.7	  541.7	  357.0	.
780310	  961.6	  541.3	  357.0	.
780312	  961.4	  541.2	  357.0	.
780314	  961.9	  541.0	  357.0	.
780316	  962.0	  540.0	  357.0	.
780318	  962.2	  540.1	  356.0	.
780320	  962.3	  540.2	  356.0	.
780322	  962.7	  540.9	  356.0	.
780324	  963.1	  540.9	  356.0	.
780326	  963.1	  540.3	  356.0	.
780328	  962.7	  540.5	  356.0	.
780330	  962.3	  540.7	  356.0	.
780332	  962.5	  541.5	  356.0	.
780334	  962.3	  541.6	  355.0	.
780336	  962.8	  541.5	  355.0	.
780338	  962.9	  541.1	  354.0	.
780340	  962.9	  541.4	  354.0	.
780342	  963.0	  541.7	  354.0	.
780344	  963.0	  542.2	  354.0	.
780346	  963.3	  542.7	  354.0	.
780348	  963.4	  543.0	  354.0	.
780350	  963.6	  543.4	  354.0	.
780352	  963.5	  543.8	  354.0	.
780354	  963.8	  543.9	  354.0	.
780356	  963.9	  543.9	  354.0	.
780358	  963.8	  544.8	  353.0	.
780360	  963.5	  545.1	  353.0	.
780362	  963.8	  545.1	  353.0	.
780364	  963.4	  545.1	  354.0	.
780366	  963.1	  544.4	  354.0	.
780368	  962.7	  544.2	  354.0	.
780370	  962.6	  544.1	  353.0	.
780372	  963.2	  544.4	  352.0	.
780374	  962.8	  543.9	  351.0	.
780376	  963.2	  543.2	  351.0	.
780378	  962.4	  543.5	  351.0	.
780380	  961.4	  543.3	  351.0	.
780382	  961.7	  542.9	  351.0	.
780384	  961.8	  543.0	  351.0	.
780386	  962.0	  543.2	  350.0	.
780388	  962.3	  542.5	  350.0	.
780390	  962.7	  542.1	  350.0	.
780392	  962.6	  540.7	  349.0	.
780394	  962.3	  540.5	  348.0	.
780396	  962.3	  540.0	  348.0	.
780398	  962.4	  539.9	  348.0	.
780400	  962.4	  539.7	  349.0	.
780402	  962.3	  539.4	  349.0	.
780404	  962.1	  539.3	  347.0	.
780406	  962.1	  539.4	  347.0	.
780408	  962.0	  539.7	  345.0	.
780410	  961.9	  538.9	  343.0	.
780412	  961.9	  538.8	  343.0	.
780414	  961.9	  538.9	  343.0	.
780416	  961.7	  539.2	  343.0	.
780418	  962.2	  539.6	  345.0	.
780420	  962.0	  539.5	  345.0	.
780422	  961.9	  539.7	  345.0	.
780424	  961.9	  540.6	  345.0	.
780426	  962.1	  540.9	  345.0	.
780428	  962.0	  540.9	  345.0	.
780430	  962.1	  541.0	  345.0	.
780432	  961.9	  541.0	  345.0	.
780434	  962.0	  541.1	  344.0	.
780436	  961.7	  541.1	  344.0	.
780438	  962.9	  541.5	  344.0	.
780440	  963.0	  541.2	  344.0	.
780442	  963.1	  541.3	  344.0	.
780444	  963.7	  541.3	  344.0	.
780446	  963.9	  541.6	  344.0	.
780448	  963.9	  543.3	  345.0	.
780450	  963.9	  544.9	  345.0	.
780452	  964.0	  544.6	  345.0	.
780454	  964.2	  545.9	  345.0	.
780456	  963.7	  546.5	  344.0	.
780458	  963.2	  547.1	  343.0	.
780460	  963.8	  546.6	  342.0	.
780462	  963.3	  547.3	  341.0	.
780464	  963.0	  548.0	  339.0	.
780466	  962.6	  548.4	  337.0	.
780468	  963.0	  548.4	  337.0	.
780470	  963.0	  548.5	  338.0	.
780472	  962.9	  548.7	  337.0	.
780474	  962.9	  548.7	  337.0	.
780476	  963.4	  549.3	  337.0	.
780478	  963.8	  549.2	  338.0	.
780480	  964.1	  548.8	  338.0	.
780482	  964.2	  548.5	  338.0	.
780484	  964.3	  548.0	  338.0	.
780486	  964.0	  547.6	  338.0	.
780488	  963.8	  547.2	  337.0	.
780490	  963.7	  546.6	  337.0	.
780492	  962.2	  546.3	  337.0	.
780494	  962.6	  545.3	  337.0	.
780496	  962.0	  544.5	  337.0	.
780498	  962.8	  544.1	  337.0	.
780500	  963.6	  544.0	  335.0	.
780502	  964.2	  544.0	  335.0	.
780504	  964.9	  543.6	  335.0	.
780506	  965.0	  543.7	  335.0	.
780508	  964.9	  543.2	  335.0	.
780510	  966.1	  543.7	  335.0	.
780512	  967.4	  542.9	  335.0	.
780514	  965.9	  542.6	  333.0	.
780516	  966.6	  542.1	  332.0	.
780518	  967.1	  541.7	  331.0	.
780520	  967.4	  541.4	  331.0	.
780522	  967.5	  542.3	  331.0	.
780524	  967.6	  542.3	  332.0	.
780526	  966.3	  543.2	  332.0	.
780528	  966.9	  542.2	  332.0	.
780530	  967.4	  542.3	  331.0	.
780532	  966.9	  542.4	  331.0	.
780534	  967.1	  542.6	  330.0	.
780536	  967.2	  542.6	  330.0	.
780538	  967.3	  542.7	  331.0	.
780540	  967.5	  543.2	  332.0	.
780542	  968.2	  543.6	  333.0	.
780544	  967.8	  543.7	  333.0	.
780546	  967.2	  543.8	  333.0	.
780548	  967.8	  543.6	  334.0	.
780550	  967.6	  543.8	  336.0	.
780552	  968.0	  543.6	  336.0	.
780554	  968.0	  544.1	  332.0	.
780556	  967.9	  543.1	  332.0	.
780558	  967.6	  542.3	  331.0	.
780560	  967.1	  542.0	  330.0	.
780562	  966.6	  542.8	  329.0	.
780564	  967.2	  542.5	  329.0	.
780566	  967.0	  542.7	  329.0	.
780568	  966.9	  542.3	  329.0	.
780570	  966.8	  542.0	  329.0	.
780572	  966.0	  541.2	  328.0	.
780574	  966.2	  541.3	  328.0	.
780576	  966.2	  541.4	  327.0	.
780578	  966.2	  541.5	  327.0	.
780580	  966.3	  541.6	  327.0	.
780582	  966.4	  541.8	  327.0	.
780584	  966.1	  541.9	  327.0	.
780586	  965.8	  542.0	  326.0	.
780588	  966.6	  541.7	  326.0	.
780590	  966.4	  541.8	  326.0	.
780592	  966.1	  541.8	  326.0	.
780594	  966.1	  541.5	  326.0	.
780596	  966.0	  540.9	  326.0	.
780598	  965.3	  542.4	  326.0	.
780600	  965.0	  542.8	  326.0	.
780602	  964.7	  543.3	  327.0	.
780604	  964.6	  544.5	  327.0	.
780606	  965.0	  543.9	  329.0	.
780608	  964.8	  543.3	  329.0	.
780610	  965.0	  543.1	  328.0	.
780612	  965.1	  542.8	  327.0	.
780614	  964.5	  543.1	  327.0	.
780616	  964.5	  543.1	  327.0	.
780618	  964.7	  543.4	  327.0	.
780620	  964.9	  543.6	  327.0	.
780622	  965.5	  543.5	  326.0	.
780624	  966.0	  543.4	  326.0	.
780626	  965.6	  543.0	  326.0	.
780628	  965.0	  543.1	  326.0	.
780630	  965.1	  543.6	  326.0	.
780632	  965.3	  542.9	  326.0	.
780634	  965.6	  542.3	  326.0	.
780636	  965.8	  542.0	  326.0	.
780638	  965.8	  541.8	  327.0	.
780640	  965.7	  540.9	  327.0	.
780642	  964.4	  541.9	  328.0	.
780644	  964.3	  541.5	  328.0	.
780646	  964.7	  541.5	  328.0	.
780648	  964.5	  541.4	  328.0	.
780650	  964.4	  541.7	  328.0	.
780652	  965.0	  541.7	  326.0	.
780654	  964.9	  541.9	  326.0	.
780656	  964.8	  542.0	  328.0	.
780658	  965.6	  541.7	  328.0	.
780660	  966.5	  541.5	  328.0	.
780662	  965.6	  541.5	  326.0	.
780664	  965.8	  540.0	  325.0	.
780666	  965.9	  538.5	  324.0	.
780668	  964.9	  537.7	  324.0	.
780670	  965.3	  539.0	  324.0	.
780672	  965.3	  538.4	  324.0	.
780674	  965.5	  539.3	  324.0	.
780676	  965.6	  540.2	  325.0	.
780678	  966.3	  540.0	  325.0	.
780680	  966.5	  540.7	  325.0	.
780682	  966.5	  541.5	  325.0	.
780684	  966.4	  542.2	  325.0	.
780686	  965.8	  542.6	  329.0	.
780688	  966.0	  542.7	  329.0	.
780690	  966.2	  542.1	  327.0	.
780692	  965.0	  543.0	  326.0	.
780694	  964.7	  543.8	  325.0	.
780696	  964.5	  546.0	  325.0	.
780698	  964.6	  547.8	  324.0	.
780700	  964.8	  549.7	  324.0	.
780702	  964.5	  549.4	  324.0	.
780704	  964.2	  549.8	  324.0	.
780706	  964.0	  549.6	  325.0	.
780708	  963.9	  550.5	  325.0	.
780710	  963.8	  550.6	  325.0	.
780712	  964.0	  550.8	  325.0	.
780714	  964.3	  551.1	  325.0	.
780716	  963.3	  551.0	  325.0	.
780718	  962.3	  550.9	  326.0	.
780720	  962.9	  551.6	  325.0	.
780722	  963.5	  552.3	  326.0	.
780724	  962.6	  552.0	  326.0	.
780726	  962.6	  551.9	  327.0	.
780728	  962.0	  551.8	  326.0	.
780730	  962.1	  551.9	  327.0	.
780732	  962.2	  551.9	  326.0	.
780734	  963.0	  551.9	  327.0	.
780736	  964.3	  551.3	  328.0	.
780738	  964.3	  552.6	  330.0	.
780740	  964.8	  551.5	  331.0	.
780742	  964.8	  550.5	  331.0	.
780744	  965.0	  550.0	  329.0	.
780746	  965.4	  549.6	  329.0	.
780748	  965.6	  549.4	  329.0	.
780750	  965.7	  549.6	  328.0	.
780752	  966.1	  548.4	  328.0	.
780754	  966.6	  549.4	  329.0	.
780756	  967.1	  550.3	  330.0	.
780758	  966.9	  549.3	  330.0	.
780760	  967.6	  548.0	  327.0	.
780762	  968.2	  548.2	  327.0	.
780764	  968.7	  547.8	  327.0	.
780766	  968.8	  548.5	  329.0	.
780768	  968.9	  548.5	  329.0	.
780770	  968.1	  548.8	  329.0	.
780772	  968.1	  547.7	  329.0	.
780774	  968.0	  548.1	  329.0	.
780776	  968.6	  548.0	  329.0	.
780778	  968.3	  548.2	  329.0	.
780780	  968.2	  547.8	  327.0	.
780782	  968.2	  549.0	  327.0	.
780784	  967.8	  549.0	  327.0	.
780786	  968.0	  549.1	  327.0	.
780788	  967.4	  549.3	  327.0	.
780790	  966.9	  549.6	  330.0	.
780792	  966.7	  549.7	  330.0	.
780794	  966.6	  549.8	  329.0	.
780796	  966.7	  551.0	  329.0	.
780798	  967.2	  551.5	  329.0	.
780800	  967.8	  552.0	  331.0	.
780802	  969.5	  551.7	  332.0	.
780804	  969.5	  551.7	  332.0	.
780806	  968.2	  552.4	  331.0	.
780808	  966.8	  553.0	  331.0	.
780810	  967.2	  552.9	  331.0	.
780812	  967.6	  552.8	  331.0	.
780814	  967.5	  553.2	  330.0	.
780816	  967.7	  552.8	  330.0	.
780818	  968.0	  552.5	  331.0	.
780820	  967.8	  552.3	  332.0	.
780822	  967.9	  552.5	  332.0	.
780824	  967.4	  552.8	  332.0	.
780826	  966.9	  552.8	  332.0	.
780828	  966.7	  553.3	  332.0	.
780830	  967.0	  553.5	  330.0	.
780832	  965.7	  553.9	  330.0	.
780834	  965.8	  554.3	  330.0	.
780836	  965.6	  554.1	  331.0	.
780838	  966.5	  553.7	  331.0	.
780840	  967.3	  552.5	  332.0	.
780842	  967.1	  552.0	  334.0	.
780844	  967.3	  551.9	  334.0	.
780846	  967.5	  551.6	  334.0	.
780848	  966.2	  551.8	  334.0	.
780850	  965.1	  552.8	  334.0	.
780852	  964.3	  553.2	  334.0	.
780854	  964.5	  553.5	  334.0	.
780856	  964.1	  553.5	  333.0	.
780858	  964.3	  554.2	  333.0	.
780860	  964.3	  553.9	  333.0	.
780862	  964.4	  553.5	  332.0	.
780864	  964.3	  552.2	  333.0	.
780866	  964.3	  552.1	  333.0	.
780868	  964.2	  552.6	  333.0	.
780870	  964.3	  553.0	  334.0	.
780872	  961.8	  555.3	  334.0	.
780874	  962.1	  555.1	  334.0	.
780876	  962.3	  554.9	  334.0	.
780878	  961.8	  554.8	  333.0	.
780880	  961.5	  555.1	  333.0	.
780882	  961.6	  555.2	  333.0	.
780884	  961.5	  555.9	  334.0	.
780886	  961.6	  555.6	  334.0	.
780888	  961.5	  556.1	  334.0	.
780890	  961.0	  556.6	  334.0	.
780892	  960.7	  556.4	  334.0	.
780894	  960.5	  556.2	  334.0	.
780896	  960.4	  555.7	  334.0	.
780898	  960.5	  555.6	  334.0	.
780900	  960.7	  555.0	  334.0	.
780902	  960.7	  554.5	  334.0	.
780904	  961.3	  554.3	  334.0	.
780906	  962.0	  554.2	  335.0	.
780908	  962.0	  551.5	  335.0	.
780910	  962.0	  550.0	  334.0	.
780912	  962.1	  550.0	  334.0	.
780914	  961.2	  550.3	  334.0	.
780916	  960.1	  550.4	  333.0	.
780918	  959.3	  550.6	  333.0	.
780920	  959.1	  550.6	  333.0	.
780922	  959.2	  550.6	  333.0	.
780924	  959.1	  550.1	  333.0	.
780926	  960.3	  549.4	  333.0	.
780928	  960.6	  548.9	  334.0	.
780930	  961.0	  548.5	  334.0	.
780932	  961.5	  548.9	  334.0	.
780934	  961.7	  549.2	  334.0	.
780936	  961.9	  549.4	  334.0	.
780938	  962.4	  550.5	  335.0	.
780940	  962.7	  549.7	  337.0	.
780942	  963.2	  549.5	  337.0	.
780944	  963.2	  549.7	  336.0	.
780946	  962.9	  549.6	  336.0	.
780948	  962.7	  550.0	  335.0	.
780950	  962.8	  550.4	  334.0	.
780952	  963.0	  551.2	  334.0	.
780954	  963.1	  551.7	  334.0	.
780956	  963.4	  552.1	  335.0	.
780958	  963.4	  551.8	  335.0	.
780960	  963.3	  552.2	  333.0	.
780962	  963.1	  551.7	  332.0	.
780964	  964.2	  551.0	  332.0	.
780966	  965.1	  549.4	  332.0	.
780968	  965.4	  549.0	  332.0	.
780970	  965.3	  548.7	  333.0	.
780972	  965.2	  548.8	  333.0	.
780974	  965.2	  548.8	  333.0	.
780976	  965.4	  549.4	  332.0	.
780978	  965.3	  549.6	  332.0	.
780980	  965.0	  549.9	  332.0	.
780982	  964.6	  550.7	  332.0	.
780984	  964.9	  550.7	  330.0	.
780986	  965.0	  550.7	  330.0	.
780988	  965.2	  550.7	  330.0	.
780990	  965.3	  550.3	  331.0	.
780992	  966.4	  549.8	  331.0	.
780994	  966.8	  549.6	  332.0	.
780996	  967.3	  550.4	  332.0	.
780998	  966.9	  551.2	  330.0	.
781000	  966.5	  550.9	  330.0	.
781002	  967.2	  550.6	  330.0	.
781004	  966.7	  550.7	  330.0	.
781006	  966.1	  550.7	  332.0	.
781008	  965.7	  551.7	  332.0	.
781010	  965.3	  552.9	  332.0	.
781012	  964.8	  552.8	  331.0	.
781014	  964.9	  552.6	  331.0	.
781016	  964.3	  552.7	  331.0	.
781018	  964.0	  552.1	  331.0	.
781020	  963.9	  552.0	  331.0	.
781022	  963.8	  551.7	  331.0	.
781024	  963.6	  552.2	  331.0	.
781026	  963.5	  552.1	  331.0	.
781028	  962.9	  552.2	  330.0	.
781030	  962.7	  552.1	  330.0	.
781032	  962.6	  551.8	  330.0	.
781034	  962.6	  552.2	  330.0	.
781036	  962.4	  552.8	  330.0	.
781038	  962.2	  551.9	  330.0	.
781040	  961.3	  552.1	  332.0	.
781042	  961.5	  552.0	  332.0	.
781044	  961.1	  553.1	  332.0	.
781046	  961.8	  556.9	  332.0	.
781048	  960.3	  556.2	  332.0	.
781050	  959.0	  556.4	  332.0	.
781052	  959.9	  555.7	  332.0	.
781054	  959.8	  555.5	  332.0	.
781056	  959.9	  555.4	  331.0	.
781058	  959.2	  554.4	  330.0	.
781060	  959.0	  554.2	  330.0	.
781062	  959.3	  554.6	  330.0	.
781064	  959.4	  553.8	  330.0	.
781066	  961.0	  552.8	  330.0	.
781068	  961.8	  551.9	  330.0	.
781070	  961.0	  551.3	  330.0	.
781072	  961.2	  551.0	  330.0	.
781074	  961.4	  551.7	  330.0	.
781076	  961.4	  552.0	  330.0	.
781078	  962.3	  552.0	  330.0	.
781080	  962.5	  551.3	  330.0	.
781082	  962.7	  550.7	  330.0	.
781084	  962.0	  550.4	  330.0	.
781086	  962.3	  550.0	  330.0	.
781088	  961.6	  548.9	  330.0	.
781090	  962.2	  548.3	  329.0	.
781092	  962.8	  547.7	  328.0	.
781094	  961.8	  546.4	  328.0	.
781096	  961.8	  545.7	  328.0	.
781098	  961.9	  545.7	  328.0	.
781100	  960.9	  545.8	  329.0	.
781102	  961.1	  545.9	  330.0	.
781104	  961.1	  546.0	  330.0	.
781106	  960.9	  546.4	  328.0	.
781108	  961.0	  546.4	  328.0	.
781110	  961.3	  546.7	  328.0	.
781112	  961.4	  547.0	  328.0	.
781114	  961.4	  547.1	  329.0	.
781116	  961.7	  547.0	  329.0	.
781118	  961.6	  547.9	  329.0	.
781120	  961.3	  548.2	  329.0	.
781122	  961.0	  548.4	  329.0	.
781124	  960.5	  548.2	  329.0	.
781126	  960.8	  548.3	  329.0	.
781128	  960.8	  548.2	  329.0	.
781130	  961.0	  548.2	  329.0	.
781132	  961.2	  548.5	  329.0	.
781134	  960.9	  549.1	  329.0	.
781136	  960.9	  548.8	  329.0	.
781138	  961.1	  548.8	  330.0	.
781140	  961.3	  548.9	  330.0	.
781142	  961.5	  549.1	  330.0	.
781144	  961.5	  549.8	  330.0	.
781146	  961.6	  550.0	  331.0	.
781148	  961.5	  549.9	  331.0	.
781150	  961.1	  550.0	  331.0	.
781152	  960.5	  548.9	  331.0	.
781154	  960.1	  549.2	  330.0	.
781156	  960.1	  548.4	  330.0	.
781158	  959.7	  547.8	  330.0	.
781160	  959.1	  546.2	  330.0	.
781162	  958.8	  546.5	  330.0	.
781164	  958.3	  546.6	  330.0	.
781166	  958.4	  547.0	  330.0	.
781168	  958.3	  546.4	  333.0	.
781170	  956.3	  546.2	  333.0	.
781172	  956.4	  546.4	  332.0	.
781174	  956.7	  546.2	  332.0	.
781176	  957.0	  546.5	  332.0	.
781178	  957.1	  546.9	  332.0	.
781180	  956.9	  545.6	  331.0	.
781182	  957.1	  545.1	  331.0	.
781184	  957.2	  545.0	  332.0	.
781186	  957.8	  545.2	  332.0	.
MSG	781187 DSP: STIM
781188	  958.2	  544.8	  332.0	.
781190	  958.8	  545.4	  332.0	.
781192	  958.9	  546.0	  331.0	.
781194	  958.9	  545.7	  331.0	.
781196	  958.4	  545.8	  331.0	.
781198	  958.0	  545.7	  331.0	.
781200	  957.8	  546.5	  331.0	.
781202	  957.8	  547.3	  332.0	.
781204	  957.8	  547.6	  332.0	.
781206	  957.8	  547.8	  333.0	.
781208	  957.9	  548.3	  333.0	.
781210	  958.7	  548.2	  333.0	.
781212	  957.9	  548.3	  333.0	.
781214	  957.6	  547.9	  333.0	.
781216	  957.6	  547.5	  334.0	.
781218	  957.4	  546.9	  335.0	.
781220	  957.5	  546.3	  335.0	.
781222	  957.5	  546.2	  335.0	.
781224	  957.7	  545.7	  334.0	.
781226	  957.3	  546.5	  334.0	.
781228	  958.3	  546.1	  334.0	.
781230	  959.3	  545.9	  334.0	.
781232	  959.0	  545.9	  334.0	.
781234	  959.4	  546.1	  334.0	.
781236	  959.0	  546.0	  335.0	.
781238	  958.8	  547.1	  336.0	.
781240	  958.7	  546.8	  336.0	.
781242	  959.2	  546.9	  336.0	.
781244	  959.4	  546.0	  336.0	.
781246	  959.5	  545.6	  336.0	.
781248	  959.8	  545.2	  337.0	.
781250	  960.0	  545.7	  340.0	.
781252	  960.4	  546.3	  340.0	.
781254	  961.3	  547.4	  339.0	.
781256	  961.4	  547.7	  338.0	.
781258	  961.5	  547.4	  337.0	.
781260	  961.5	  547.6	  337.0	.
781262	  961.3	  547.0	  337.0	.
781264	  961.6	  546.4	  337.0	.
781266	  961.7	  546.1	  337.0	.
781268	  961.2	  546.0	  337.0	.
781270	  960.6	  546.1	  337.0	.
781272	  961.1	  546.3	  337.0	.
781274	  961.1	  546.9	  336.0	.
781276	  961.1	  546.7	  337.0	.
781278	  960.9	  546.4	  338.0	.
781280	  960.5	  546.4	  338.0	.
781282	  959.9	  546.3	  338.0	.
781284	  960.3	  545.5	  339.0	.
781286	  960.6	  545.4	  338.0	.
781288	  960.7	  545.8	  338.0	.
781290	  960.6	  545.5	  339.0	.
781292	  960.7	  546.1	  340.0	.
781294	  960.9	  545.3	  340.0	.
781296	  961.3	  545.7	  339.0	.
781298	  961.4	  546.1	  339.0	.
781300	  961.2	  545.7	  339.0	.
781302	  960.9	  546.0	  339.0	.
781304	  961.2	  546.1	  339.0	.
781306	  960.6	  546.1	  339.0	.
781308	  960.0	  543.4	  339.0	.
781310	  959.3	  543.3	  340.0	.
781312	  959.3	  544.4	  341.0	.
781314	  959.2	  544.7	  343.0	.
781316	  959.1	  544.9	  343.0	.
781318	  959.1	  544.6	  342.0	.
781320	  959.0	  544.6	  342.0	.
781322	  960.1	  544.4	  342.0	.
781324	  960.5	  544.2	  342.0	.
781326	  960.5	  544.2	  343.0	.
781328	  960.0	  543.3	  343.0	.
781330	  959.4	  542.4	  342.0	.
781332	  959.3	  542.6	  342.0	.
781334	  959.1	  542.8	  341.0	.
781336	  958.4	  542.9	  341.0	.
EFIX L   778014	781336	3324	  968.2	  547.4	    340
SSACC L  781338
781338	  949.7	  544.6	  342.0	.
781340	  942.6	  544.9	  343.0	.
781342	  931.3	  546.0	  343.0	.
781344	  909.5	  547.7	  344.0	.
781346	  880.2	  551.0	  345.0	.
781348	  849.8	  554.3	  346.0	.
781350	  821.5	  557.2	  346.0	.
781352	  789.5	  560.0	  346.0	.
781354	  756.0	  562.7	  347.0	.
781356	  719.4	  567.1	  348.0	.
781358	  689.2	  569.4	  348.0	.
781360	  651.6	  572.2	  347.0	.
781362	  621.0	  574.3	  347.0	.
781364	  588.2	  576.3	  347.0	.
781366	  557.0	  577.2	  346.0	.
781368	  531.6	  578.4	  345.0	.
781370	  504.6	  579.5	  344.0	.
781372	  481.8	  581.7	  344.0	.
781374	  468.0	  582.1	  344.0	.
781376	  450.6	  582.6	  344.0	.
781378	  442.3	  582.8	  345.0	.
781380	  442.1	  582.6	  345.0	.
781382	  441.1	  581.4	  345.0	.
781384	  441.4	  580.8	  346.0	.
ESACC L  781338	781384	48	  949.7	  544.6	  441.1	  581.4	  12.43	    407
SFIX L   781386
781386	  441.4	  580.3	  348.0	.
781388	  441.7	  581.1	  348.0	.
781390	  441.9	  581.3	  348.0	.
781392	  441.6	  581.6	  350.0	.
781394	  441.5	  582.3	  350.0	.
781396	  441.7	  583.0	  350.0	.
781398	  441.7	  582.4	  349.0	.
781400	  441.3	  582.3	  349.0	.
781402	  441.5	  582.6	  349.0	.
781404	  441.4	  582.4	  350.0	.
781406	  441.8	  582.7	  350.0	.
781408	  442.1	  582.9	  350.0	.
781410	  442.2	  582.9	  350.0	.
781412	  442.2	  583.0	  350.0	.
781414	  442.9	  582.8	  350.0	.
781416	  442.7	  582.9	  351.0	.
781418	  442.8	  583.0	  351.0	.
781420	  442.6	  583.4	  351.0	.
781422	  442.3	  583.8	  351.0	.
781424	  442.5	  583.9	  351.0	.
781426	  441.8	  584.1	  350.0	.
781428	  442.0	  583.4	  350.0	.
781430	  441.7	  583.2	  350.0	.
781432	  442.0	  582.9	  350.0	.
781434	  442.0	  582.3	  350.0	.
781436	  442.1	  582.1	  351.0	.
781438	  442.1	  581.8	  352.0	.
781440	  442.0	  581.1	  352.0	.
781442	  442.5	  580.3	  354.0	.
781444	  442.6	  579.4	  354.0	.
781446	  442.6	  578.8	  354.0	.
781448	  442.6	  578.9	  351.0	.
781450	  442.5	  578.5	  351.0	.
781452	  442.5	  578.6	  350.0	.
781454	  442.1	  578.4	  350.0	.
781456	  442.7	  578.2	  350.0	.
781458	  442.6	  577.8	  350.0	.
781460	  442.7	  578.1	  351.0	.
781462	  442.7	  577.2	  352.0	.
781464	  442.7	  577.1	  352.0	.
781466	  442.6	  577.3	  352.0	.
781468	  443.4	  576.4	  352.0	.
781470	  443.5	  576.9	  352.0	.
781472	  443.4	  576.8	  352.0	.
781474	  443.3	  576.7	  352.0	.
781476	  442.8	  578.0	  353.0	.
781478	  442.9	  579.3	  353.0	.
781480	  442.5	  579.3	  354.0	.
781482	  442.1	  579.3	  354.0	.
781484	  442.0	  579.4	  354.0	.
781486	  442.0	  579.3	  354.0	.
781488	  442.0	  579.0	  354.0	.
781490	  442.0	  579.0	  353.0	.
781492	  441.9	  578.8	  353.0	.
781494	  441.8	  579.3	  353.0	.
781496	  441.6	  579.6	  353.0	.
781498	  441.6	  581.0	  353.0	.
781500	  440.8	  581.1	  354.0	.
781502	  440.0	  581.3	  354.0	.
781504	  439.5	  581.4	  354.0	.
781506	  440.0	  581.6	  357.0	.
781508	  439.2	  581.7	  357.0	.
781510	  438.6	  584.4	  356.0	.
781512	  438.0	  584.5	  355.0	.
781514	  437.4	  584.8	  355.0	.
781516	  437.4	  584.5	  355.0	.
781518	  437.4	  584.9	  356.0	.
781520	  438.0	  585.2	  356.0	.
781522	  438.9	  586.1	  356.0	.
781524	  438.8	  586.3	  356.0	.
781526	  439.1	  586.1	  356.0	.
781528	  439.1	  586.1	  355.0	.
781530	  438.7	  585.5	  355.0	.
781532	  439.5	  585.5	  355.0	.
781534	  439.3	  586.5	  355.0	.
781536	  439.4	  587.6	  355.0	.
781538	  439.2	  587.8	  356.0	.
781540	  439.2	  587.6	  356.0	.
781542	  438.9	  587.4	  356.0	.
781544	  439.3	  587.0	  356.0	.
781546	  438.8	  586.6	  356.0	.
781548	  438.5	  586.3	  356.0	.
781550	  437.9	  586.3	  356.0	.
781552	  437.8	  586.3	  356.0	.
781554	  437.6	  586.9	  356.0	.
781556	  437.6	  586.8	  356.0	.
781558	  438.2	  586.7	  356.0	.
781560	  438.3	  584.9	  358.0	.
781562	  438.2	  584.2	  358.0	.
781564	  437.8	  584.1	  355.0	.
781566	  437.7	  584.2	  355.0	.
781568	  437.3	  584.2	  355.0	.
781570	  437.7	  584.3	  355.0	.
781572	  438.4	  584.3	  355.0	.
781574	  438.8	  583.8	  355.0	.
781576	  439.4	  583.3	  356.0	.
781578	  440.8	  583.4	  356.0	.
781580	  440.8	  583.5	  356.0	.
781582	  440.7	  583.2	  356.0	.
781584	  441.3	  583.3	  356.0	.
781586	  441.0	  583.4	  355.0	.
781588	  440.9	  583.4	  355.0	.
781590	  440.5	  583.5	  355.0	.
781592	  440.9	  582.7	  355.0	.
781594	  441.2	  583.0	  355.0	.
781596	  441.4	  582.8	  356.0	.
EFIX L   781386	781596	212	  440.8	  582.5	    353
SSACC L  781598
781598	  441.5	  582.9	  357.0	.
781600	  444.6	  582.8	  359.0	.
781602	  454.9	  582.7	  359.0	.
781604	  470.0	  582.4	  361.0	.
781606	  497.2	  587.4	  361.0	.
781608	  536.9	  587.0	  362.0	.
781610	  571.8	  589.2	  363.0	.
781612	  615.5	  596.1	  364.0	.
781614	  660.5	  599.5	  365.0	.
781616	  708.8	  603.4	  366.0	.
781618	  764.4	  604.3	  366.0	.
781620	  813.7	  616.6	  366.0	.
781622	  865.7	  628.4	  364.0	.
781624	  923.1	  625.5	  362.0	.
781626	  982.1	  632.9	  362.0	.
781628	 1032.2	  628.8	  362.0	.
781630	 1087.7	  633.5	  363.0	.
781632	 1139.2	  634.6	  365.0	.
781634	 1198.1	  636.3	  364.0	.
781636	 1250.9	  630.4	  364.0	.
781638	 1302.6	  637.3	  364.0	.
781640	 1351.7	  631.9	  363.0	.
781642	 1401.3	  645.5	  358.0	.
781644	 1445.7	  651.5	  353.0	.
781646	 1485.9	  647.2	  353.0	.
781648	 1531.7	  650.4	  352.0	.
781650	 1559.8	  643.9	  352.0	.
781652	 1587.9	  652.1	  352.0	.
781654	 1606.4	  646.6	  352.0	.
781656	 1628.7	  642.2	  351.0	.
781658	 1627.5	  641.9	  351.0	.
781660	 1626.3	  641.7	  352.0	.
781662	 1622.4	  640.7	  353.0	.
781664	 1621.2	  639.9	  357.0	.
ESACC L  781598	781664	68	  441.5	  582.9	 1622.4	  640.7	  27.93	    695
SFIX L   781666
781666	 1616.1	  640.8	  357.0	.
781668	 1614.6	  638.4	  357.0	.
781670	 1614.6	  638.3	  357.0	.
781672	 1614.8	  638.3	  357.0	.
781674	 1616.2	  638.8	  357.0	.
781676	 1616.9	  640.2	  357.0	.
781678	 1620.4	  640.8	  356.0	.
781680	 1623.3	  640.5	  353.0	.
781682	 1624.5	  640.4	  351.0	.
781684	 1625.0	  640.5	  351.0	.
781686	 1625.0	  639.6	  351.0	.
781688	 1624.2	  638.9	  349.0	.
781690	 1623.2	  637.1	  349.0	.
781692	 1621.7	  637.7	  349.0	.
781694	 1621.3	  636.1	  352.0	.
781696	 1621.1	  634.4	  352.0	.
781698	 1620.4	  633.8	  352.0	.
781700	 1617.7	  633.9	  352.0	.
781702	 1616.9	  633.3	  352.0	.
781704	 1616.3	  633.1	  353.0	.
781706	 1616.2	  632.7	  352.0	.
781708	 1615.9	  630.5	  352.0	.
781710	 1613.0	  629.1	  351.0	.
781712	 1612.2	  629.2	  351.0	.
781714	 1612.2	  629.0	  352.0	.
781716	 1612.2	  628.0	  351.0	.
781718	 1612.4	  627.9	  352.0	.
781720	 1612.7	  627.8	  352.0	.
781722	 1611.9	  627.4	  352.0	.
781724	 1611.2	  626.9	  352.0	.
781726	 1610.7	  626.3	  351.0	.
781728	 1610.5	  626.2	  351.0	.
781730	 1610.9	  626.2	  352.0	.
781732	 1610.6	  626.5	  352.0	.
781734	 1610.1	  626.5	  352.0	.
781736	 1610.4	  626.3	  352.0	.
781738	 1610.5	  626.9	  353.0	.
781740	 1610.1	  627.3	  353.0	.
781742	 1610.0	  627.6	  353.0	.
781744	 1610.0	  627.7	  353.0	.
781746	 1610.3	  627.6	  354.0	.
781748	 1609.8	  629.9	  356.0	.
781750	 1609.1	  632.1	  356.0	.
781752	 1609.4	  633.7	  356.0	.
781754	 1608.6	  633.9	  357.0	.
781756	 1608.4	  634.0	  357.0	.
781758	 1608.3	  634.6	  357.0	.
781760	 1608.2	  633.7	  357.0	.
781762	 1608.3	  633.5	  357.0	.
781764	 1608.0	  633.2	  357.0	.
781766	 1608.2	  633.2	  358.0	.
781768	 1608.6	  633.5	  358.0	.
781770	 1608.1	  634.5	  358.0	.
781772	 1607.8	  635.0	  360.0	.
781774	 1607.6	  635.2	  360.0	.
781776	 1607.7	  634.3	  360.0	.
781778	 1607.8	  634.1	  360.0	.
781780	 1607.8	  634.3	  360.0	.
781782	 1607.7	  634.0	  358.0	.
781784	 1607.6	  633.5	  357.0	.
781786	 1607.5	  632.7	  355.0	.
781788	 1606.8	  632.7	  355.0	.
781790	 1606.8	  632.2	  355.0	.
781792	 1606.6	  631.4	  355.0	.
781794	 1606.3	  631.3	  355.0	.
781796	 1606.5	  630.5	  355.0	.
781798	 1604.9	  630.1	  355.0	.
781800	 1604.3	  629.6	  355.0	.
781802	 1604.0	  628.9	  355.0	.
781804	 1603.9	  628.3	  356.0	.
781806	 1603.0	  628.3	  356.0	.
781808	 1602.9	  628.1	  356.0	.
781810	 1602.3	  624.8	  356.0	.
781812	 1602.6	  624.6	  356.0	.
781814	 1602.8	  624.2	  356.0	.
781816	 1602.3	  622.1	  356.0	.
781818	 1602.0	  623.4	  356.0	.
781820	 1600.6	  622.8	  356.0	.
781822	 1600.7	  623.9	  356.0	.
781824	 1600.7	  624.4	  356.0	.
781826	 1600.6	  624.5	  357.0	.
781828	 1601.0	  624.3	  357.0	.
781830	 1600.1	  624.4	  358.0	.
781832	 1599.3	  624.4	  358.0	.
EFIX L   781666	781832	168	 1610.5	  631.4	    354
SSACC L  781834
781834	 1597.2	  623.2	  359.0	.
781836	 1592.9	  621.1	  360.0	.
781838	 1584.3	  618.0	  360.0	.
781840	 1581.1	  618.6	  360.0	.
ESACC L  781834	781840	8	 1597.2	  623.2	 1584.3	  618.0	   0.34	     65
SFIX L   781842
781842	 1575.9	  619.1	  361.0	.
781844	 1574.8	  619.3	  362.0	.
781846	 1573.8	  619.8	  362.0	.
781848	 1574.3	  619.9	  362.0	.
781850	 1574.4	  620.7	  362.0	.
781852	 1574.2	  619.7	  363.0	.
781854	 1574.2	  618.7	  363.0	.
781856	 1573.4	  618.7	  360.0	.
781858	 1572.7	  619.2	  359.0	.
781860	 1571.1	  619.9	  359.0	.
781862	 1570.5	  619.9	  359.0	.
781864	 1571.9	  619.7	  358.0	.
781866	 1572.1	  619.4	  358.0	.
781868	 1572.2	  619.3	  358.0	.
781870	 1571.8	  619.5	  358.0	.
781872	 1572.2	  619.2	  358.0	.
781874	 1571.9	  619.1	  358.0	.
781876	 1572.1	  618.3	  358.0	.
781878	 1572.3	  616.7	  358.0	.
781880	 1572.6	  617.0	  358.0	.
781882	 1572.5	  616.6	  358.0	.
781884	 1572.3	  616.2	  357.0	.
781886	 1570.8	  615.3	  357.0	.
781888	 1571.3	  615.1	  357.0	.
781890	 1571.3	  615.2	  358.0	.
781892	 1571.3	  615.1	  358.0	.
781894	 1569.9	  615.4	  358.0	.
781896	 1569.2	  615.9	  357.0	.
781898	 1568.5	  615.7	  356.0	.
781900	 1568.1	  615.3	  356.0	.
781902	 1567.8	  614.1	  355.0	.
781904	 1567.6	  614.2	  355.0	.
781906	 1566.8	  616.5	  356.0	.
781908	 1566.7	  617.3	  357.0	.
781910	 1566.7	  617.4	  356.0	.
781912	 1566.1	  617.7	  357.0	.
781914	 1566.0	  617.4	  357.0	.
781916	 1566.1	  617.2	  358.0	.
781918	 1566.3	  617.2	  358.0	.
781920	 1566.4	  617.6	  358.0	.
781922	 1566.3	  617.3	  357.0	.
781924	 1566.5	  617.7	  357.0	.
781926	 1565.9	  618.1	  357.0	.
781928	 1565.2	  618.3	  356.0	.
781930	 1564.9	  618.4	  356.0	.
781932	 1564.5	  618.1	  356.0	.
781934	 1565.3	  617.6	  356.0	.
781936	 1565.1	  612.8	  356.0	.
781938	 1565.1	  611.8	  355.0	.
781940	 1565.0	  611.5	  355.0	.
781942	 1565.8	  612.2	  356.0	.
781944	 1565.5	  613.1	  356.0	.
781946	 1565.3	  612.7	  356.0	.
781948	 1564.9	  613.1	  355.0	.
781950	 1564.6	  613.6	  355.0	.
781952	 1563.3	  611.2	  355.0	.
781954	 1562.8	  608.6	  355.0	.
781956	 1563.6	  607.0	  354.0	.
781958	 1564.7	  608.1	  353.0	.
781960	 1564.9	  606.7	  353.0	.
781962	 1565.1	  606.2	  352.0	.
781964	 1565.3	  606.1	  352.0	.
781966	 1566.0	  605.8	  354.0	.
781968	 1565.6	  605.4	  354.0	.
781970	 1566.0	  605.7	  353.0	.
781972	 1566.2	  605.1	  352.0	.
781974	 1566.0	  604.6	  352.0	.
781976	 1567.1	  605.9	  351.0	.
781978	 1568.0	  604.6	  350.0	.
781980	 1568.6	  605.0	  350.0	.
781982	 1569.1	  605.5	  349.0	.
781984	 1568.4	  604.6	  349.0	.
781986	 1568.6	  603.5	  349.0	.
781988	 1569.1	  604.8	  349.0	.
781990	 1568.7	  605.2	  349.0	.
781992	 1568.4	  605.6	  349.0	.
781994	 1568.5	  605.8	  348.0	.
781996	 1568.3	  605.4	  347.0	.
781998	 1568.4	  606.1	  347.0	.
782000	 1568.4	  606.8	  347.0	.
782002	 1568.3	  605.6	  347.0	.
782004	 1568.3	  604.5	  347.0	.
782006	 1568.4	  604.6	  346.0	.
782008	 1568.4	  604.6	  345.0	.
782010	 1567.4	  604.8	  345.0	.
782012	 1567.5	  607.2	  345.0	.
782014	 1567.2	  606.8	  345.0	.
782016	 1566.1	  607.3	  344.0	.
EFIX L   781842	782016	176	 1568.5	  612.9	    354
SSACC L  782018
782018	 1564.8	  606.6	  343.0	.
782020	 1558.7	  607.4	  343.0	.
782022	 1541.6	  610.4	  343.0	.
782024	 1526.8	  610.3	  344.0	.
782026	 1490.5	  614.8	  344.0	.
782028	 1457.0	  619.3	  349.0	.
782030	 1407.3	  616.4	  358.0	.
782032	 1364.0	  619.7	  364.0	.
782034	 1311.2	  622.6	  364.0	.
782036	 1266.8	  625.0	  364.0	.
782038	 1211.2	  624.1	  364.0	.
782040	 1157.5	  616.0	  364.0	.
782042	 1109.2	  611.8	  363.0	.
782044	 1059.0	  612.7	  361.0	.
782046	 1001.7	  612.5	  360.0	.
782048	  955.4	  607.2	  360.0	.
782050	  898.1	  599.8	  360.0	.
782052	  850.4	  593.6	  359.0	.
782054	  797.5	  592.4	  359.0	.
782056	  749.7	  590.1	  358.0	.
782058	  702.5	  591.8	  358.0	.
782060	  655.9	  590.7	  356.0	.
782062	  617.1	  592.0	  356.0	.
782064	  581.0	  590.3	  354.0	.
782066	  547.8	  588.6	  354.0	.
782068	  513.0	  586.8	  354.0	.
782070	  486.0	  588.6	  354.0	.
782072	  458.6	  592.6	  354.0	.
782074	  444.5	  594.1	  354.0	.
782076	  428.5	  594.9	  357.0	.
782078	  427.1	  595.0	  356.0	.
782080	  425.9	  593.6	  357.0	.
ESACC L  782018	782080	64	 1564.8	  606.6	  427.1	  595.0	  27.03	    659
SFIX L   782082
782082	  426.4	  592.2	  356.0	.
782084	  427.1	  592.4	  356.0	.
782086	  426.5	  592.1	  356.0	.
782088	  426.0	  592.1	  356.0	.
782090	  426.3	  592.2	  356.0	.
782092	  426.8	  592.3	  355.0	.
782094	  427.0	  594.6	  353.0	.
782096	  427.3	  596.8	  353.0	.
782098	  428.0	  598.0	  352.0	.
782100	  428.8	  597.7	  352.0	.
782102	  429.3	  598.4	  352.0	.
782104	  430.0	  598.7	  352.0	.
782106	  429.9	  599.0	  352.0	.
782108	  429.9	  598.1	  352.0	.
782110	  429.3	  598.6	  352.0	.
782112	  428.9	  599.0	  352.0	.
782114	  428.1	  598.5	  351.0	.
782116	  428.5	  598.0	  351.0	.
782118	  428.2	  598.0	  351.0	.
782120	  428.0	  598.3	  350.0	.
782122	  427.1	  598.2	  349.0	.
782124	  427.0	  598.5	  349.0	.
782126	  427.2	  598.3	  350.0	.
782128	  427.2	  598.1	  350.0	.
782130	  427.1	  598.1	  350.0	.
782132	  426.7	  598.1	  349.0	.
782134	  426.5	  597.7	  349.0	.
782136	  426.5	  597.7	  349.0	.
782138	  426.7	  597.1	  349.0	.
782140	  426.6	  596.4	  350.0	.
782142	  426.5	  596.1	  350.0	.
782144	  426.1	  595.7	  350.0	.
782146	  424.8	  595.9	  350.0	.
782148	  424.9	  594.9	  349.0	.
782150	  425.0	  593.9	  349.0	.
782152	  424.2	  593.9	  349.0	.
782154	  423.5	  594.0	  349.0	.
782156	  423.2	  594.0	  350.0	.
782158	  423.1	  594.1	  350.0	.
782160	  422.9	  593.5	  351.0	.
782162	  422.8	  593.0	  351.0	.
782164	  422.6	  591.8	  351.0	.
782166	  421.6	  591.6	  351.0	.
782168	  421.9	  591.6	  351.0	.
782170	  421.6	  591.4	  352.0	.
782172	  421.7	  591.1	  352.0	.
782174	  421.7	  590.8	  352.0	.
782176	  421.1	  590.5	  352.0	.
782178	  420.9	  589.7	  352.0	.
782180	  420.8	  589.6	  350.0	.
782182	  420.1	  589.7	  350.0	.
782184	  419.8	  589.8	  350.0	.
782186	  419.7	  590.0	  351.0	.
782188	  419.7	  590.5	  351.0	.
782190	  419.1	  590.4	  351.0	.
782192	  418.4	  590.2	  351.0	.
782194	  416.6	  590.3	  350.0	.
782196	  417.1	  590.2	  350.0	.
782198	  417.8	  589.3	  349.0	.
782200	  417.5	  588.4	  349.0	.
782202	  417.5	  588.1	  349.0	.
782204	  416.5	  588.4	  349.0	.
782206	  416.1	  587.9	  350.0	.
782208	  416.0	  587.6	  352.0	.
782210	  416.1	  587.5	  352.0	.
782212	  416.1	  587.4	  352.0	.
782214	  415.7	  587.3	  352.0	.
782216	  415.5	  588.0	  352.0	.
782218	  415.4	  588.6	  352.0	.
782220	  415.0	  588.6	  352.0	.
782222	  414.7	  588.6	  352.0	.
782224	  414.1	  588.6	  352.0	.
782226	  413.7	  588.7	  352.0	.
782228	  413.5	  587.9	  353.0	.
782230	  413.4	  587.1	  354.0	.
782232	  412.9	  587.3	  353.0	.
782234	  413.0	  587.3	  353.0	.
782236	  412.8	  587.7	  353.0	.
782238	  412.9	  588.1	  353.0	.
782240	  412.8	  588.2	  353.0	.
782242	  411.9	  589.0	  353.0	.
782244	  411.6	  589.5	  353.0	.
782246	  411.5	  589.6	  353.0	.
782248	  411.8	  589.8	  353.0	.
782250	  411.5	  590.2	  352.0	.
782252	  411.1	  590.4	  352.0	.
782254	  410.2	  590.6	  353.0	.
782256	  410.1	  590.6	  353.0	.
782258	  410.6	  590.3	  353.0	.
782260	  409.8	  590.3	  353.0	.
782262	  410.0	  590.4	  354.0	.
782264	  409.9	  589.7	  354.0	.
782266	  408.3	  589.8	  354.0	.
782268	  408.9	  589.8	  354.0	.
782270	  409.2	  590.1	  354.0	.
782272	  409.3	  590.4	  353.0	.
782274	  409.9	  590.7	  353.0	.
782276	  409.4	  591.0	  352.0	.
782278	  408.9	  590.8	  352.0	.
782280	  408.6	  591.1	  352.0	.
782282	  408.3	  591.4	  352.0	.
782284	  407.9	  592.4	  352.0	.
782286	  408.8	  592.4	  352.0	.
782288	  409.0	  591.8	  352.0	.
782290	  409.1	  591.2	  353.0	.
782292	  409.2	  591.3	  353.0	.
782294	  409.3	  591.3	  353.0	.
782296	  409.3	  590.8	  353.0	.
782298	  410.2	  590.8	  353.0	.
782300	  410.0	  590.3	  353.0	.
782302	  411.2	  589.8	  354.0	.
782304	  411.8	  590.1	  354.0	.
782306	  411.9	  589.6	  354.0	.
782308	  412.1	  589.3	  355.0	.
782310	  411.8	  589.1	  355.0	.
782312	  412.2	  589.2	  355.0	.
782314	  412.4	  588.6	  356.0	.
782316	  412.8	  588.0	  356.0	.
782318	  412.8	  588.1	  356.0	.
782320	  412.6	  588.1	  356.0	.
782322	  413.1	  588.1	  356.0	.
782324	  413.2	  588.1	  356.0	.
782326	  413.3	  587.8	  356.0	.
782328	  413.0	  587.4	  356.0	.
782330	  412.7	  587.4	  357.0	.
782332	  412.7	  587.4	  357.0	.
782334	  412.7	  586.6	  360.0	.
782336	  412.2	  587.2	  360.0	.
782338	  412.5	  587.5	  358.0	.
782340	  412.8	  587.5	  358.0	.
782342	  412.5	  587.8	  358.0	.
782344	  412.9	  588.0	  359.0	.
782346	  412.6	  587.3	  360.0	.
782348	  412.3	  586.6	  360.0	.
782350	  412.5	  585.0	  360.0	.
782352	  413.0	  586.1	  360.0	.
782354	  412.6	  587.2	  360.0	.
782356	  412.6	  587.7	  360.0	.
782358	  412.6	  588.2	  359.0	.
782360	  412.6	  589.4	  359.0	.
782362	  412.5	  589.1	  359.0	.
782364	  412.5	  589.7	  359.0	.
782366	  412.4	  590.1	  359.0	.
782368	  413.9	  589.6	  359.0	.
782370	  413.6	  590.7	  359.0	.
782372	  413.5	  591.0	  358.0	.
782374	  413.3	  590.9	  358.0	.
782376	  412.3	  591.2	  358.0	.
782378	  411.8	  591.4	  358.0	.
782380	  411.9	  591.0	  358.0	.
782382	  411.7	  590.8	  358.0	.
782384	  411.6	  590.7	  358.0	.
782386	  411.5	  589.5	  358.0	.
782388	  411.6	  589.1	  358.0	.
782390	  410.6	  589.3	  358.0	.
782392	  410.5	  588.6	  359.0	.
782394	  410.4	  587.8	  359.0	.
782396	  410.8	  587.4	  359.0	.
782398	  410.9	  587.0	  360.0	.
782400	  410.8	  587.1	  362.0	.
782402	  410.7	  587.0	  362.0	.
782404	  409.9	  587.1	  362.0	.
782406	  409.1	  587.0	  362.0	.
782408	  408.9	  586.8	  362.0	.
782410	  408.6	  586.5	  362.0	.
782412	  408.7	  585.3	  362.0	.
782414	  407.7	  584.1	  361.0	.
782416	  408.8	  584.0	  361.0	.
782418	  408.0	  584.0	  361.0	.
782420	  407.2	  583.6	  361.0	.
782422	  406.9	  584.5	  362.0	.
782424	  406.5	  584.2	  362.0	.
782426	  406.6	  585.2	  362.0	.
782428	  406.7	  586.2	  363.0	.
782430	  406.9	  586.0	  364.0	.
782432	  407.0	  586.7	  364.0	.
782434	  407.1	  587.4	  365.0	.
782436	  407.2	  589.0	  365.0	.
782438	  407.3	  588.5	  366.0	.
782440	  407.4	  588.1	  366.0	.
782442	  407.9	  588.2	  366.0	.
782444	  407.8	  588.3	  365.0	.
782446	  407.7	  588.2	  365.0	.
782448	  408.3	  588.7	  365.0	.
782450	  407.7	  588.3	  365.0	.
782452	  407.2	  588.4	  366.0	.
782454	  406.7	  588.1	  366.0	.
782456	  406.6	  587.9	  365.0	.
782458	  406.7	  587.2	  366.0	.
782460	  406.8	  587.9	  366.0	.
782462	  407.0	  587.8	  366.0	.
782464	  407.1	  587.6	  366.0	.
782466	  407.1	  587.8	  366.0	.
782468	  408.0	  587.6	  366.0	.
782470	  408.8	  587.5	  366.0	.
782472	  409.1	  586.1	  366.0	.
782474	  408.6	  584.6	  366.0	.
782476	  408.2	  585.4	  366.0	.
782478	  408.9	  585.8	  366.0	.
782480	  409.6	  586.6	  367.0	.
782482	  409.6	  585.9	  367.0	.
782484	  409.6	  585.4	  368.0	.
782486	  409.0	  584.0	  368.0	.
782488	  409.4	  583.9	  368.0	.
782490	  409.8	  583.9	  368.0	.
782492	  409.5	  584.0	  368.0	.
782494	  409.3	  585.8	  369.0	.
782496	  409.4	  585.8	  369.0	.
782498	  409.6	  585.6	  369.0	.
782500	  409.5	  584.8	  369.0	.
782502	  409.6	  584.5	  371.0	.
782504	  409.1	  584.9	  371.0	.
782506	  408.1	  584.8	  370.0	.
782508	  408.3	  584.7	  370.0	.
782510	  408.4	  584.7	  370.0	.
MSG	782512 TRIAL 3 END
