MSG	852297 TRIAL 11 START
MSG	853488 DRIFTCORRECT L LEFT  at 960,540  OFFSET 0.46 deg.  14.9,-9.2 pix.
MSG	854237 RECCFG P 500 2 1 
MSG	854237 GAZE_COORDS 0.00 0.00 1919.00 1079.00
START	854238 	LEFT	SAMPLES	EVENTS
PRESCALER	1
VPRESCALER	1
PUPIL	AREA
EVENTS	GAZE	LEFT	RATE	 500.00	TRACKING	P	FILTER	2
SAMPLES	GAZE	LEFT	RATE	 500.00	TRACKING	P	FILTER	2
MSG	854238 !MODE RECORD P 500 2 1
854238	  934.9	  533.4	  450.0	.
854240	  934.8	  535.2	  450.0	.
854242	  935.2	  535.1	  450.0	.
854244	  935.7	  534.3	  449.0	.
SFIX L   854246
854246	  935.7	  533.6	  449.0	.
854248	  935.9	  534.2	  449.0	.
854250	  936.1	  532.7	  449.0	.
854252	  936.0	  532.8	  448.0	.
854254	  936.2	  532.5	  448.0	.
854256	  936.1	  532.1	  448.0	.
854258	  936.2	  534.2	  448.0	.
854260	  936.3	  534.2	  448.0	.
854262	  936.0	  534.4	  448.0	.
854264	  936.1	  536.0	  448.0	.
854266	  936.2	  536.0	  448.0	.
854268	  936.3	  535.3	  447.0	.
854270	  936.7	  536.3	  447.0	.
854272	  937.1	  536.5	  447.0	.
854274	  937.6	  536.4	  447.0	.
854276	  937.3	  536.6	  449.0	.
854278	  937.0	  536.2	  449.0	.
854280	  937.4	  535.6	  449.0	.
854282	  937.9	  535.6	  450.0	.
854284	  938.5	  534.6	  451.0	.
854286	  938.7	  533.7	  451.0	.
854288	  938.9	  534.7	  451.0	.
854290	  939.0	  535.8	  451.0	.
854292	  939.5	  534.2	  451.0	.
854294	  939.7	  535.8	  451.0	.
854296	  939.8	  537.3	  451.0	.
854298	  939.4	  536.3	  451.0	.
854300	  938.9	  535.3	  452.0	.
854302	  938.8	  536.4	  452.0	.
854304	  938.6	  537.5	  452.0	.
854306	  938.3	  537.4	  451.0	.
854308	  938.2	  537.2	  450.0	.
854310	  938.6	  537.1	  450.0	.
854312	  938.4	  537.0	  451.0	.
854314	  939.0	  536.8	  452.0	.
854316	  939.4	  536.6	  453.0	.
854318	  939.8	  538.5	  453.0	.
854320	  940.1	  540.3	  451.0	.
854322	  940.7	  541.5	  449.0	.
854324	  940.5	  541.3	  449.0	.
854326	  940.5	  541.2	  450.0	.
854328	  940.2	  541.2	  451.0	.
854330	  940.7	  540.7	  451.0	.
854332	  940.7	  540.3	  451.0	.
854334	  940.8	  539.4	  451.0	.
854336	  940.6	  537.9	  451.0	.
854338	  942.8	  537.9	  452.0	.
854340	  941.4	  537.5	  454.0	.
854342	  941.0	  538.6	  454.0	.
854344	  940.3	  538.4	  454.0	.
854346	  940.1	  538.1	  454.0	.
MSG	854348 Start Recording with 0
MSG	854348 SYNCTIME
854348	  939.9	  538.0	  454.0	.
854350	  940.6	  537.7	  453.0	.
MSG	854352 DSP: FIXATION
854352	  940.2	  535.9	  453.0	.
854354	  940.3	  536.8	  453.0	.
854356	  940.1	  536.3	  452.0	.
854358	  940.3	  535.6	  451.0	.
854360	  940.5	  535.9	  451.0	.
854362	  940.3	  536.3	  451.0	.
854364	  940.0	  536.3	  452.0	.
854366	  940.4	  537.7	  452.0	.
854368	  940.3	  537.0	  452.0	.
854370	  940.3	  536.3	  453.0	.
854372	  940.3	  536.1	  454.0	.
854374	  940.3	  535.8	  454.0	.
854376	  940.0	  535.8	  454.0	.
854378	  940.6	  537.7	  455.0	.
854380	  940.6	  538.0	  455.0	.
854382	  940.5	  537.5	  454.0	.
854384	  941.1	  538.9	  453.0	.
854386	  940.7	  538.9	  453.0	.
854388	  940.1	  539.0	  453.0	.
854390	  940.0	  537.3	  453.0	.
854392	  939.9	  536.8	  454.0	.
854394	  940.5	  536.6	  454.0	.
854396	  941.0	  536.6	  454.0	.
854398	  940.6	  535.6	  454.0	.
854400	  940.6	  535.3	  454.0	.
854402	  940.6	  535.1	  454.0	.
854404	  941.0	  535.2	  454.0	.
854406	  940.9	  535.2	  453.0	.
854408	  940.8	  535.4	  453.0	.
854410	  940.8	  536.5	  452.0	.
854412	  940.9	  535.2	  453.0	.
854414	  940.5	  535.2	  454.0	.
854416	  941.3	  535.7	  454.0	.
854418	  940.8	  535.9	  454.0	.
854420	  941.0	  536.0	  455.0	.
854422	  941.1	  536.6	  456.0	.
854424	  941.1	  537.3	  456.0	.
854426	  941.3	  537.6	  455.0	.
854428	  941.3	  538.0	  455.0	.
854430	  941.2	  538.2	  455.0	.
854432	  941.4	  538.4	  455.0	.
854434	  941.2	  538.8	  455.0	.
854436	  941.2	  539.3	  455.0	.
854438	  941.1	  539.5	  455.0	.
854440	  940.7	  539.7	  454.0	.
854442	  940.2	  539.3	  454.0	.
854444	  940.3	  540.7	  453.0	.
854446	  941.2	  539.9	  450.0	.
854448	  941.5	  539.2	  450.0	.
854450	  941.6	  536.4	  450.0	.
854452	  941.3	  537.5	  450.0	.
854454	  941.0	  538.6	  450.0	.
854456	  940.3	  539.8	  450.0	.
854458	  938.8	  538.9	  451.0	.
854460	  939.2	  539.0	  451.0	.
854462	  938.9	  539.6	  451.0	.
854464	  938.7	  539.4	  451.0	.
854466	  937.7	  539.2	  451.0	.
854468	  938.6	  540.3	  451.0	.
854470	  938.7	  540.5	  451.0	.
854472	  938.9	  540.3	  450.0	.
854474	  939.1	  541.0	  450.0	.
854476	  939.5	  541.7	  451.0	.
854478	  939.5	  541.5	  451.0	.
854480	  939.6	  542.0	  451.0	.
854482	  939.6	  542.5	  451.0	.
854484	  939.1	  542.4	  451.0	.
854486	  939.0	  542.1	  451.0	.
854488	  939.1	  542.3	  451.0	.
854490	  939.0	  542.4	  451.0	.
854492	  939.3	  542.6	  450.0	.
854494	  939.5	  542.7	  450.0	.
854496	  939.0	  541.7	  449.0	.
854498	  938.4	  541.4	  450.0	.
854500	  938.5	  541.4	  451.0	.
854502	  938.7	  541.4	  451.0	.
854504	  938.9	  541.7	  450.0	.
854506	  939.2	  542.0	  449.0	.
854508	  939.4	  542.0	  449.0	.
854510	  940.6	  544.1	  449.0	.
854512	  940.2	  544.3	  448.0	.
854514	  940.7	  543.1	  448.0	.
854516	  940.6	  542.2	  449.0	.
854518	  940.6	  542.3	  449.0	.
854520	  940.8	  542.0	  449.0	.
854522	  940.6	  542.5	  449.0	.
854524	  940.6	  543.0	  449.0	.
854526	  940.5	  542.2	  449.0	.
854528	  941.0	  542.3	  450.0	.
854530	  941.5	  542.4	  450.0	.
854532	  941.6	  542.4	  450.0	.
854534	  941.7	  543.2	  451.0	.
854536	  941.6	  542.4	  451.0	.
854538	  942.2	  542.5	  452.0	.
854540	  942.1	  542.4	  452.0	.
854542	  942.0	  542.1	  451.0	.
854544	  941.7	  541.5	  451.0	.
854546	  941.8	  541.2	  451.0	.
854548	  941.6	  541.0	  451.0	.
854550	  941.4	  540.3	  451.0	.
854552	  941.0	  539.7	  450.0	.
854554	  940.9	  539.5	  450.0	.
854556	  940.8	  539.7	  450.0	.
854558	  941.0	  539.7	  449.0	.
854560	  941.1	  540.0	  448.0	.
854562	  941.6	  539.8	  448.0	.
854564	  942.3	  539.6	  448.0	.
EFIX L   854246	854564	320	  939.8	  538.4	    451
SSACC L  854566
854566	  943.0	  536.8	  450.0	.
854568	  949.8	  533.9	  451.0	.
854570	  949.9	  528.1	  453.0	.
854572	  952.8	  521.7	  453.0	.
854574	  955.8	  516.6	  452.0	.
854576	  955.7	  517.3	  452.0	.
ESACC L  854566	854576	12	  943.0	  536.8	  955.8	  516.6	   0.66	     82
SFIX L   854578
854578	  955.6	  516.5	  452.0	.
854580	  955.5	  515.8	  452.0	.
854582	  955.5	  516.8	  452.0	.
854584	  955.7	  517.8	  452.0	.
854586	  956.0	  517.4	  451.0	.
854588	  955.5	  517.7	  451.0	.
854590	  955.7	  517.9	  450.0	.
854592	  955.8	  518.7	  450.0	.
854594	  955.7	  521.1	  449.0	.
854596	  955.3	  521.2	  448.0	.
854598	  954.4	  520.7	  447.0	.
854600	  953.7	  522.9	  446.0	.
854602	  953.5	  523.2	  446.0	.
854604	  953.7	  523.3	  445.0	.
854606	  954.0	  523.4	  444.0	.
854608	  955.6	  522.8	  438.0	.
854610	  956.1	  522.4	  437.0	.
854612	  956.5	  522.0	  437.0	.
854614	  957.6	  521.5	  437.0	.
854616	  957.3	  522.8	  436.0	.
854618	  957.6	  521.9	  434.0	.
854620	  957.9	  522.4	  433.0	.
854622	  958.2	  521.7	  432.0	.
854624	  958.2	  521.8	  432.0	.
854626	  958.3	  521.8	  430.0	.
854628	  958.1	  522.7	  428.0	.
854630	  959.3	  523.3	  428.0	.
854632	  959.3	  522.9	  428.0	.
854634	  959.2	  522.5	  427.0	.
854636	  958.9	  524.3	  426.0	.
854638	  959.8	  525.9	  424.0	.
854640	  959.7	  524.7	  422.0	.
854642	  960.5	  525.9	  420.0	.
854644	  961.4	  527.1	  418.0	.
854646	  960.6	  526.7	  416.0	.
854648	  960.5	  527.2	  414.0	.
854650	  960.3	  527.6	  412.0	.
854652	  960.8	  527.8	  411.0	.
854654	  960.8	  528.0	  409.0	.
854656	  960.8	  528.3	  406.0	.
854658	  960.7	  528.6	  406.0	.
854660	  960.7	  530.2	  404.0	.
854662	  960.3	  530.3	  404.0	.
854664	  960.0	  530.3	  403.0	.
854666	  959.3	  530.5	  403.0	.
854668	  958.6	  531.1	  401.0	.
854670	  958.2	  531.2	  399.0	.
854672	  958.2	  530.6	  399.0	.
854674	  958.1	  530.3	  399.0	.
854676	  958.0	  530.4	  399.0	.
854678	  958.5	  530.3	  396.0	.
854680	  959.0	  529.8	  395.0	.
854682	  959.4	  529.3	  393.0	.
854684	  960.0	  530.3	  391.0	.
854686	  960.4	  531.4	  390.0	.
854688	  960.6	  530.8	  388.0	.
854690	  960.5	  530.1	  384.0	.
854692	  961.2	  529.8	  384.0	.
854694	  961.4	  529.6	  384.0	.
854696	  961.7	  529.9	  384.0	.
854698	  961.4	  529.9	  382.0	.
854700	  961.2	  529.9	  380.0	.
854702	  961.2	  530.1	  379.0	.
854704	  961.6	  529.3	  378.0	.
854706	  961.4	  528.6	  373.0	.
854708	  962.1	  529.2	  372.0	.
854710	  962.3	  527.9	  371.0	.
854712	  962.4	  526.6	  369.0	.
854714	  962.6	  527.5	  367.0	.
854716	  962.9	  526.0	  367.0	.
854718	  963.0	  524.6	  366.0	.
854720	  963.1	  525.4	  363.0	.
854722	  963.1	  525.5	  363.0	.
854724	  963.2	  525.3	  362.0	.
854726	  963.2	  525.6	  362.0	.
854728	  964.1	  525.9	  362.0	.
854730	  964.8	  525.9	  362.0	.
854732	  965.6	  526.0	  360.0	.
854734	  966.2	  525.2	  360.0	.
854736	  966.5	  524.5	  360.0	.
854738	  966.9	  524.0	  354.0	.
854740	  966.7	  523.6	  353.0	.
854742	  966.6	  522.6	  351.0	.
854744	  966.7	  523.3	  346.0	.
854746	  966.8	  522.9	  346.0	.
854748	  967.4	  522.5	  344.0	.
854750	  967.3	  523.0	  344.0	.
854752	  967.8	  522.6	  344.0	.
854754	  967.8	  522.3	  341.0	.
854756	  967.8	  523.5	  341.0	.
854758	  967.7	  523.9	  341.0	.
854760	  967.4	  523.8	  340.0	.
854762	  967.3	  524.5	  340.0	.
854764	  968.1	  524.0	  335.0	.
854766	  968.2	  523.9	  335.0	.
854768	  968.3	  523.9	  335.0	.
854770	  967.8	  524.1	  332.0	.
854772	  967.3	  524.3	  332.0	.
854774	  967.3	  524.5	  332.0	.
854776	  967.3	  526.2	  331.0	.
854778	  967.1	  526.8	  326.0	.
854780	  967.5	  527.4	  325.0	.
854782	  968.0	  528.5	  325.0	.
854784	  968.0	  529.6	  323.0	.
854786	  968.0	  531.4	  322.0	.
854788	  968.3	  532.0	  322.0	.
854790	  967.8	  532.7	  322.0	.
854792	  967.8	  535.0	  316.0	.
854794	  968.0	  536.0	  315.0	.
854796	  967.8	  536.4	  315.0	.
854798	  967.6	  536.7	  315.0	.
854800	  967.7	  537.0	  315.0	.
854802	  967.2	  537.4	  314.0	.
854804	  967.7	  539.9	  313.0	.
854806	  967.7	  542.4	  310.0	.
854808	  968.1	  543.4	  308.0	.
854810	  968.5	  543.6	  308.0	.
854812	  968.5	  543.4	  307.0	.
854814	  968.5	  543.8	  307.0	.
854816	  968.8	  544.3	  307.0	.
854818	  968.7	  544.9	  306.0	.
854820	  969.3	  545.0	  306.0	.
854822	  970.0	  545.2	  305.0	.
854824	  970.1	  544.6	  305.0	.
854826	  970.2	  544.9	  305.0	.
854828	  971.6	  545.2	  304.0	.
854830	  971.6	  544.8	  303.0	.
854832	  971.6	  544.5	  303.0	.
854834	  971.6	  543.8	  301.0	.
854836	  972.2	  543.7	  301.0	.
854838	  972.1	  544.5	  299.0	.
854840	  972.9	  545.2	  298.0	.
854842	  973.7	  545.3	  298.0	.
854844	  973.8	  545.5	  298.0	.
854846	  973.8	  545.3	  297.0	.
854848	  973.8	  545.2	  297.0	.
854850	  973.9	  545.7	  296.0	.
854852	  974.1	  545.9	  295.0	.
854854	  973.8	  545.9	  295.0	.
854856	  974.7	  546.0	  295.0	.
854858	  975.7	  546.0	  294.0	.
854860	  976.1	  545.6	  294.0	.
854862	  976.0	  545.2	  292.0	.
854864	  976.1	  545.1	  291.0	.
854866	  976.2	  544.9	  291.0	.
854868	  975.0	  545.1	  291.0	.
854870	  973.8	  545.3	  289.0	.
854872	  974.1	  544.9	  288.0	.
854874	  973.8	  544.8	  288.0	.
854876	  973.3	  544.8	  288.0	.
854878	  973.3	  545.6	  287.0	.
854880	  973.2	  544.8	  287.0	.
854882	  971.8	  545.0	  283.0	.
854884	  971.8	  545.4	  283.0	.
854886	  971.6	  545.7	  282.0	.
854888	  971.3	  545.9	  282.0	.
854890	  972.7	  546.4	  280.0	.
854892	  973.1	  546.8	  280.0	.
854894	  973.3	  546.8	  282.0	.
854896	  973.5	  546.5	  282.0	.
854898	  973.1	  546.2	  280.0	.
854900	  973.2	  546.4	  280.0	.
854902	  973.3	  546.7	  278.0	.
854904	  973.8	  546.7	  278.0	.
854906	  973.5	  546.8	  278.0	.
854908	  973.8	  546.4	  278.0	.
854910	  974.0	  546.4	  278.0	.
854912	  974.2	  545.7	  278.0	.
854914	  974.5	  545.9	  278.0	.
854916	  974.0	  545.7	  277.0	.
854918	  974.4	  545.5	  276.0	.
854920	  974.9	  545.8	  276.0	.
854922	  974.8	  545.6	  276.0	.
854924	  975.0	  545.3	  275.0	.
854926	  974.8	  545.4	  275.0	.
854928	  975.4	  545.3	  275.0	.
854930	  975.8	  544.3	  275.0	.
854932	  976.4	  543.8	  275.0	.
854934	  975.9	  543.8	  275.0	.
854936	  975.8	  543.6	  274.0	.
854938	  975.9	  544.6	  274.0	.
854940	  976.0	  544.7	  273.0	.
854942	  976.2	  544.8	  273.0	.
854944	  975.6	  544.9	  272.0	.
854946	  975.6	  545.1	  272.0	.
854948	  975.7	  545.1	  271.0	.
854950	  973.7	  544.4	  271.0	.
854952	  973.8	  545.0	  270.0	.
854954	  973.6	  544.5	  269.0	.
854956	  973.1	  544.0	  269.0	.
854958	  973.1	  543.3	  266.0	.
854960	  973.2	  542.5	  265.0	.
854962	  971.9	  541.7	  265.0	.
854964	  972.0	  540.6	  265.0	.
854966	  972.0	  540.5	  264.0	.
854968	  971.3	  541.1	  264.0	.
854970	  971.0	  541.8	  264.0	.
854972	  971.5	  541.7	  264.0	.
854974	  970.0	  541.1	  263.0	.
854976	  968.8	  540.4	  263.0	.
854978	  969.6	  540.6	  262.0	.
854980	  969.2	  541.1	  261.0	.
854982	  968.6	  540.9	  260.0	.
854984	  968.4	  540.8	  260.0	.
854986	  968.5	  540.7	  260.0	.
854988	  968.0	  540.8	  259.0	.
854990	  968.1	  540.1	  259.0	.
854992	  968.3	  539.3	  259.0	.
854994	  968.1	  537.9	  259.0	.
854996	  968.0	  537.7	  258.0	.
854998	  968.0	  537.7	  258.0	.
855000	  968.2	  537.7	  258.0	.
855002	  968.6	  537.8	  258.0	.
855004	  968.7	  537.1	  258.0	.
855006	  968.7	  537.1	  258.0	.
855008	  969.2	  537.1	  257.0	.
855010	  968.7	  537.3	  257.0	.
855012	  968.8	  537.5	  257.0	.
855014	  968.9	  537.4	  257.0	.
855016	  968.3	  538.0	  257.0	.
855018	  968.2	  538.4	  256.0	.
855020	  968.6	  539.4	  256.0	.
855022	  968.9	  539.4	  256.0	.
855024	  969.2	  539.4	  256.0	.
855026	  969.4	  538.8	  257.0	.
855028	  970.3	  538.8	  257.0	.
855030	  970.7	  538.8	  257.0	.
855032	  971.0	  537.4	  256.0	.
855034	  971.7	  535.8	  256.0	.
855036	  971.5	  536.1	  256.0	.
855038	  971.5	  536.2	  255.0	.
855040	  971.6	  535.9	  255.0	.
855042	  971.3	  536.6	  255.0	.
855044	  971.4	  537.3	  253.0	.
855046	  971.3	  537.0	  253.0	.
855048	  971.9	  536.6	  253.0	.
855050	  972.1	  536.8	  253.0	.
855052	  972.3	  537.0	  253.0	.
855054	  972.1	  537.1	  253.0	.
855056	  972.1	  537.2	  252.0	.
855058	  972.2	  539.8	  252.0	.
855060	  971.7	  540.2	  252.0	.
855062	  971.2	  539.6	  250.0	.
855064	  971.6	  539.1	  250.0	.
855066	  972.0	  539.1	  250.0	.
855068	  972.2	  538.4	  250.0	.
855070	  972.3	  537.7	  251.0	.
855072	  972.2	  538.2	  250.0	.
855074	  972.3	  538.8	  251.0	.
855076	  972.2	  538.9	  251.0	.
855078	  971.9	  539.1	  252.0	.
855080	  972.5	  539.0	  252.0	.
855082	  973.3	  539.0	  252.0	.
855084	  973.1	  539.1	  252.0	.
855086	  973.6	  538.6	  252.0	.
855088	  973.6	  538.0	  252.0	.
855090	  973.3	  537.7	  251.0	.
855092	  973.9	  538.3	  251.0	.
855094	  973.9	  537.9	  251.0	.
855096	  973.7	  539.2	  252.0	.
855098	  973.5	  540.6	  252.0	.
855100	  972.7	  540.2	  250.0	.
855102	  972.9	  539.6	  250.0	.
855104	  972.8	  540.0	  250.0	.
855106	  972.7	  539.2	  251.0	.
855108	  972.3	  539.5	  251.0	.
855110	  973.2	  539.7	  251.0	.
855112	  973.1	  540.3	  250.0	.
855114	  973.2	  540.9	  250.0	.
855116	  972.7	  540.6	  250.0	.
855118	  973.1	  540.5	  250.0	.
855120	  972.5	  540.7	  250.0	.
855122	  972.6	  540.0	  250.0	.
855124	  972.8	  540.0	  251.0	.
855126	  973.0	  539.9	  251.0	.
855128	  972.9	  539.8	  251.0	.
855130	  972.8	  539.7	  250.0	.
855132	  972.4	  541.0	  250.0	.
855134	  971.8	  541.6	  250.0	.
855136	  972.5	  541.6	  250.0	.
855138	  972.0	  541.0	  251.0	.
855140	  971.6	  540.4	  251.0	.
855142	  971.4	  540.2	  251.0	.
855144	  971.5	  540.5	  249.0	.
855146	  971.4	  539.7	  248.0	.
855148	  971.2	  539.8	  248.0	.
855150	  970.8	  540.0	  247.0	.
855152	  969.9	  541.2	  247.0	.
855154	  969.9	  541.2	  247.0	.
855156	  970.6	  541.5	  249.0	.
855158	  970.2	  541.1	  249.0	.
855160	  970.0	  541.7	  248.0	.
855162	  970.4	  542.1	  248.0	.
855164	  970.9	  542.0	  249.0	.
855166	  970.6	  542.1	  249.0	.
855168	  970.5	  541.5	  248.0	.
855170	  970.4	  540.9	  248.0	.
855172	  970.7	  541.1	  248.0	.
855174	  970.8	  540.3	  248.0	.
855176	  971.4	  540.1	  249.0	.
855178	  971.4	  539.9	  249.0	.
855180	  971.6	  539.7	  249.0	.
855182	  971.2	  539.6	  248.0	.
855184	  971.1	  539.5	  248.0	.
855186	  970.9	  540.0	  248.0	.
855188	  971.1	  540.6	  247.0	.
855190	  971.0	  539.6	  247.0	.
855192	  970.8	  538.6	  247.0	.
855194	  970.8	  538.3	  247.0	.
855196	  971.0	  539.8	  248.0	.
855198	  971.2	  541.1	  249.0	.
855200	  971.4	  540.5	  249.0	.
855202	  970.7	  539.9	  249.0	.
855204	  970.5	  539.2	  249.0	.
855206	  970.2	  538.3	  248.0	.
855208	  969.5	  539.1	  247.0	.
855210	  969.4	  539.3	  247.0	.
855212	  969.5	  539.5	  247.0	.
855214	  968.8	  539.4	  247.0	.
855216	  969.9	  540.1	  247.0	.
855218	  969.8	  540.4	  247.0	.
855220	  970.1	  540.7	  247.0	.
855222	  970.1	  540.3	  248.0	.
855224	  970.0	  540.3	  248.0	.
855226	  970.0	  540.3	  248.0	.
855228	  970.3	  541.0	  248.0	.
855230	  969.8	  540.6	  249.0	.
855232	  969.6	  540.2	  249.0	.
855234	  969.6	  540.8	  249.0	.
855236	  969.7	  539.6	  249.0	.
855238	  970.1	  538.3	  250.0	.
855240	  970.4	  538.3	  250.0	.
855242	  970.5	  538.2	  249.0	.
855244	  970.6	  538.3	  249.0	.
855246	  971.4	  538.2	  249.0	.
855248	  971.8	  538.3	  249.0	.
855250	  971.7	  538.2	  249.0	.
855252	  971.9	  538.2	  249.0	.
855254	  971.7	  537.0	  249.0	.
855256	  972.0	  537.1	  247.0	.
855258	  972.0	  537.2	  247.0	.
855260	  971.8	  536.9	  247.0	.
855262	  971.5	  536.5	  248.0	.
855264	  971.6	  536.6	  248.0	.
855266	  971.5	  536.5	  248.0	.
855268	  971.2	  536.8	  248.0	.
855270	  971.3	  536.8	  248.0	.
855272	  970.9	  537.1	  248.0	.
855274	  971.0	  537.0	  248.0	.
855276	  971.1	  538.3	  248.0	.
855278	  971.0	  539.5	  248.0	.
855280	  970.6	  538.9	  248.0	.
855282	  970.6	  539.3	  248.0	.
855284	  970.7	  538.8	  248.0	.
855286	  970.4	  538.2	  249.0	.
855288	  970.1	  536.7	  250.0	.
855290	  969.5	  536.4	  250.0	.
855292	  969.9	  537.5	  249.0	.
855294	  970.3	  538.5	  249.0	.
855296	  970.3	  538.8	  248.0	.
855298	  970.3	  538.7	  248.0	.
855300	  970.4	  539.4	  248.0	.
855302	  969.7	  538.9	  248.0	.
855304	  970.3	  539.1	  248.0	.
855306	  970.5	  538.7	  248.0	.
855308	  970.7	  538.4	  248.0	.
855310	  970.9	  538.3	  248.0	.
855312	  970.9	  538.4	  247.0	.
855314	  971.3	  537.8	  247.0	.
855316	  971.2	  537.3	  247.0	.
855318	  971.2	  537.3	  250.0	.
855320	  971.2	  537.3	  250.0	.
855322	  971.3	  537.4	  249.0	.
855324	  971.4	  537.4	  249.0	.
855326	  971.6	  537.3	  249.0	.
855328	  971.4	  537.3	  249.0	.
855330	  971.7	  537.2	  250.0	.
855332	  971.1	  535.5	  250.0	.
855334	  971.3	  535.5	  250.0	.
855336	  971.5	  536.2	  250.0	.
855338	  971.2	  536.5	  250.0	.
855340	  971.5	  536.8	  250.0	.
855342	  971.9	  538.1	  250.0	.
855344	  971.8	  537.9	  249.0	.
855346	  971.7	  537.7	  249.0	.
855348	  971.8	  537.2	  249.0	.
855350	  971.1	  537.5	  248.0	.
855352	  971.2	  536.7	  248.0	.
855354	  970.9	  536.1	  248.0	.
855356	  970.6	  536.2	  248.0	.
855358	  970.0	  536.5	  248.0	.
855360	  969.8	  536.5	  249.0	.
855362	  969.7	  536.6	  250.0	.
855364	  970.2	  536.5	  250.0	.
855366	  970.8	  536.5	  250.0	.
855368	  972.1	  536.0	  250.0	.
855370	  972.1	  535.8	  250.0	.
855372	  972.0	  535.7	  250.0	.
855374	  971.7	  536.2	  250.0	.
855376	  971.7	  536.4	  250.0	.
855378	  971.3	  536.7	  249.0	.
855380	  970.7	  536.9	  249.0	.
855382	  971.4	  536.9	  250.0	.
855384	  972.1	  537.6	  250.0	.
855386	  972.8	  537.8	  250.0	.
855388	  972.6	  537.9	  251.0	.
855390	  972.4	  536.6	  251.0	.
855392	  972.9	  537.0	  250.0	.
855394	  972.7	  536.4	  250.0	.
855396	  972.4	  535.9	  250.0	.
855398	  971.4	  534.4	  250.0	.
855400	  971.3	  534.4	  250.0	.
855402	  971.1	  536.0	  250.0	.
855404	  971.6	  536.6	  249.0	.
855406	  972.3	  536.8	  250.0	.
855408	  973.0	  537.0	  250.0	.
855410	  973.3	  537.3	  252.0	.
855412	  972.7	  537.7	  253.0	.
855414	  973.2	  537.6	  253.0	.
855416	  972.7	  537.6	  253.0	.
855418	  972.8	  537.6	  253.0	.
855420	  972.8	  537.3	  253.0	.
855422	  973.5	  536.9	  253.0	.
855424	  973.0	  536.7	  253.0	.
855426	  972.9	  536.8	  253.0	.
855428	  972.6	  536.0	  252.0	.
855430	  972.3	  536.3	  252.0	.
855432	  972.0	  536.6	  252.0	.
855434	  971.8	  536.5	  252.0	.
855436	  971.5	  536.3	  252.0	.
855438	  971.5	  535.9	  252.0	.
855440	  970.8	  535.2	  252.0	.
855442	  971.0	  535.1	  252.0	.
855444	  970.2	  535.0	  251.0	.
855446	  970.0	  535.1	  251.0	.
855448	  969.6	  535.7	  250.0	.
855450	  970.8	  536.1	  250.0	.
855452	  970.0	  538.0	  250.0	.
855454	  969.7	  538.1	  251.0	.
855456	  969.6	  538.1	  251.0	.
855458	  969.5	  537.1	  251.0	.
855460	  969.2	  537.9	  250.0	.
855462	  969.0	  538.8	  250.0	.
855464	  968.9	  539.1	  250.0	.
855466	  968.9	  539.3	  250.0	.
855468	  968.9	  538.7	  250.0	.
855470	  968.9	  539.1	  250.0	.
855472	  968.4	  539.1	  250.0	.
855474	  967.9	  539.1	  250.0	.
855476	  967.4	  538.9	  251.0	.
855478	  967.3	  538.2	  251.0	.
855480	  967.4	  538.1	  250.0	.
855482	  967.5	  537.9	  249.0	.
855484	  967.4	  537.6	  249.0	.
855486	  967.5	  538.4	  249.0	.
855488	  968.1	  537.2	  249.0	.
855490	  967.7	  537.0	  250.0	.
855492	  967.3	  537.1	  249.0	.
855494	  967.4	  536.5	  249.0	.
855496	  966.9	  537.0	  249.0	.
855498	  967.2	  537.4	  250.0	.
855500	  967.5	  537.9	  250.0	.
855502	  967.4	  538.5	  250.0	.
855504	  967.3	  539.5	  251.0	.
855506	  966.0	  540.7	  253.0	.
855508	  966.0	  540.6	  253.0	.
855510	  966.3	  540.8	  250.0	.
855512	  966.3	  539.9	  250.0	.
855514	  966.4	  539.7	  250.0	.
855516	  966.4	  539.5	  251.0	.
855518	  966.4	  540.1	  251.0	.
855520	  966.4	  540.5	  251.0	.
855522	  966.6	  540.5	  251.0	.
855524	  966.8	  540.5	  251.0	.
855526	  967.2	  540.5	  252.0	.
855528	  967.2	  540.4	  253.0	.
855530	  967.3	  539.9	  253.0	.
855532	  968.2	  539.1	  253.0	.
855534	  968.7	  539.8	  254.0	.
855536	  969.1	  539.2	  254.0	.
855538	  969.4	  538.7	  254.0	.
855540	  969.2	  537.9	  254.0	.
855542	  969.7	  537.7	  253.0	.
855544	  968.9	  537.5	  253.0	.
855546	  969.0	  536.8	  252.0	.
855548	  968.9	  535.9	  252.0	.
855550	  969.9	  536.0	  252.0	.
855552	  970.5	  535.4	  254.0	.
855554	  971.2	  534.8	  254.0	.
855556	  970.6	  534.9	  254.0	.
855558	  970.2	  534.9	  254.0	.
855560	  970.7	  534.7	  253.0	.
855562	  970.8	  534.7	  253.0	.
855564	  970.8	  534.7	  253.0	.
855566	  970.9	  536.1	  253.0	.
855568	  970.8	  537.4	  254.0	.
855570	  970.5	  537.0	  254.0	.
855572	  970.0	  536.5	  254.0	.
855574	  969.7	  537.2	  253.0	.
855576	  969.4	  537.8	  253.0	.
855578	  969.2	  537.7	  253.0	.
855580	  968.9	  537.6	  253.0	.
855582	  967.2	  539.0	  253.0	.
855584	  967.3	  540.0	  253.0	.
855586	  966.9	  541.1	  253.0	.
855588	  967.0	  541.0	  253.0	.
855590	  967.0	  540.9	  253.0	.
855592	  967.6	  540.5	  254.0	.
855594	  969.0	  540.2	  254.0	.
855596	  968.7	  540.1	  253.0	.
855598	  968.4	  540.8	  253.0	.
855600	  967.9	  541.5	  255.0	.
855602	  967.5	  541.8	  255.0	.
855604	  966.8	  541.5	  254.0	.
855606	  966.8	  542.1	  253.0	.
855608	  966.7	  541.6	  253.0	.
855610	  966.4	  542.6	  253.0	.
855612	  966.3	  542.7	  253.0	.
855614	  966.4	  542.8	  253.0	.
855616	  965.8	  543.8	  253.0	.
855618	  966.0	  544.1	  253.0	.
855620	  966.2	  544.3	  253.0	.
855622	  965.9	  544.4	  253.0	.
855624	  966.5	  542.6	  253.0	.
855626	  966.8	  541.7	  254.0	.
855628	  967.0	  541.6	  254.0	.
855630	  967.1	  541.4	  254.0	.
855632	  967.4	  541.2	  254.0	.
855634	  967.6	  541.0	  255.0	.
855636	  968.1	  542.2	  254.0	.
855638	  967.0	  542.2	  254.0	.
855640	  967.5	  542.1	  254.0	.
855642	  967.8	  540.6	  255.0	.
855644	  967.7	  540.3	  255.0	.
855646	  967.6	  540.0	  254.0	.
855648	  966.9	  541.3	  254.0	.
855650	  966.9	  541.6	  253.0	.
855652	  966.8	  541.9	  253.0	.
855654	  966.3	  542.1	  253.0	.
855656	  966.1	  543.1	  254.0	.
855658	  965.9	  544.0	  255.0	.
855660	  965.8	  544.0	  255.0	.
855662	  965.7	  543.9	  255.0	.
855664	  965.7	  544.0	  255.0	.
855666	  965.8	  544.1	  255.0	.
855668	  965.7	  544.1	  255.0	.
855670	  965.6	  545.0	  255.0	.
855672	  965.3	  545.5	  254.0	.
855674	  964.9	  545.9	  253.0	.
855676	  964.7	  546.1	  253.0	.
855678	  964.7	  546.3	  254.0	.
855680	  965.0	  545.9	  254.0	.
855682	  965.4	  545.5	  254.0	.
855684	  965.7	  545.4	  254.0	.
855686	  966.2	  545.3	  254.0	.
855688	  965.8	  545.3	  254.0	.
855690	  965.7	  545.8	  254.0	.
855692	  964.8	  546.4	  254.0	.
855694	  964.8	  546.4	  254.0	.
855696	  965.9	  546.3	  254.0	.
855698	  965.6	  545.9	  254.0	.
855700	  965.5	  546.2	  254.0	.
855702	  965.6	  546.2	  255.0	.
855704	  965.6	  546.0	  255.0	.
855706	  966.1	  545.7	  256.0	.
855708	  966.0	  545.7	  256.0	.
855710	  966.7	  545.8	  255.0	.
855712	  966.2	  545.3	  255.0	.
855714	  966.3	  545.9	  255.0	.
855716	  966.4	  546.5	  255.0	.
855718	  965.9	  546.4	  256.0	.
855720	  965.8	  546.0	  256.0	.
855722	  965.9	  546.5	  256.0	.
855724	  965.8	  546.3	  258.0	.
855726	  965.8	  546.2	  259.0	.
855728	  965.8	  545.3	  259.0	.
855730	  965.7	  545.2	  259.0	.
855732	  965.8	  545.0	  260.0	.
855734	  965.8	  544.5	  260.0	.
855736	  965.4	  544.4	  260.0	.
855738	  965.0	  544.8	  260.0	.
855740	  964.9	  545.1	  259.0	.
855742	  964.8	  545.7	  259.0	.
855744	  963.5	  544.4	  260.0	.
855746	  963.4	  543.0	  260.0	.
855748	  963.6	  543.3	  259.0	.
855750	  963.9	  543.7	  259.0	.
855752	  963.7	  545.0	  259.0	.
855754	  963.5	  546.8	  260.0	.
855756	  962.8	  546.4	  260.0	.
855758	  963.3	  545.9	  260.0	.
855760	  962.1	  546.3	  260.0	.
855762	  961.5	  546.7	  260.0	.
855764	  961.5	  547.8	  260.0	.
855766	  961.3	  546.4	  260.0	.
855768	  960.8	  544.9	  260.0	.
855770	  960.3	  544.6	  260.0	.
855772	  960.3	  546.0	  260.0	.
855774	  960.3	  547.5	  260.0	.
855776	  959.2	  548.4	  261.0	.
855778	  958.0	  548.2	  261.0	.
855780	  957.9	  547.8	  262.0	.
855782	  958.1	  548.8	  263.0	.
855784	  958.2	  548.4	  265.0	.
855786	  958.0	  549.2	  265.0	.
855788	  958.0	  548.0	  265.0	.
855790	  957.8	  548.3	  264.0	.
855792	  958.2	  548.5	  264.0	.
855794	  958.6	  549.0	  265.0	.
855796	  958.7	  549.2	  265.0	.
855798	  958.8	  549.1	  266.0	.
855800	  959.0	  549.1	  267.0	.
855802	  958.8	  548.8	  267.0	.
855804	  958.6	  547.5	  266.0	.
855806	  959.5	  546.3	  266.0	.
855808	  959.9	  544.8	  266.0	.
855810	  960.0	  543.3	  267.0	.
855812	  960.1	  543.2	  267.0	.
855814	  960.6	  543.9	  267.0	.
855816	  960.7	  544.1	  266.0	.
855818	  960.9	  544.2	  268.0	.
855820	  960.6	  545.6	  268.0	.
855822	  960.3	  546.2	  268.0	.
855824	  960.1	  546.9	  269.0	.
855826	  960.2	  550.0	  270.0	.
855828	  960.7	  550.6	  270.0	.
855830	  960.9	  550.6	  271.0	.
855832	  960.9	  550.3	  271.0	.
855834	  960.8	  550.1	  271.0	.
855836	  961.0	  549.4	  271.0	.
855838	  960.7	  549.3	  272.0	.
855840	  961.2	  548.9	  272.0	.
855842	  962.1	  549.9	  272.0	.
855844	  962.8	  550.8	  272.0	.
855846	  963.2	  551.3	  271.0	.
855848	  962.7	  551.8	  272.0	.
855850	  962.5	  550.7	  272.0	.
855852	  962.0	  549.6	  274.0	.
855854	  961.9	  549.6	  274.0	.
855856	  961.3	  549.6	  274.0	.
855858	  961.1	  551.1	  274.0	.
855860	  961.5	  551.6	  275.0	.
855862	  962.0	  550.2	  276.0	.
855864	  962.0	  551.2	  276.0	.
855866	  962.2	  551.4	  275.0	.
855868	  962.4	  551.5	  274.0	.
855870	  962.9	  552.1	  274.0	.
855872	  964.5	  552.4	  275.0	.
855874	  964.4	  553.0	  276.0	.
855876	  965.4	  551.6	  276.0	.
855878	  964.8	  551.4	  277.0	.
855880	  965.4	  551.2	  277.0	.
855882	  965.5	  551.3	  276.0	.
855884	  965.3	  551.7	  276.0	.
855886	  965.5	  552.2	  276.0	.
855888	  965.3	  552.3	  276.0	.
855890	  965.3	  551.6	  277.0	.
855892	  965.0	  551.7	  277.0	.
855894	  965.2	  551.8	  278.0	.
855896	  965.0	  552.2	  279.0	.
855898	  965.0	  552.3	  279.0	.
855900	  964.6	  552.4	  279.0	.
855902	  964.4	  553.2	  280.0	.
855904	  964.0	  552.7	  281.0	.
855906	  963.1	  552.2	  282.0	.
855908	  962.4	  550.8	  282.0	.
855910	  962.3	  550.7	  282.0	.
855912	  962.1	  551.0	  282.0	.
855914	  962.0	  551.3	  283.0	.
855916	  961.9	  552.2	  282.0	.
855918	  962.5	  552.0	  282.0	.
855920	  962.1	  551.8	  282.0	.
855922	  961.7	  551.5	  283.0	.
855924	  962.1	  551.2	  283.0	.
855926	  962.7	  551.4	  284.0	.
855928	  962.7	  551.5	  284.0	.
855930	  962.6	  551.3	  284.0	.
855932	  962.5	  552.0	  284.0	.
855934	  962.6	  552.1	  284.0	.
855936	  962.4	  551.7	  284.0	.
855938	  962.3	  551.4	  285.0	.
855940	  962.1	  551.3	  285.0	.
855942	  961.0	  551.5	  285.0	.
855944	  960.9	  551.8	  284.0	.
855946	  960.8	  552.1	  284.0	.
855948	  960.2	  552.0	  284.0	.
855950	  960.2	  551.9	  284.0	.
855952	  960.3	  552.2	  287.0	.
855954	  960.5	  552.5	  287.0	.
855956	  960.6	  552.7	  285.0	.
855958	  960.7	  552.6	  285.0	.
855960	  960.9	  552.4	  285.0	.
855962	  960.9	  552.3	  285.0	.
855964	  961.4	  552.1	  285.0	.
855966	  961.7	  552.0	  286.0	.
855968	  961.9	  552.2	  287.0	.
855970	  961.9	  552.2	  288.0	.
855972	  961.9	  552.1	  288.0	.
855974	  961.9	  552.1	  288.0	.
855976	  958.9	  552.5	  288.0	.
855978	  958.2	  552.2	  288.0	.
855980	  958.2	  552.2	  288.0	.
855982	  958.9	  552.1	  289.0	.
855984	  957.7	  551.1	  289.0	.
855986	  956.4	  550.2	  290.0	.
855988	  956.7	  550.2	  289.0	.
855990	  956.0	  550.3	  289.0	.
855992	  956.7	  550.8	  289.0	.
855994	  957.3	  550.8	  290.0	.
855996	  957.2	  550.9	  290.0	.
855998	  957.7	  550.8	  291.0	.
856000	  957.7	  551.0	  291.0	.
856002	  957.6	  550.7	  292.0	.
856004	  957.6	  550.3	  292.0	.
856006	  957.4	  550.1	  290.0	.
856008	  957.3	  549.8	  291.0	.
856010	  957.1	  551.2	  291.0	.
856012	  956.9	  550.5	  292.0	.
856014	  956.7	  550.3	  293.0	.
856016	  955.1	  550.2	  293.0	.
856018	  955.0	  550.5	  294.0	.
856020	  955.0	  550.8	  293.0	.
856022	  955.6	  551.5	  294.0	.
856024	  955.5	  552.6	  294.0	.
856026	  955.3	  553.0	  296.0	.
856028	  955.5	  553.3	  296.0	.
856030	  955.2	  553.9	  297.0	.
856032	  955.2	  554.5	  297.0	.
856034	  955.1	  554.0	  297.0	.
856036	  955.4	  553.6	  297.0	.
856038	  955.7	  554.7	  297.0	.
856040	  955.6	  553.9	  297.0	.
856042	  955.9	  554.0	  297.0	.
856044	  956.1	  553.5	  296.0	.
856046	  956.2	  553.8	  295.0	.
856048	  956.3	  552.7	  295.0	.
856050	  956.3	  552.7	  297.0	.
856052	  956.4	  553.2	  297.0	.
856054	  956.3	  553.1	  298.0	.
856056	  956.4	  553.0	  298.0	.
856058	  956.1	  553.4	  298.0	.
856060	  956.8	  552.7	  298.0	.
856062	  956.4	  552.2	  298.0	.
856064	  956.4	  552.2	  298.0	.
856066	  956.3	  552.2	  298.0	.
856068	  956.2	  551.8	  298.0	.
856070	  956.1	  552.9	  298.0	.
856072	  955.6	  553.9	  298.0	.
856074	  955.5	  553.7	  299.0	.
856076	  956.0	  553.4	  299.0	.
856078	  956.4	  552.8	  299.0	.
856080	  956.7	  552.0	  301.0	.
856082	  956.8	  552.3	  301.0	.
856084	  956.7	  552.7	  301.0	.
856086	  956.5	  552.8	  300.0	.
856088	  955.3	  553.0	  301.0	.
856090	  954.0	  553.3	  300.0	.
856092	  954.2	  553.4	  300.0	.
856094	  954.4	  552.9	  300.0	.
856096	  955.5	  552.3	  301.0	.
856098	  955.6	  551.8	  302.0	.
856100	  955.7	  551.4	  302.0	.
856102	  955.8	  551.0	  303.0	.
856104	  955.4	  551.1	  303.0	.
856106	  955.0	  551.2	  303.0	.
856108	  954.7	  551.3	  303.0	.
856110	  954.5	  551.1	  303.0	.
856112	  954.3	  551.2	  303.0	.
856114	  954.8	  551.3	  303.0	.
856116	  955.2	  551.8	  303.0	.
856118	  954.9	  551.9	  304.0	.
856120	  954.5	  551.9	  305.0	.
856122	  954.7	  552.3	  305.0	.
856124	  954.7	  552.4	  305.0	.
856126	  954.5	  552.4	  308.0	.
856128	  954.1	  552.5	  308.0	.
856130	  954.8	  553.6	  308.0	.
856132	  954.3	  554.9	  307.0	.
856134	  953.7	  554.3	  307.0	.
856136	  954.8	  553.9	  306.0	.
856138	  955.1	  553.7	  306.0	.
856140	  954.8	  553.6	  310.0	.
856142	  956.4	  553.6	  310.0	.
856144	  957.8	  552.4	  308.0	.
856146	  961.0	  551.0	  307.0	.
856148	  961.0	  550.5	  307.0	.
856150	  964.7	  549.5	  307.0	.
856152	  968.5	  547.5	  307.0	.
856154	  972.5	  546.3	  307.0	.
856156	  973.1	  545.6	  307.0	.
856158	  973.3	  545.5	  307.0	.
856160	  972.8	  544.2	  307.0	.
856162	  972.4	  543.0	  307.0	.
856164	  971.4	  542.3	  307.0	.
856166	  972.1	  542.3	  307.0	.
856168	  971.2	  541.3	  307.0	.
856170	  970.6	  541.0	  307.0	.
856172	  970.4	  540.8	  307.0	.
856174	  970.3	  541.1	  307.0	.
856176	  969.3	  541.5	  307.0	.
856178	  969.2	  542.3	  307.0	.
856180	  968.8	  541.8	  309.0	.
856182	  968.2	  541.9	  309.0	.
856184	  968.7	  541.7	  309.0	.
856186	  969.3	  542.2	  309.0	.
856188	  969.0	  542.8	  310.0	.
856190	  969.6	  543.2	  310.0	.
856192	  970.0	  542.9	  310.0	.
856194	  970.3	  542.7	  310.0	.
856196	  969.8	  542.4	  310.0	.
856198	  970.3	  542.0	  311.0	.
856200	  970.1	  542.4	  311.0	.
856202	  970.1	  542.9	  310.0	.
856204	  970.1	  542.6	  310.0	.
856206	  969.9	  543.0	  310.0	.
856208	  969.6	  543.3	  311.0	.
856210	  969.1	  544.2	  311.0	.
856212	  968.8	  543.7	  310.0	.
856214	  968.8	  543.9	  311.0	.
856216	  968.7	  544.1	  311.0	.
856218	  968.7	  544.2	  311.0	.
856220	  968.2	  544.3	  311.0	.
856222	  967.8	  545.1	  312.0	.
856224	  968.3	  545.7	  312.0	.
856226	  968.7	  546.1	  313.0	.
856228	  969.3	  546.5	  314.0	.
856230	  969.4	  546.5	  314.0	.
856232	  969.6	  546.5	  315.0	.
856234	  969.4	  545.4	  314.0	.
856236	  969.2	  545.1	  314.0	.
856238	  969.0	  544.8	  313.0	.
856240	  968.9	  544.9	  313.0	.
856242	  968.3	  545.1	  312.0	.
856244	  967.8	  545.4	  312.0	.
856246	  967.4	  545.7	  312.0	.
856248	  967.1	  546.0	  313.0	.
856250	  966.5	  546.3	  315.0	.
856252	  966.7	  546.4	  315.0	.
856254	  966.8	  546.4	  315.0	.
856256	  967.2	  547.2	  315.0	.
856258	  967.3	  546.5	  317.0	.
856260	  967.6	  546.6	  317.0	.
856262	  967.8	  546.8	  316.0	.
856264	  967.7	  547.2	  316.0	.
856266	  967.5	  547.7	  316.0	.
856268	  967.1	  547.6	  315.0	.
856270	  966.7	  547.5	  315.0	.
856272	  966.7	  547.7	  315.0	.
856274	  966.7	  547.8	  317.0	.
856276	  966.8	  547.4	  317.0	.
856278	  966.7	  548.4	  316.0	.
856280	  966.3	  548.9	  316.0	.
856282	  965.8	  549.4	  316.0	.
856284	  964.8	  549.7	  316.0	.
856286	  966.4	  549.5	  317.0	.
856288	  966.4	  549.4	  318.0	.
856290	  966.2	  549.3	  319.0	.
856292	  966.4	  547.7	  319.0	.
856294	  966.0	  548.5	  320.0	.
856296	  965.7	  548.9	  320.0	.
856298	  966.4	  549.2	  320.0	.
856300	  966.5	  547.6	  320.0	.
856302	  966.5	  546.0	  320.0	.
856304	  966.8	  547.4	  320.0	.
856306	  966.7	  546.0	  319.0	.
856308	  966.7	  544.6	  319.0	.
856310	  966.8	  546.2	  319.0	.
856312	  966.8	  545.8	  319.0	.
856314	  966.8	  546.1	  319.0	.
856316	  968.0	  546.2	  320.0	.
856318	  967.2	  545.3	  320.0	.
856320	  966.5	  544.3	  321.0	.
856322	  967.0	  544.2	  321.0	.
856324	  966.5	  544.9	  321.0	.
856326	  966.4	  543.3	  321.0	.
856328	  966.6	  544.1	  322.0	.
856330	  966.3	  544.2	  324.0	.
856332	  966.3	  543.7	  324.0	.
856334	  966.3	  544.0	  324.0	.
856336	  966.1	  543.1	  325.0	.
856338	  966.0	  543.4	  325.0	.
856340	  966.0	  543.6	  325.0	.
856342	  965.8	  542.8	  325.0	.
856344	  966.2	  543.7	  325.0	.
856346	  965.7	  544.7	  324.0	.
856348	  965.6	  544.9	  323.0	.
856350	  965.7	  545.2	  322.0	.
856352	  965.9	  545.7	  321.0	.
856354	  965.5	  545.8	  321.0	.
856356	  965.1	  545.7	  320.0	.
856358	  965.6	  545.7	  321.0	.
856360	  965.8	  546.3	  321.0	.
856362	  965.8	  547.1	  323.0	.
856364	  965.9	  546.8	  323.0	.
856366	  965.9	  547.1	  322.0	.
856368	  965.9	  547.2	  322.0	.
856370	  966.0	  547.9	  322.0	.
856372	  965.7	  548.2	  322.0	.
856374	  965.5	  548.7	  322.0	.
856376	  966.2	  549.3	  321.0	.
856378	  966.9	  549.7	  319.0	.
856380	  965.7	  550.2	  319.0	.
856382	  964.6	  551.2	  319.0	.
856384	  964.9	  551.8	  320.0	.
856386	  964.9	  552.0	  320.0	.
856388	  964.9	  552.1	  320.0	.
856390	  964.5	  552.1	  320.0	.
856392	  964.8	  552.2	  320.0	.
856394	  965.1	  552.4	  320.0	.
856396	  965.4	  552.0	  321.0	.
856398	  965.5	  551.8	  321.0	.
856400	  965.5	  552.5	  321.0	.
856402	  965.5	  553.2	  321.0	.
856404	  965.5	  552.5	  321.0	.
856406	  965.2	  553.3	  322.0	.
856408	  965.3	  553.2	  322.0	.
856410	  965.2	  553.3	  322.0	.
856412	  965.1	  553.3	  322.0	.
856414	  964.8	  553.6	  322.0	.
856416	  965.0	  553.9	  321.0	.
856418	  965.3	  554.1	  321.0	.
856420	  965.3	  554.2	  322.0	.
856422	  965.4	  554.6	  323.0	.
856424	  966.1	  554.0	  323.0	.
856426	  966.0	  553.7	  323.0	.
856428	  966.1	  554.2	  323.0	.
856430	  965.9	  554.8	  323.0	.
856432	  965.5	  554.1	  322.0	.
856434	  966.7	  554.0	  322.0	.
856436	  966.5	  553.9	  322.0	.
856438	  966.5	  553.8	  322.0	.
856440	  965.7	  554.4	  322.0	.
856442	  965.9	  554.3	  322.0	.
856444	  966.0	  554.2	  322.0	.
856446	  966.3	  553.5	  321.0	.
856448	  966.3	  554.0	  321.0	.
856450	  966.3	  554.2	  320.0	.
856452	  966.2	  554.3	  320.0	.
856454	  966.2	  554.1	  321.0	.
856456	  966.1	  554.5	  321.0	.
856458	  966.1	  554.6	  321.0	.
856460	  966.2	  554.5	  321.0	.
856462	  966.1	  554.5	  321.0	.
856464	  965.9	  554.5	  321.0	.
856466	  965.4	  554.6	  321.0	.
856468	  965.3	  554.3	  321.0	.
856470	  964.7	  554.0	  321.0	.
856472	  964.1	  554.1	  320.0	.
856474	  964.5	  554.0	  320.0	.
856476	  964.8	  554.5	  320.0	.
856478	  965.7	  554.3	  321.0	.
856480	  965.4	  554.7	  321.0	.
856482	  965.6	  554.4	  320.0	.
856484	  965.6	  554.5	  320.0	.
856486	  965.6	  554.2	  320.0	.
856488	  966.2	  553.7	  319.0	.
856490	  966.5	  554.6	  319.0	.
856492	  965.9	  554.6	  319.0	.
856494	  966.6	  554.5	  319.0	.
856496	  967.1	  553.4	  319.0	.
856498	  966.2	  553.5	  319.0	.
856500	  965.9	  555.4	  321.0	.
856502	  965.7	  555.6	  321.0	.
856504	  966.1	  555.6	  321.0	.
856506	  966.5	  555.0	  321.0	.
856508	  966.8	  555.2	  320.0	.
856510	  966.1	  555.1	  319.0	.
856512	  965.3	  554.9	  319.0	.
856514	  965.9	  555.4	  320.0	.
856516	  966.4	  555.7	  320.0	.
856518	  966.5	  556.0	  319.0	.
856520	  966.6	  556.1	  319.0	.
856522	  966.3	  555.9	  319.0	.
856524	  966.4	  555.6	  320.0	.
856526	  966.6	  556.7	  320.0	.
856528	  966.8	  557.0	  320.0	.
856530	  967.0	  557.1	  321.0	.
856532	  966.3	  557.2	  322.0	.
856534	  966.5	  557.6	  322.0	.
856536	  965.7	  557.4	  322.0	.
856538	  965.1	  558.1	  321.0	.
856540	  965.0	  558.2	  321.0	.
856542	  965.3	  558.2	  321.0	.
856544	  965.6	  558.0	  321.0	.
856546	  965.0	  557.4	  321.0	.
856548	  964.5	  557.3	  320.0	.
856550	  964.4	  557.3	  320.0	.
856552	  964.2	  557.0	  320.0	.
856554	  963.5	  557.2	  320.0	.
856556	  963.6	  557.1	  320.0	.
856558	  963.6	  559.4	  320.0	.
856560	  963.7	  561.4	  321.0	.
856562	  963.7	  561.4	  321.0	.
856564	  963.7	  558.8	  320.0	.
856566	  964.0	  559.3	  320.0	.
856568	  963.9	  559.0	  321.0	.
856570	  964.7	  558.9	  321.0	.
856572	  963.9	  558.9	  321.0	.
856574	  963.7	  559.2	  321.0	.
856576	  963.4	  558.9	  321.0	.
856578	  963.2	  558.6	  320.0	.
856580	  963.8	  558.3	  321.0	.
856582	  964.3	  558.2	  321.0	.
856584	  963.5	  557.9	  321.0	.
856586	  963.2	  558.2	  321.0	.
856588	  962.9	  557.8	  321.0	.
856590	  962.9	  557.6	  320.0	.
856592	  963.2	  557.6	  320.0	.
856594	  963.1	  557.8	  320.0	.
856596	  963.1	  557.4	  320.0	.
856598	  963.1	  557.0	  321.0	.
856600	  963.1	  556.1	  320.0	.
856602	  963.1	  555.2	  321.0	.
856604	  963.6	  555.5	  321.0	.
856606	  964.0	  554.5	  321.0	.
856608	  964.4	  553.5	  320.0	.
856610	  964.1	  553.9	  320.0	.
856612	  963.8	  553.3	  321.0	.
856614	  963.6	  553.1	  321.0	.
856616	  963.5	  553.0	  321.0	.
856618	  963.5	  552.9	  321.0	.
856620	  963.4	  552.7	  321.0	.
856622	  963.8	  552.5	  321.0	.
856624	  963.4	  552.7	  324.0	.
856626	  963.5	  552.5	  324.0	.
856628	  963.2	  553.5	  324.0	.
856630	  963.2	  554.5	  323.0	.
856632	  963.2	  555.4	  323.0	.
856634	  964.0	  556.3	  323.0	.
856636	  964.0	  556.1	  323.0	.
856638	  964.1	  556.0	  323.0	.
856640	  964.0	  556.6	  324.0	.
856642	  963.8	  556.1	  324.0	.
856644	  962.9	  555.6	  324.0	.
856646	  962.3	  555.4	  321.0	.
856648	  962.9	  555.5	  321.0	.
856650	  962.9	  555.0	  321.0	.
856652	  963.1	  557.3	  321.0	.
856654	  963.5	  558.2	  322.0	.
856656	  962.9	  558.5	  322.0	.
856658	  962.3	  558.9	  322.0	.
856660	  962.2	  558.4	  322.0	.
856662	  962.3	  559.3	  322.0	.
856664	  963.0	  559.3	  321.0	.
856666	  963.3	  559.1	  321.0	.
856668	  963.6	  559.5	  321.0	.
856670	  964.6	  560.1	  322.0	.
856672	  964.5	  559.9	  322.0	.
856674	  965.1	  559.8	  322.0	.
856676	  965.6	  559.9	  322.0	.
856678	  965.3	  560.1	  322.0	.
856680	  964.9	  560.0	  322.0	.
856682	  965.0	  559.9	  322.0	.
856684	  964.9	  559.2	  322.0	.
856686	  964.9	  558.6	  322.0	.
856688	  964.6	  558.0	  322.0	.
856690	  964.6	  558.3	  322.0	.
856692	  964.6	  557.9	  322.0	.
856694	  965.1	  558.8	  322.0	.
856696	  964.7	  557.9	  322.0	.
856698	  965.3	  557.0	  322.0	.
856700	  966.0	  557.5	  323.0	.
856702	  966.4	  557.6	  323.0	.
856704	  966.1	  557.4	  323.0	.
856706	  965.8	  558.2	  323.0	.
856708	  965.3	  558.0	  323.0	.
856710	  964.5	  557.9	  323.0	.
856712	  964.2	  557.4	  323.0	.
856714	  964.0	  557.0	  323.0	.
856716	  964.4	  556.2	  323.0	.
856718	  964.4	  556.1	  323.0	.
856720	  964.3	  556.1	  323.0	.
856722	  963.7	  556.1	  324.0	.
856724	  963.8	  557.2	  324.0	.
856726	  963.9	  558.3	  324.0	.
856728	  964.1	  560.5	  324.0	.
856730	  965.1	  560.1	  325.0	.
856732	  965.6	  560.2	  325.0	.
856734	  966.0	  560.4	  325.0	.
856736	  966.5	  560.5	  325.0	.
856738	  966.4	  560.6	  325.0	.
856740	  966.3	  559.6	  325.0	.
856742	  966.4	  560.8	  326.0	.
856744	  966.4	  560.5	  326.0	.
856746	  966.7	  561.5	  326.0	.
856748	  966.7	  561.7	  326.0	.
856750	  966.8	  561.7	  326.0	.
856752	  966.6	  562.0	  325.0	.
856754	  966.2	  562.3	  326.0	.
856756	  965.5	  562.4	  326.0	.
856758	  966.2	  562.1	  326.0	.
856760	  965.7	  562.0	  325.0	.
856762	  965.2	  561.8	  324.0	.
856764	  964.3	  561.3	  324.0	.
856766	  963.5	  562.0	  324.0	.
856768	  963.3	  561.4	  325.0	.
856770	  963.4	  561.5	  326.0	.
856772	  963.5	  561.7	  326.0	.
856774	  965.0	  560.1	  325.0	.
856776	  965.3	  558.6	  325.0	.
856778	  965.7	  558.5	  323.0	.
856780	  966.0	  558.7	  323.0	.
856782	  965.3	  559.1	  325.0	.
856784	  964.7	  559.1	  325.0	.
856786	  964.5	  559.0	  325.0	.
856788	  964.3	  558.1	  324.0	.
856790	  964.0	  557.5	  324.0	.
856792	  964.2	  557.5	  324.0	.
856794	  964.3	  557.6	  323.0	.
856796	  964.0	  558.4	  323.0	.
856798	  964.0	  558.6	  324.0	.
856800	  964.1	  558.7	  324.0	.
856802	  964.6	  558.7	  324.0	.
856804	  965.7	  558.0	  324.0	.
856806	  965.9	  557.3	  323.0	.
856808	  966.1	  557.8	  323.0	.
856810	  964.9	  556.9	  323.0	.
856812	  964.0	  556.9	  323.0	.
856814	  964.0	  557.1	  323.0	.
856816	  964.2	  557.3	  324.0	.
856818	  963.6	  557.6	  326.0	.
856820	  963.5	  557.9	  326.0	.
856822	  963.5	  560.5	  326.0	.
856824	  963.6	  560.9	  327.0	.
856826	  963.6	  561.1	  327.0	.
856828	  963.7	  559.2	  326.0	.
856830	  963.5	  558.6	  326.0	.
856832	  963.6	  558.7	  326.0	.
856834	  963.2	  558.8	  327.0	.
856836	  963.4	  559.3	  327.0	.
856838	  962.6	  558.6	  327.0	.
856840	  962.6	  558.6	  327.0	.
856842	  962.8	  559.0	  327.0	.
856844	  963.1	  559.4	  327.0	.
856846	  962.4	  560.0	  329.0	.
856848	  962.5	  560.6	  329.0	.
856850	  962.4	  561.2	  329.0	.
856852	  961.1	  562.0	  329.0	.
856854	  961.8	  561.2	  329.0	.
856856	  962.7	  561.9	  329.0	.
856858	  962.5	  561.5	  329.0	.
856860	  962.4	  561.3	  329.0	.
856862	  962.6	  561.2	  329.0	.
856864	  962.6	  561.3	  329.0	.
856866	  963.1	  561.1	  328.0	.
856868	  963.1	  561.6	  328.0	.
856870	  963.0	  561.0	  328.0	.
856872	  962.5	  560.5	  326.0	.
856874	  961.6	  558.9	  325.0	.
856876	  961.5	  557.4	  325.0	.
856878	  961.7	  556.8	  325.0	.
856880	  962.0	  556.5	  325.0	.
856882	  962.6	  557.1	  327.0	.
856884	  963.1	  557.0	  327.0	.
856886	  962.7	  558.7	  327.0	.
856888	  962.7	  560.3	  328.0	.
856890	  962.5	  559.6	  328.0	.
856892	  962.6	  560.0	  329.0	.
856894	  962.7	  560.3	  329.0	.
856896	  962.9	  560.5	  329.0	.
856898	  963.2	  560.4	  329.0	.
856900	  963.2	  560.3	  329.0	.
856902	  963.2	  559.9	  329.0	.
856904	  965.4	  560.9	  329.0	.
856906	  965.0	  560.8	  329.0	.
856908	  965.1	  560.7	  329.0	.
856910	  963.7	  560.6	  329.0	.
856912	  963.5	  560.2	  329.0	.
856914	  963.9	  559.6	  329.0	.
856916	  963.9	  560.4	  329.0	.
856918	  964.1	  561.1	  330.0	.
856920	  964.1	  559.9	  329.0	.
856922	  964.4	  559.7	  330.0	.
856924	  964.2	  560.0	  330.0	.
856926	  964.6	  560.2	  330.0	.
856928	  965.0	  560.7	  331.0	.
856930	  964.8	  561.3	  332.0	.
856932	  965.2	  561.2	  332.0	.
856934	  965.7	  562.1	  333.0	.
856936	  966.7	  562.2	  333.0	.
856938	  967.0	  562.1	  333.0	.
856940	  966.3	  562.6	  333.0	.
856942	  965.7	  562.6	  333.0	.
856944	  965.3	  562.6	  333.0	.
856946	  965.9	  563.2	  332.0	.
856948	  965.9	  562.8	  332.0	.
856950	  966.0	  562.4	  332.0	.
856952	  965.7	  562.8	  330.0	.
856954	  965.6	  563.1	  330.0	.
856956	  965.0	  563.6	  333.0	.
856958	  965.1	  564.0	  333.0	.
856960	  966.2	  564.2	  332.0	.
856962	  966.4	  564.2	  332.0	.
856964	  967.0	  564.2	  332.0	.
856966	  966.9	  564.3	  332.0	.
856968	  967.0	  563.9	  332.0	.
856970	  967.4	  563.7	  332.0	.
856972	  966.2	  563.8	  332.0	.
856974	  966.0	  563.4	  331.0	.
856976	  966.1	  564.0	  332.0	.
856978	  966.4	  563.6	  332.0	.
856980	  966.5	  563.9	  332.0	.
856982	  966.8	  564.2	  332.0	.
856984	  967.3	  563.8	  332.0	.
856986	  968.6	  563.4	  332.0	.
856988	  968.3	  562.4	  332.0	.
856990	  968.2	  561.6	  334.0	.
856992	  968.2	  561.7	  334.0	.
856994	  968.3	  561.9	  334.0	.
856996	  968.4	  561.8	  333.0	.
856998	  968.5	  562.0	  333.0	.
857000	  968.5	  562.3	  333.0	.
857002	  968.8	  561.1	  333.0	.
857004	  969.0	  560.0	  332.0	.
857006	  969.1	  559.3	  332.0	.
857008	  968.5	  558.8	  333.0	.
857010	  968.0	  558.8	  333.0	.
857012	  968.1	  559.8	  333.0	.
857014	  968.3	  559.8	  333.0	.
857016	  967.9	  559.4	  334.0	.
857018	  968.3	  560.5	  334.0	.
857020	  968.4	  561.6	  333.0	.
857022	  969.1	  561.5	  333.0	.
857024	  969.0	  561.5	  333.0	.
857026	  969.6	  561.1	  335.0	.
857028	  969.4	  562.0	  335.0	.
857030	  969.9	  561.6	  335.0	.
857032	  969.2	  561.4	  337.0	.
857034	  969.3	  561.7	  337.0	.
857036	  969.3	  562.0	  336.0	.
857038	  969.4	  564.0	  336.0	.
857040	  970.2	  563.9	  336.0	.
857042	  969.4	  563.9	  335.0	.
857044	  968.6	  564.0	  335.0	.
857046	  968.0	  564.0	  334.0	.
857048	  967.7	  564.1	  334.0	.
857050	  967.6	  563.9	  335.0	.
857052	  967.2	  564.0	  335.0	.
857054	  967.3	  563.8	  334.0	.
857056	  966.3	  563.8	  334.0	.
857058	  966.1	  563.8	  334.0	.
857060	  966.2	  563.9	  335.0	.
857062	  966.2	  563.9	  335.0	.
857064	  966.3	  564.5	  336.0	.
857066	  966.3	  564.8	  336.0	.
857068	  965.4	  564.3	  335.0	.
857070	  964.7	  565.0	  335.0	.
857072	  965.4	  565.5	  335.0	.
857074	  965.3	  565.6	  336.0	.
857076	  965.5	  564.9	  336.0	.
857078	  965.7	  565.1	  336.0	.
857080	  965.6	  564.1	  336.0	.
857082	  965.5	  563.6	  336.0	.
857084	  966.9	  563.3	  335.0	.
857086	  966.3	  563.9	  334.0	.
857088	  965.7	  564.6	  334.0	.
857090	  967.0	  564.9	  334.0	.
857092	  967.0	  564.5	  334.0	.
857094	  967.0	  563.9	  334.0	.
857096	  966.9	  564.1	  334.0	.
857098	  966.7	  564.0	  334.0	.
857100	  967.2	  564.0	  334.0	.
857102	  967.7	  564.4	  334.0	.
857104	  968.1	  563.4	  333.0	.
857106	  968.0	  562.3	  334.0	.
857108	  968.0	  562.0	  334.0	.
857110	  968.1	  561.6	  334.0	.
857112	  968.3	  561.4	  334.0	.
857114	  968.3	  560.7	  334.0	.
857116	  968.3	  560.2	  334.0	.
857118	  968.3	  559.3	  334.0	.
857120	  969.0	  559.5	  334.0	.
857122	  968.1	  559.4	  335.0	.
857124	  968.3	  559.2	  336.0	.
857126	  968.4	  559.6	  337.0	.
857128	  968.7	  558.1	  337.0	.
857130	  968.8	  559.2	  335.0	.
857132	  968.9	  560.4	  335.0	.
857134	  968.5	  560.2	  335.0	.
857136	  968.6	  559.9	  335.0	.
857138	  967.9	  560.6	  335.0	.
857140	  967.2	  561.0	  335.0	.
857142	  968.1	  560.9	  336.0	.
857144	  969.0	  560.9	  336.0	.
857146	  969.2	  560.8	  336.0	.
857148	  969.1	  560.7	  335.0	.
857150	  969.6	  561.5	  334.0	.
857152	  969.5	  562.4	  334.0	.
857154	  969.2	  562.2	  335.0	.
857156	  969.6	  562.2	  335.0	.
857158	  969.7	  561.6	  335.0	.
857160	  969.6	  561.0	  336.0	.
857162	  969.8	  562.6	  336.0	.
857164	  969.9	  563.0	  335.0	.
857166	  969.1	  563.0	  335.0	.
857168	  968.8	  563.0	  335.0	.
857170	  968.5	  563.0	  335.0	.
857172	  964.6	  563.5	  335.0	.
EFIX L   854578	857172	2596	  966.1	  546.9	    299
SSACC L  857174
857174	  960.4	  560.3	  335.0	.
857176	  954.1	  560.3	  335.0	.
857178	  950.9	  560.0	  333.0	.
857180	  949.4	  554.1	  333.0	.
857182	  949.6	  548.0	  333.0	.
857184	  950.2	  547.8	  332.0	.
857186	  953.3	  548.5	  332.0	.
857188	  963.6	  548.1	  332.0	.
857190	  964.7	  545.3	  332.0	.
857192	  965.5	  546.4	  331.0	.
ESACC L  857174	857192	20	  960.4	  560.3	  964.7	  545.3	   0.44	     57
SFIX L   857194
857194	  965.0	  545.9	  331.0	.
857196	  965.6	  545.1	  332.0	.
857198	  965.0	  544.0	  333.0	.
857200	  964.5	  543.5	  334.0	.
857202	  962.8	  544.1	  334.0	.
857204	  962.7	  544.4	  333.0	.
857206	  962.5	  543.8	  332.0	.
857208	  961.3	  543.4	  332.0	.
857210	  960.0	  542.0	  332.0	.
857212	  959.9	  541.8	  332.0	.
857214	  959.8	  541.8	  332.0	.
857216	  958.4	  542.0	  332.0	.
857218	  958.2	  542.0	  332.0	.
857220	  958.6	  543.5	  331.0	.
857222	  958.4	  545.1	  331.0	.
857224	  958.5	  546.0	  331.0	.
857226	  958.6	  546.8	  337.0	.
857228	  958.9	  548.1	  337.0	.
857230	  958.6	  547.8	  336.0	.
857232	  959.4	  547.5	  336.0	.
857234	  958.6	  547.5	  336.0	.
857236	  958.7	  547.5	  336.0	.
857238	  958.6	  546.8	  336.0	.
857240	  958.3	  547.9	  336.0	.
857242	  957.8	  549.0	  335.0	.
857244	  958.5	  550.1	  332.0	.
857246	  958.9	  551.3	  331.0	.
857248	  958.4	  553.4	  331.0	.
857250	  957.6	  553.8	  330.0	.
857252	  956.9	  554.1	  331.0	.
857254	  956.0	  554.3	  331.0	.
857256	  956.3	  556.6	  333.0	.
857258	  956.4	  556.8	  333.0	.
857260	  956.6	  556.8	  333.0	.
857262	  956.8	  556.6	  330.0	.
857264	  957.2	  557.0	  328.0	.
857266	  958.8	  557.0	  328.0	.
857268	  959.9	  557.9	  331.0	.
857270	  960.7	  557.7	  332.0	.
857272	  960.8	  557.7	  332.0	.
857274	  961.4	  558.0	  332.0	.
857276	  961.1	  558.4	  332.0	.
857278	  961.3	  557.6	  332.0	.
857280	  961.6	  557.3	  332.0	.
857282	  960.8	  557.5	  330.0	.
857284	  960.8	  557.4	  330.0	.
857286	  961.2	  557.2	  330.0	.
857288	  961.6	  556.9	  329.0	.
857290	  961.8	  556.2	  329.0	.
857292	  964.4	  555.1	  328.0	.
857294	  963.7	  555.6	  328.0	.
857296	  963.9	  554.8	  328.0	.
857298	  963.1	  554.6	  328.0	.
857300	  963.0	  554.4	  328.0	.
857302	  962.9	  553.2	  327.0	.
857304	  962.9	  553.2	  326.0	.
857306	  962.8	  553.3	  325.0	.
857308	  962.3	  552.1	  325.0	.
857310	  962.5	  552.8	  325.0	.
857312	  962.4	  553.6	  325.0	.
857314	  962.1	  553.3	  326.0	.
857316	  962.1	  553.1	  327.0	.
857318	  962.3	  554.5	  327.0	.
857320	  962.4	  554.7	  327.0	.
857322	  962.4	  554.8	  327.0	.
857324	  962.6	  555.4	  328.0	.
857326	  962.6	  553.9	  328.0	.
857328	  962.6	  552.5	  328.0	.
857330	  962.6	  552.6	  328.0	.
857332	  963.9	  552.7	  328.0	.
857334	  963.4	  552.6	  327.0	.
857336	  963.1	  554.0	  327.0	.
857338	  963.2	  555.3	  327.0	.
857340	  963.2	  554.5	  326.0	.
857342	  963.2	  554.4	  326.0	.
857344	  963.3	  554.5	  326.0	.
857346	  963.1	  552.8	  324.0	.
857348	  963.2	  552.9	  324.0	.
857350	  963.3	  552.9	  324.0	.
857352	  962.8	  550.8	  324.0	.
857354	  962.7	  551.1	  324.0	.
857356	  962.9	  551.6	  324.0	.
857358	  962.8	  551.0	  323.0	.
857360	  962.8	  551.7	  323.0	.
857362	  962.7	  551.9	  323.0	.
857364	  962.5	  552.2	  323.0	.
857366	  962.6	  551.9	  323.0	.
857368	  962.7	  551.8	  322.0	.
857370	  962.7	  550.6	  322.0	.
857372	  963.8	  549.4	  322.0	.
857374	  964.9	  549.0	  323.0	.
857376	  964.5	  549.2	  324.0	.
857378	  964.1	  549.0	  324.0	.
857380	  962.9	  549.0	  323.0	.
857382	  963.5	  548.4	  322.0	.
857384	  963.1	  548.5	  321.0	.
857386	  962.6	  548.4	  319.0	.
857388	  962.2	  549.2	  319.0	.
857390	  961.8	  549.9	  319.0	.
857392	  961.7	  549.8	  321.0	.
857394	  961.9	  549.6	  321.0	.
857396	  962.1	  549.9	  321.0	.
857398	  961.4	  550.2	  321.0	.
857400	  961.2	  550.0	  319.0	.
857402	  961.3	  550.3	  319.0	.
857404	  961.3	  550.6	  319.0	.
857406	  961.5	  551.0	  318.0	.
857408	  961.8	  551.3	  319.0	.
857410	  961.8	  552.2	  319.0	.
857412	  961.9	  552.5	  321.0	.
857414	  961.8	  552.7	  321.0	.
857416	  961.7	  552.8	  320.0	.
857418	  961.0	  552.9	  320.0	.
MSG	857419 DSP: STIM
857420	  960.4	  553.2	  319.0	.
857422	  960.3	  553.2	  317.0	.
857424	  960.2	  553.1	  317.0	.
857426	  959.8	  553.7	  318.0	.
857428	  959.7	  554.2	  318.0	.
857430	  959.8	  554.2	  320.0	.
857432	  959.7	  554.2	  320.0	.
857434	  959.7	  554.0	  320.0	.
857436	  959.6	  554.0	  320.0	.
857438	  959.9	  553.9	  319.0	.
857440	  959.3	  553.0	  319.0	.
857442	  959.4	  552.5	  319.0	.
857444	  959.5	  552.3	  317.0	.
857446	  959.7	  552.1	  316.0	.
857448	  959.8	  550.7	  316.0	.
857450	  960.3	  551.5	  316.0	.
857452	  960.7	  551.0	  316.0	.
857454	  960.4	  550.5	  316.0	.
857456	  960.7	  549.7	  316.0	.
857458	  960.8	  549.3	  316.0	.
857460	  960.8	  549.1	  316.0	.
857462	  962.1	  548.3	  316.0	.
857464	  961.4	  547.9	  316.0	.
857466	  960.8	  546.6	  316.0	.
857468	  960.5	  546.6	  316.0	.
857470	  960.7	  546.5	  316.0	.
857472	  960.6	  546.2	  316.0	.
857474	  960.6	  546.2	  316.0	.
857476	  960.3	  546.4	  315.0	.
857478	  960.3	  546.5	  315.0	.
857480	  960.2	  546.5	  315.0	.
857482	  960.2	  546.4	  315.0	.
857484	  962.0	  546.3	  314.0	.
857486	  962.0	  545.7	  314.0	.
857488	  961.8	  545.8	  315.0	.
857490	  961.8	  545.8	  315.0	.
857492	  962.0	  546.9	  314.0	.
857494	  962.3	  546.4	  314.0	.
857496	  962.1	  546.1	  314.0	.
857498	  961.5	  546.2	  313.0	.
857500	  961.5	  546.3	  313.0	.
857502	  961.3	  546.2	  313.0	.
857504	  961.9	  547.2	  313.0	.
857506	  961.8	  547.2	  314.0	.
857508	  961.6	  546.9	  314.0	.
857510	  961.7	  546.8	  313.0	.
857512	  961.7	  547.0	  313.0	.
857514	  962.3	  546.6	  313.0	.
857516	  962.8	  546.4	  313.0	.
857518	  962.6	  545.8	  313.0	.
857520	  962.6	  545.6	  313.0	.
857522	  962.6	  545.7	  313.0	.
857524	  962.4	  545.9	  313.0	.
857526	  962.2	  545.6	  313.0	.
857528	  962.1	  547.0	  313.0	.
857530	  962.1	  547.0	  315.0	.
857532	  961.2	  547.2	  315.0	.
857534	  960.9	  547.5	  315.0	.
857536	  960.7	  546.2	  315.0	.
857538	  960.7	  544.9	  315.0	.
857540	  961.1	  545.4	  315.0	.
857542	  961.8	  545.6	  312.0	.
857544	  961.9	  545.6	  312.0	.
857546	  961.9	  545.4	  311.0	.
857548	  961.8	  545.5	  311.0	.
857550	  961.7	  545.7	  311.0	.
857552	  961.1	  546.4	  311.0	.
857554	  960.4	  546.3	  311.0	.
857556	  959.0	  546.3	  311.0	.
857558	  958.9	  546.8	  311.0	.
857560	  958.8	  546.6	  312.0	.
857562	  958.8	  546.4	  312.0	.
857564	  958.9	  547.5	  312.0	.
857566	  957.5	  547.9	  312.0	.
857568	  957.7	  547.6	  312.0	.
857570	  957.8	  547.4	  312.0	.
857572	  957.8	  547.2	  312.0	.
857574	  957.8	  547.2	  310.0	.
857576	  958.0	  547.2	  310.0	.
857578	  957.4	  546.8	  311.0	.
857580	  957.7	  546.3	  311.0	.
857582	  957.6	  546.3	  311.0	.
857584	  958.1	  546.3	  312.0	.
857586	  958.1	  546.4	  313.0	.
857588	  958.3	  546.6	  313.0	.
857590	  958.3	  545.6	  313.0	.
857592	  958.5	  545.8	  313.0	.
857594	  958.5	  545.9	  312.0	.
857596	  959.4	  545.1	  312.0	.
857598	  959.5	  545.2	  311.0	.
857600	  959.7	  544.7	  311.0	.
857602	  959.7	  544.2	  312.0	.
857604	  960.2	  544.0	  312.0	.
857606	  960.5	  543.9	  312.0	.
857608	  959.9	  544.1	  312.0	.
EFIX L   857194	857608	416	  960.9	  549.6	    321
SSACC L  857610
857610	  959.1	  544.2	  312.0	.
857612	  957.7	  544.6	  310.0	.
857614	  954.8	  545.2	  310.0	.
857616	  951.7	  546.5	  310.0	.
857618	  931.5	  550.4	  310.0	.
857620	  910.1	  555.9	  311.0	.
857622	  889.3	  558.6	  313.0	.
857624	  855.1	  563.5	  317.0	.
857626	  821.3	  568.0	  317.0	.
857628	  787.2	  572.1	  317.0	.
857630	  750.7	  576.2	  317.0	.
857632	  720.2	  579.6	  317.0	.
857634	  686.9	  583.0	  317.0	.
857636	  649.3	  583.5	  317.0	.
857638	  617.2	  585.8	  317.0	.
857640	  585.0	  587.8	  315.0	.
857642	  542.9	  588.5	  314.0	.
857644	  514.6	  588.1	  313.0	.
857646	  483.7	  587.7	  311.0	.
857648	  465.5	  588.9	  310.0	.
857650	  444.5	  590.1	  309.0	.
857652	  438.3	  590.0	  309.0	.
857654	  437.1	  590.0	  309.0	.
857656	  438.3	  590.0	  309.0	.
ESACC L  857610	857656	48	  959.1	  544.2	  437.1	  590.0	  12.82	    431
SFIX L   857658
857658	  439.4	  589.8	  309.0	.
857660	  440.0	  589.6	  309.0	.
857662	  440.3	  589.6	  309.0	.
857664	  440.9	  590.5	  309.0	.
857666	  439.4	  590.9	  310.0	.
857668	  438.2	  591.4	  310.0	.
857670	  439.2	  591.6	  309.0	.
857672	  439.7	  591.8	  309.0	.
857674	  439.5	  591.9	  307.0	.
857676	  439.6	  592.0	  307.0	.
857678	  439.5	  591.9	  307.0	.
857680	  439.6	  591.8	  307.0	.
857682	  439.9	  591.9	  307.0	.
857684	  439.5	  591.7	  308.0	.
857686	  438.9	  591.5	  308.0	.
857688	  437.7	  591.6	  309.0	.
857690	  436.8	  591.8	  309.0	.
857692	  437.0	  591.4	  309.0	.
857694	  437.1	  591.1	  310.0	.
857696	  437.5	  591.5	  310.0	.
857698	  436.7	  590.9	  310.0	.
857700	  437.2	  590.4	  310.0	.
857702	  436.4	  590.5	  310.0	.
857704	  437.2	  589.6	  310.0	.
857706	  436.5	  588.6	  310.0	.
857708	  437.0	  586.6	  310.0	.
857710	  437.0	  586.8	  311.0	.
857712	  437.3	  586.6	  311.0	.
857714	  437.0	  587.5	  311.0	.
857716	  437.3	  587.5	  311.0	.
857718	  437.3	  587.3	  311.0	.
857720	  437.7	  586.2	  311.0	.
857722	  437.7	  586.5	  311.0	.
857724	  437.9	  585.2	  311.0	.
857726	  438.2	  585.2	  311.0	.
857728	  438.4	  585.3	  311.0	.
857730	  438.5	  584.6	  311.0	.
857732	  438.1	  585.7	  312.0	.
857734	  438.6	  584.7	  312.0	.
857736	  437.8	  584.0	  313.0	.
857738	  437.8	  583.2	  313.0	.
857740	  438.0	  583.3	  312.0	.
857742	  439.1	  583.4	  312.0	.
857744	  439.8	  583.7	  311.0	.
857746	  440.0	  584.6	  311.0	.
857748	  439.6	  585.0	  311.0	.
857750	  439.7	  585.2	  310.0	.
857752	  439.8	  586.5	  310.0	.
857754	  439.4	  586.5	  310.0	.
857756	  439.3	  587.2	  310.0	.
857758	  439.2	  588.1	  310.0	.
857760	  438.2	  587.8	  312.0	.
857762	  437.8	  587.7	  312.0	.
857764	  437.4	  587.6	  312.0	.
857766	  437.2	  588.0	  312.0	.
857768	  436.9	  588.0	  312.0	.
857770	  437.4	  588.0	  313.0	.
857772	  437.6	  588.0	  313.0	.
857774	  437.9	  588.1	  312.0	.
857776	  437.8	  587.8	  312.0	.
857778	  437.8	  588.1	  310.0	.
857780	  437.7	  588.2	  310.0	.
857782	  435.9	  588.4	  311.0	.
857784	  436.1	  587.9	  311.0	.
857786	  435.9	  587.8	  311.0	.
857788	  435.9	  587.6	  311.0	.
857790	  436.0	  587.6	  311.0	.
857792	  436.3	  587.2	  311.0	.
857794	  436.9	  586.9	  310.0	.
857796	  437.5	  586.7	  310.0	.
857798	  436.6	  587.8	  311.0	.
857800	  435.5	  587.8	  312.0	.
857802	  435.8	  587.9	  312.0	.
857804	  435.9	  588.2	  312.0	.
857806	  436.0	  587.9	  312.0	.
857808	  435.6	  587.4	  312.0	.
857810	  435.8	  587.9	  312.0	.
857812	  435.7	  587.9	  312.0	.
857814	  436.2	  588.0	  312.0	.
857816	  436.5	  587.0	  312.0	.
857818	  436.6	  586.7	  312.0	.
857820	  436.5	  586.4	  312.0	.
857822	  436.5	  587.1	  312.0	.
857824	  436.4	  587.1	  313.0	.
857826	  436.4	  587.2	  313.0	.
857828	  436.2	  586.4	  313.0	.
857830	  436.6	  586.2	  313.0	.
857832	  436.4	  586.2	  312.0	.
857834	  436.3	  586.3	  312.0	.
857836	  435.6	  586.4	  313.0	.
857838	  435.6	  586.4	  313.0	.
857840	  435.6	  586.3	  313.0	.
857842	  435.2	  586.5	  313.0	.
857844	  434.7	  586.7	  313.0	.
857846	  433.4	  587.9	  313.0	.
857848	  431.0	  587.5	  313.0	.
857850	  424.2	  587.2	  312.0	.
857852	  421.0	  585.9	  308.0	.
857854	  417.8	  585.6	  308.0	.
857856	  416.9	  585.5	  308.0	.
857858	  416.8	  585.5	  308.0	.
857860	  416.7	  585.3	  308.0	.
857862	  417.5	  585.6	  310.0	.
857864	  417.4	  585.7	  310.0	.
857866	  417.3	  585.7	  308.0	.
857868	  416.8	  585.2	  307.0	.
857870	  416.4	  585.5	  307.0	.
857872	  415.6	  585.3	  307.0	.
857874	  416.1	  585.8	  307.0	.
857876	  416.0	  585.9	  307.0	.
857878	  415.9	  585.9	  307.0	.
857880	  415.7	  586.6	  308.0	.
857882	  415.4	  586.1	  308.0	.
857884	  414.5	  585.6	  308.0	.
857886	  414.8	  585.4	  308.0	.
857888	  414.9	  585.1	  309.0	.
857890	  414.9	  585.1	  309.0	.
857892	  414.7	  585.1	  309.0	.
857894	  415.1	  585.1	  308.0	.
857896	  415.0	  584.4	  308.0	.
857898	  414.9	  583.7	  309.0	.
857900	  414.9	  582.4	  310.0	.
857902	  414.9	  582.4	  310.0	.
857904	  414.5	  583.6	  309.0	.
857906	  414.0	  584.0	  309.0	.
857908	  413.0	  584.3	  309.0	.
857910	  413.0	  584.7	  309.0	.
857912	  413.0	  584.6	  309.0	.
857914	  413.1	  584.9	  308.0	.
857916	  412.9	  585.3	  308.0	.
857918	  412.8	  585.7	  308.0	.
857920	  412.9	  586.0	  308.0	.
857922	  413.2	  585.7	  309.0	.
857924	  413.4	  586.3	  310.0	.
857926	  413.3	  585.3	  310.0	.
857928	  414.0	  585.1	  310.0	.
857930	  414.7	  585.4	  310.0	.
857932	  416.0	  585.5	  310.0	.
857934	  416.0	  585.6	  310.0	.
857936	  415.5	  585.6	  310.0	.
857938	  415.0	  585.0	  310.0	.
857940	  415.0	  584.3	  310.0	.
857942	  415.0	  583.8	  310.0	.
857944	  414.9	  583.7	  310.0	.
857946	  415.1	  583.8	  310.0	.
857948	  415.4	  583.5	  310.0	.
857950	  416.1	  583.5	  309.0	.
857952	  416.5	  581.4	  309.0	.
857954	  417.0	  582.0	  309.0	.
857956	  416.6	  581.7	  309.0	.
857958	  416.6	  581.2	  310.0	.
857960	  416.6	  580.7	  309.0	.
857962	  416.6	  580.6	  310.0	.
857964	  417.1	  581.0	  310.0	.
857966	  417.0	  581.1	  310.0	.
857968	  417.1	  581.1	  311.0	.
857970	  417.2	  581.3	  312.0	.
857972	  417.2	  581.5	  312.0	.
857974	  417.2	  581.9	  313.0	.
857976	  417.8	  581.2	  313.0	.
857978	  417.6	  580.5	  312.0	.
857980	  417.3	  578.3	  312.0	.
857982	  417.0	  578.8	  313.0	.
857984	  416.9	  579.0	  313.0	.
857986	  416.9	  579.2	  313.0	.
857988	  416.8	  579.3	  314.0	.
857990	  416.8	  579.5	  314.0	.
857992	  416.8	  581.7	  314.0	.
857994	  416.8	  581.8	  315.0	.
857996	  417.2	  581.8	  314.0	.
857998	  417.7	  584.2	  315.0	.
858000	  419.2	  583.8	  315.0	.
EFIX L   857658	858000	344	  428.0	  586.1	    310
SSACC L  858002
858002	  420.9	  584.3	  315.0	.
858004	  429.6	  584.6	  315.0	.
858006	  442.5	  585.7	  316.0	.
858008	  469.5	  589.8	  317.0	.
858010	  503.7	  593.3	  319.0	.
858012	  547.0	  593.4	  320.0	.
858014	  584.9	  595.7	  323.0	.
858016	  626.6	  600.9	  325.0	.
858018	  680.5	  600.1	  325.0	.
858020	  731.7	  603.6	  325.0	.
858022	  781.4	  609.1	  326.0	.
858024	  836.6	  620.1	  327.0	.
858026	  890.8	  620.8	  327.0	.
858028	  948.1	  613.4	  327.0	.
858030	  998.1	  616.2	  326.0	.
858032	 1048.3	  618.3	  325.0	.
858034	 1103.4	  619.6	  325.0	.
858036	 1160.8	  624.5	  324.0	.
858038	 1207.8	  624.3	  324.0	.
858040	 1261.0	  620.1	  324.0	.
858042	 1305.5	  618.0	  323.0	.
858044	 1351.0	  614.1	  323.0	.
858046	 1389.7	  613.3	  322.0	.
858048	 1426.0	  610.4	  321.0	.
858050	 1464.5	  600.7	  318.0	.
858052	 1491.3	  605.0	  317.0	.
858054	 1523.9	  602.0	  317.0	.
858056	 1543.6	  598.7	  317.0	.
858058	 1561.9	  598.1	  317.0	.
858060	 1563.7	  599.5	  317.0	.
858062	 1564.2	  600.0	  318.0	.
858064	 1561.7	  597.5	  321.0	.
ESACC L  858002	858064	64	  420.9	  584.3	 1564.2	  600.0	  27.22	    685
SFIX L   858066
858066	 1559.2	  595.0	  321.0	.
858068	 1554.2	  595.1	  322.0	.
858070	 1554.1	  594.5	  322.0	.
858072	 1554.1	  594.3	  323.0	.
858074	 1553.8	  594.9	  322.0	.
858076	 1553.8	  595.5	  322.0	.
858078	 1556.0	  595.5	  322.0	.
858080	 1556.9	  597.3	  321.0	.
858082	 1557.6	  598.1	  320.0	.
858084	 1558.4	  598.6	  318.0	.
858086	 1557.6	  598.0	  318.0	.
858088	 1558.9	  598.0	  319.0	.
858090	 1559.0	  598.5	  320.0	.
858092	 1559.1	  598.5	  323.0	.
858094	 1557.8	  598.9	  323.0	.
858096	 1557.5	  599.0	  322.0	.
858098	 1557.0	  596.8	  322.0	.
858100	 1555.1	  596.3	  321.0	.
858102	 1553.1	  596.6	  321.0	.
858104	 1553.0	  596.2	  321.0	.
858106	 1552.8	  595.3	  320.0	.
858108	 1551.5	  595.5	  320.0	.
858110	 1550.3	  597.4	  320.0	.
858112	 1549.9	  597.6	  320.0	.
858114	 1549.9	  596.9	  319.0	.
858116	 1550.2	  598.9	  319.0	.
858118	 1548.8	  600.0	  319.0	.
858120	 1549.0	  600.2	  321.0	.
858122	 1549.2	  600.5	  321.0	.
858124	 1550.8	  599.7	  323.0	.
858126	 1551.9	  599.0	  323.0	.
858128	 1552.1	  601.8	  324.0	.
858130	 1552.4	  602.7	  325.0	.
858132	 1552.0	  602.8	  325.0	.
858134	 1551.9	  602.4	  325.0	.
858136	 1551.8	  601.9	  325.0	.
858138	 1549.8	  602.2	  324.0	.
858140	 1547.7	  602.5	  323.0	.
858142	 1547.3	  602.3	  322.0	.
858144	 1547.3	  602.2	  322.0	.
858146	 1547.6	  602.4	  323.0	.
858148	 1547.9	  601.5	  324.0	.
858150	 1547.6	  600.8	  324.0	.
858152	 1547.3	  600.4	  324.0	.
858154	 1548.4	  600.5	  324.0	.
858156	 1547.8	  600.6	  324.0	.
858158	 1547.2	  600.6	  324.0	.
858160	 1546.4	  600.9	  324.0	.
858162	 1546.2	  601.1	  324.0	.
858164	 1546.4	  601.0	  325.0	.
858166	 1546.7	  601.0	  325.0	.
858168	 1547.1	  603.4	  328.0	.
858170	 1547.2	  604.4	  328.0	.
858172	 1546.9	  602.5	  327.0	.
858174	 1546.4	  600.9	  327.0	.
858176	 1545.9	  601.4	  326.0	.
858178	 1546.5	  601.7	  326.0	.
858180	 1547.0	  602.9	  327.0	.
858182	 1547.3	  603.0	  327.0	.
858184	 1547.6	  603.0	  328.0	.
858186	 1547.2	  603.3	  327.0	.
858188	 1546.6	  603.4	  327.0	.
858190	 1546.5	  603.7	  327.0	.
858192	 1546.8	  602.4	  328.0	.
858194	 1546.0	  602.4	  328.0	.
858196	 1547.5	  601.8	  328.0	.
858198	 1549.0	  600.3	  329.0	.
858200	 1549.7	  602.1	  330.0	.
EFIX L   858066	858200	136	 1550.9	  599.8	    323
SSACC L  858202
858202	 1550.6	  604.1	  330.0	.
858204	 1555.1	  604.6	  330.0	.
858206	 1561.4	  604.7	  331.0	.
858208	 1571.6	  607.2	  331.0	.
858210	 1583.3	  609.4	  331.0	.
858212	 1593.0	  606.3	  331.0	.
858214	 1602.7	  603.4	  330.0	.
858216	 1601.0	  604.1	  329.0	.
858218	 1599.4	  605.0	  329.0	.
858220	 1595.0	  603.7	  329.0	.
ESACC L  858202	858220	20	 1550.6	  604.1	 1599.4	  605.0	   1.18	    124
SFIX L   858222
858222	 1593.3	  601.7	  330.0	.
858224	 1592.2	  600.2	  331.0	.
858226	 1591.4	  600.8	  333.0	.
858228	 1592.1	  600.2	  333.0	.
858230	 1592.5	  601.0	  333.0	.
858232	 1592.7	  601.6	  334.0	.
858234	 1593.0	  602.0	  334.0	.
858236	 1592.8	  602.4	  335.0	.
858238	 1592.7	  603.3	  336.0	.
858240	 1590.7	  603.6	  336.0	.
858242	 1590.2	  604.2	  335.0	.
858244	 1589.6	  604.0	  335.0	.
858246	 1589.3	  603.7	  335.0	.
858248	 1589.2	  603.5	  335.0	.
858250	 1589.2	  603.5	  335.0	.
858252	 1589.5	  603.3	  335.0	.
858254	 1589.6	  602.9	  335.0	.
858256	 1589.6	  602.4	  335.0	.
858258	 1589.7	  602.2	  335.0	.
858260	 1590.1	  602.4	  334.0	.
858262	 1590.7	  602.6	  334.0	.
858264	 1590.7	  603.0	  334.0	.
858266	 1590.5	  603.5	  334.0	.
858268	 1590.7	  604.0	  334.0	.
858270	 1590.9	  603.3	  333.0	.
858272	 1590.5	  603.3	  333.0	.
858274	 1590.2	  603.2	  333.0	.
858276	 1590.5	  602.2	  333.0	.
858278	 1590.1	  601.4	  333.0	.
858280	 1589.5	  599.1	  334.0	.
858282	 1589.2	  599.2	  334.0	.
858284	 1589.2	  599.2	  334.0	.
858286	 1589.3	  598.8	  334.0	.
858288	 1590.5	  598.1	  334.0	.
858290	 1591.3	  596.0	  334.0	.
858292	 1591.3	  594.3	  333.0	.
858294	 1591.2	  593.2	  333.0	.
858296	 1591.1	  594.7	  332.0	.
858298	 1591.0	  595.3	  332.0	.
858300	 1590.7	  595.6	  332.0	.
858302	 1590.4	  595.0	  331.0	.
858304	 1590.0	  594.4	  331.0	.
858306	 1589.6	  592.9	  331.0	.
858308	 1588.8	  591.8	  331.0	.
858310	 1588.0	  590.6	  331.0	.
858312	 1587.8	  589.0	  331.0	.
858314	 1587.8	  589.7	  331.0	.
858316	 1587.2	  590.3	  332.0	.
858318	 1587.4	  590.4	  332.0	.
858320	 1587.5	  590.6	  333.0	.
858322	 1587.7	  589.2	  333.0	.
858324	 1587.8	  587.8	  332.0	.
858326	 1587.8	  587.9	  332.0	.
858328	 1587.3	  588.2	  332.0	.
858330	 1587.5	  587.9	  334.0	.
858332	 1587.1	  588.3	  334.0	.
858334	 1587.1	  586.9	  334.0	.
858336	 1587.0	  588.6	  334.0	.
858338	 1587.4	  588.9	  333.0	.
858340	 1587.5	  589.0	  332.0	.
858342	 1587.8	  588.9	  332.0	.
858344	 1587.7	  588.8	  332.0	.
858346	 1588.0	  592.0	  332.0	.
858348	 1587.4	  592.9	  333.0	.
858350	 1586.9	  593.9	  333.0	.
858352	 1587.8	  594.3	  332.0	.
858354	 1588.7	  594.7	  332.0	.
858356	 1588.8	  595.3	  333.0	.
858358	 1589.1	  597.1	  334.0	.
858360	 1590.3	  595.0	  334.0	.
858362	 1589.3	  595.1	  334.0	.
858364	 1588.2	  595.0	  334.0	.
858366	 1587.6	  594.2	  334.0	.
858368	 1587.5	  594.6	  334.0	.
858370	 1587.6	  595.2	  333.0	.
858372	 1588.0	  595.2	  332.0	.
858374	 1588.3	  595.4	  332.0	.
858376	 1588.2	  596.8	  332.0	.
858378	 1588.2	  595.5	  332.0	.
858380	 1587.8	  594.0	  331.0	.
858382	 1587.8	  594.7	  331.0	.
858384	 1587.5	  593.3	  332.0	.
858386	 1587.5	  592.8	  332.0	.
858388	 1587.3	  592.6	  332.0	.
858390	 1587.2	  592.5	  332.0	.
858392	 1587.0	  590.7	  332.0	.
858394	 1587.4	  590.6	  331.0	.
858396	 1586.7	  590.6	  331.0	.
858398	 1586.2	  591.7	  331.0	.
858400	 1585.6	  590.8	  332.0	.
858402	 1585.5	  590.0	  332.0	.
858404	 1585.3	  590.0	  332.0	.
858406	 1585.2	  590.1	  330.0	.
858408	 1585.4	  589.4	  329.0	.
858410	 1585.4	  590.7	  329.0	.
858412	 1585.9	  591.7	  330.0	.
858414	 1585.6	  592.4	  330.0	.
858416	 1585.4	  592.9	  331.0	.
858418	 1585.4	  595.1	  331.0	.
858420	 1586.1	  593.6	  331.0	.
858422	 1586.3	  593.8	  331.0	.
858424	 1586.2	  594.0	  332.0	.
858426	 1586.0	  593.1	  332.0	.
858428	 1585.0	  592.3	  332.0	.
858430	 1585.2	  593.2	  332.0	.
858432	 1585.0	  594.0	  332.0	.
858434	 1585.3	  594.3	  332.0	.
858436	 1584.6	  594.4	  332.0	.
858438	 1584.4	  595.2	  332.0	.
858440	 1584.3	  596.0	  331.0	.
858442	 1583.4	  596.6	  331.0	.
858444	 1582.5	  597.1	  330.0	.
858446	 1582.6	  598.1	  330.0	.
858448	 1582.5	  597.6	  330.0	.
858450	 1582.6	  597.5	  330.0	.
858452	 1582.5	  597.5	  330.0	.
858454	 1582.9	  597.1	  330.0	.
858456	 1583.2	  596.6	  331.0	.
858458	 1582.9	  597.9	  331.0	.
858460	 1582.6	  598.1	  331.0	.
858462	 1583.2	  597.4	  331.0	.
858464	 1583.7	  596.8	  330.0	.
858466	 1583.9	  596.7	  330.0	.
858468	 1582.8	  597.0	  330.0	.
858470	 1582.2	  595.0	  330.0	.
858472	 1582.0	  593.1	  329.0	.
858474	 1581.8	  591.2	  329.0	.
858476	 1580.9	  592.1	  329.0	.
858478	 1580.8	  591.0	  329.0	.
858480	 1580.8	  589.9	  329.0	.
858482	 1580.9	  590.1	  329.0	.
858484	 1581.0	  589.9	  328.0	.
858486	 1581.4	  589.5	  327.0	.
858488	 1581.0	  588.9	  327.0	.
858490	 1581.4	  586.9	  326.0	.
858492	 1581.8	  585.0	  327.0	.
858494	 1582.1	  583.1	  327.0	.
858496	 1582.6	  582.7	  327.0	.
858498	 1582.6	  582.3	  326.0	.
858500	 1582.7	  583.8	  325.0	.
858502	 1582.9	  583.2	  325.0	.
858504	 1583.2	  582.8	  325.0	.
858506	 1582.5	  583.0	  325.0	.
858508	 1581.8	  583.7	  324.0	.
858510	 1581.5	  583.5	  324.0	.
858512	 1581.3	  583.4	  324.0	.
858514	 1581.2	  585.4	  325.0	.
858516	 1581.6	  586.4	  325.0	.
858518	 1582.0	  586.8	  326.0	.
858520	 1582.2	  586.5	  326.0	.
858522	 1581.7	  586.3	  326.0	.
858524	 1582.3	  586.6	  327.0	.
858526	 1582.8	  585.2	  327.0	.
858528	 1583.4	  583.9	  328.0	.
858530	 1583.0	  585.1	  328.0	.
858532	 1582.7	  586.6	  329.0	.
858534	 1581.9	  585.6	  329.0	.
858536	 1581.6	  584.7	  329.0	.
858538	 1581.2	  581.9	  328.0	.
858540	 1580.9	  582.1	  327.0	.
858542	 1581.1	  582.3	  328.0	.
858544	 1581.3	  582.7	  328.0	.
858546	 1581.6	  581.8	  328.0	.
858548	 1581.8	  583.0	  328.0	.
858550	 1581.6	  582.4	  328.0	.
858552	 1581.3	  581.9	  328.0	.
858554	 1578.8	  580.2	  328.0	.
858556	 1578.8	  580.3	  328.0	.
858558	 1580.0	  581.6	  327.0	.
858560	 1581.2	  581.4	  328.0	.
858562	 1580.9	  581.0	  327.0	.
858564	 1580.7	  580.7	  327.0	.
858566	 1579.8	  580.8	  326.0	.
858568	 1580.0	  580.8	  326.0	.
858570	 1580.1	  580.6	  326.0	.
858572	 1580.3	  581.5	  326.0	.
858574	 1580.4	  581.6	  326.0	.
858576	 1580.2	  581.7	  326.0	.
858578	 1580.1	  580.5	  325.0	.
858580	 1579.8	  580.9	  325.0	.
858582	 1579.4	  580.7	  325.0	.
858584	 1579.2	  580.5	  325.0	.
858586	 1579.3	  579.4	  325.0	.
858588	 1579.4	  578.8	  325.0	.
858590	 1579.1	  578.9	  326.0	.
858592	 1579.0	  579.1	  326.0	.
858594	 1579.0	  578.8	  327.0	.
858596	 1579.4	  580.6	  328.0	.
858598	 1580.1	  579.9	  328.0	.
858600	 1580.3	  579.4	  327.0	.
858602	 1579.7	  579.6	  328.0	.
858604	 1579.0	  580.0	  328.0	.
858606	 1578.5	  580.0	  328.0	.
858608	 1578.2	  580.3	  328.0	.
858610	 1578.1	  579.5	  328.0	.
858612	 1578.1	  578.8	  327.0	.
858614	 1578.4	  581.2	  327.0	.
858616	 1578.5	  581.7	  327.0	.
858618	 1578.6	  581.6	  328.0	.
858620	 1580.6	  581.4	  328.0	.
858622	 1581.7	  581.4	  328.0	.
858624	 1581.7	  581.5	  329.0	.
858626	 1581.6	  581.6	  329.0	.
858628	 1581.4	  583.1	  330.0	.
858630	 1581.1	  583.0	  331.0	.
858632	 1580.6	  585.2	  330.0	.
858634	 1580.8	  584.3	  330.0	.
858636	 1580.2	  585.9	  330.0	.
858638	 1579.5	  584.7	  330.0	.
858640	 1579.2	  583.1	  330.0	.
858642	 1579.3	  583.0	  330.0	.
858644	 1579.0	  585.0	  330.0	.
858646	 1579.1	  584.4	  330.0	.
858648	 1578.8	  583.6	  330.0	.
858650	 1579.0	  584.0	  330.0	.
858652	 1578.9	  584.2	  330.0	.
858654	 1578.9	  583.9	  330.0	.
858656	 1579.0	  585.4	  330.0	.
858658	 1579.2	  586.9	  331.0	.
858660	 1580.2	  585.8	  331.0	.
858662	 1580.0	  586.0	  331.0	.
858664	 1579.5	  586.2	  332.0	.
858666	 1579.4	  585.6	  332.0	.
858668	 1579.2	  586.2	  332.0	.
858670	 1579.1	  584.0	  333.0	.
858672	 1578.8	  581.7	  333.0	.
858674	 1579.4	  583.8	  333.0	.
858676	 1579.0	  583.2	  333.0	.
858678	 1579.4	  582.5	  332.0	.
858680	 1579.7	  584.0	  332.0	.
858682	 1579.5	  585.7	  332.0	.
858684	 1579.3	  584.6	  332.0	.
858686	 1579.3	  585.9	  333.0	.
858688	 1578.9	  585.4	  333.0	.
858690	 1578.8	  585.0	  333.0	.
858692	 1578.7	  586.4	  334.0	.
858694	 1578.8	  587.9	  334.0	.
858696	 1579.0	  587.4	  334.0	.
858698	 1578.5	  588.4	  334.0	.
858700	 1578.7	  589.1	  334.0	.
858702	 1579.0	  589.1	  334.0	.
858704	 1578.1	  588.4	  334.0	.
858706	 1577.6	  587.6	  334.0	.
858708	 1577.3	  587.2	  334.0	.
858710	 1577.3	  587.5	  334.0	.
858712	 1577.2	  587.9	  335.0	.
858714	 1578.1	  587.6	  337.0	.
858716	 1577.9	  587.5	  337.0	.
858718	 1578.1	  587.2	  337.0	.
858720	 1577.8	  587.1	  337.0	.
858722	 1578.8	  585.0	  338.0	.
858724	 1578.8	  585.6	  339.0	.
858726	 1578.9	  585.6	  340.0	.
858728	 1578.1	  585.8	  340.0	.
858730	 1578.5	  586.4	  339.0	.
858732	 1578.8	  586.1	  339.0	.
858734	 1578.2	  586.5	  338.0	.
858736	 1577.9	  584.7	  338.0	.
858738	 1577.9	  585.6	  338.0	.
858740	 1577.9	  586.5	  337.0	.
858742	 1577.3	  585.8	  337.0	.
858744	 1577.3	  585.0	  337.0	.
858746	 1577.4	  582.5	  337.0	.
858748	 1577.4	  582.1	  337.0	.
858750	 1577.6	  582.4	  337.0	.
858752	 1577.8	  582.4	  337.0	.
858754	 1577.9	  582.5	  337.0	.
858756	 1577.7	  582.2	  337.0	.
858758	 1577.7	  582.9	  337.0	.
858760	 1578.1	  583.0	  338.0	.
858762	 1577.5	  583.1	  338.0	.
858764	 1577.5	  583.0	  340.0	.
858766	 1577.5	  583.0	  340.0	.
858768	 1577.5	  583.1	  340.0	.
858770	 1577.2	  583.7	  340.0	.
858772	 1577.0	  583.7	  339.0	.
858774	 1577.1	  583.7	  339.0	.
858776	 1576.6	  584.6	  339.0	.
858778	 1576.5	  585.5	  339.0	.
858780	 1576.1	  582.6	  338.0	.
EFIX L   858222	858780	560	 1583.3	  589.3	    331
SSACC L  858782
858782	 1575.9	  583.1	  337.0	.
858784	 1575.6	  583.6	  337.0	.
858786	 1571.1	  585.2	  337.0	.
858788	 1563.3	  587.0	  337.0	.
858790	 1545.5	  591.9	  337.0	.
858792	 1526.1	  593.2	  337.0	.
858794	 1492.1	  593.8	  339.0	.
858796	 1461.2	  589.9	  340.0	.
858798	 1428.3	  592.3	  341.0	.
858800	 1390.9	  597.1	  343.0	.
858802	 1356.4	  601.9	  343.0	.
858804	 1317.7	  604.4	  349.0	.
858806	 1282.1	  593.2	  353.0	.
858808	 1247.1	  595.0	  355.0	.
858810	 1214.3	  597.1	  356.0	.
858812	 1182.6	  598.8	  356.0	.
858814	 1151.2	  600.3	  355.0	.
858816	 1120.7	  602.2	  355.0	.
858818	 1097.8	  604.8	  355.0	.
858820	 1084.0	  605.7	  355.0	.
858822	 1065.0	  605.2	  355.0	.
858824	 1057.3	  602.8	  354.0	.
858826	 1046.2	  603.4	  354.0	.
858828	 1044.4	  602.5	  354.0	.
ESACC L  858782	858828	48	 1575.9	  583.1	 1046.2	  603.4	  13.12	    461
SFIX L   858830
858830	 1045.4	  601.9	  355.0	.
858832	 1046.4	  601.1	  355.0	.
858834	 1048.5	  600.0	  354.0	.
858836	 1048.6	  599.5	  354.0	.
858838	 1047.6	  599.4	  354.0	.
858840	 1046.5	  598.9	  353.0	.
858842	 1045.6	  600.5	  353.0	.
858844	 1044.5	  600.9	  353.0	.
858846	 1043.7	  600.7	  352.0	.
858848	 1043.5	  601.6	  353.0	.
858850	 1043.2	  601.8	  355.0	.
858852	 1041.6	  602.0	  354.0	.
858854	 1042.6	  602.3	  354.0	.
858856	 1043.4	  601.7	  353.0	.
858858	 1042.8	  601.5	  352.0	.
858860	 1042.3	  602.7	  351.0	.
858862	 1042.2	  602.5	  351.0	.
858864	 1042.1	  602.2	  352.0	.
858866	 1041.9	  602.4	  352.0	.
858868	 1041.7	  602.0	  353.0	.
858870	 1041.6	  602.6	  352.0	.
858872	 1041.2	  603.0	  352.0	.
858874	 1040.8	  604.4	  352.0	.
858876	 1038.9	  604.7	  353.0	.
858878	 1038.3	  604.9	  353.0	.
858880	 1037.9	  605.9	  353.0	.
858882	 1037.9	  606.3	  355.0	.
858884	 1038.0	  606.5	  355.0	.
858886	 1038.1	  607.4	  355.0	.
858888	 1038.3	  608.1	  355.0	.
858890	 1038.1	  607.7	  355.0	.
858892	 1038.4	  607.2	  356.0	.
858894	 1038.9	  606.6	  356.0	.
858896	 1038.9	  606.4	  356.0	.
858898	 1038.7	  606.3	  357.0	.
858900	 1038.6	  606.1	  356.0	.
858902	 1038.3	  606.7	  356.0	.
858904	 1038.2	  605.5	  356.0	.
858906	 1038.1	  604.6	  356.0	.
858908	 1038.6	  604.8	  356.0	.
858910	 1038.9	  605.2	  356.0	.
858912	 1038.8	  604.0	  356.0	.
858914	 1038.9	  604.8	  356.0	.
858916	 1038.8	  604.1	  356.0	.
858918	 1038.7	  603.6	  357.0	.
858920	 1039.4	  601.4	  358.0	.
858922	 1040.1	  601.0	  360.0	.
858924	 1039.3	  600.7	  360.0	.
858926	 1039.3	  600.6	  360.0	.
858928	 1038.7	  600.8	  360.0	.
858930	 1038.2	  600.8	  360.0	.
858932	 1038.1	  600.9	  361.0	.
858934	 1037.9	  601.2	  361.0	.
858936	 1036.2	  601.3	  361.0	.
858938	 1035.8	  601.4	  361.0	.
858940	 1035.4	  602.2	  361.0	.
858942	 1033.7	  603.1	  361.0	.
858944	 1033.6	  603.5	  361.0	.
858946	 1033.5	  605.1	  361.0	.
858948	 1033.2	  605.0	  361.0	.
858950	 1033.1	  605.1	  362.0	.
858952	 1032.6	  607.6	  362.0	.
858954	 1032.6	  607.5	  362.0	.
858956	 1032.6	  607.2	  361.0	.
858958	 1032.3	  607.6	  361.0	.
858960	 1032.0	  607.0	  361.0	.
858962	 1031.8	  607.0	  361.0	.
858964	 1031.7	  606.8	  361.0	.
858966	 1031.4	  606.9	  361.0	.
858968	 1031.1	  606.8	  363.0	.
858970	 1030.6	  606.9	  363.0	.
858972	 1030.2	  606.2	  363.0	.
858974	 1030.6	  606.9	  363.0	.
858976	 1030.7	  606.5	  363.0	.
858978	 1030.7	  606.4	  363.0	.
858980	 1030.8	  606.2	  363.0	.
858982	 1030.5	  605.7	  361.0	.
MSG	858984 TRIAL 11 END
